Scattering angle    Mean_CR * sin(angle) / Laser Intensity (kHz/mW)    g2(t=0)-1    CR CHA (kHz)    CR CHB (kHz)    Temperature (K)    Laser intensity (mW)    Diameter (nm)    PDI (-)
15.994277	1.384422	1.703126	139.254111	127.395630	293.170000	26.509379	1151.039041	1.394444
15.994277	0.496326	1.165649	49.729295	45.850858	293.180000	26.509379	539.989113	1.562901
15.994277	2.213800	1.439096	222.784325	203.618650	293.170000	26.509379	946.546373	1.979429
15.994277	1.112707	0.741508	111.783164	102.520534	293.170000	26.509379	672.215247	1.918741
20.012636	0.492529	1.237182	126.149542	115.852703	293.130000	84.000000	430.695679	1.591272
20.012636	0.946312	0.979390	242.707963	222.286779	293.140000	84.000000	938.062584	1.037923
20.012636	1.507289	0.947691	386.751487	353.908053	293.150000	84.000000	832.046864	1.833673
20.012636	0.453231	0.748581	116.048336	106.642110	293.160000	84.000000	379.822063	1.388989
24.015174	1.882026	0.982068	405.981723	371.672197	293.160000	84.000000	5761.540974	2.225966
24.015174	1.005265	2.130062	216.962337	198.423045	293.160000	84.000000	2289.199471	1.275416
24.015174	0.380168	1.443538	81.785679	75.281620	293.150000	84.000000	595.658297	1.160609
24.015174	0.913895	1.527679	197.126839	180.493996	293.140000	84.000000	8395.034543	1.068149
28.001893	0.513053	0.991807	95.803465	87.948663	293.160000	84.000000	503.397126	1.258032
28.001893	1.859438	0.979619	347.664850	318.338082	293.160000	84.000000	36506.965002	4.695401
28.001893	0.373557	0.797137	69.715881	64.071863	293.160000	84.000000	271.024066	0.534321
28.001893	1.465741	2.071644	273.894628	251.082950	293.150000	84.000000	5303.066860	0.936328
32.004432	0.128479	0.620974	21.071763	19.678497	293.140000	84.000000	250.808059	NaN
32.004432	0.345543	0.697115	57.035378	52.588599	293.140000	84.000000	286.775034	0.716124
32.004432	0.182647	0.726684	30.005923	27.928716	293.150000	84.000000	303.443821	0.750843
32.004432	1.831000	5.030527	303.374467	277.606258	293.150000	84.000000	5001.949379	2.033637
35.991150	0.244955	1.027409	36.357880	33.719540	293.160000	84.000000	361.849396	0.830432
35.991150	0.314629	0.988038	46.836714	43.183483	293.150000	84.000000	1123.544766	0.990834
35.991150	2.171883	2.020902	324.467553	297.034793	293.150000	84.000000	8618.833370	2.265867
35.991150	1.000479	1.501357	149.303913	136.978013	293.150000	84.000000	1686.009043	1.549425
39.977868	0.419385	0.819603	57.027067	52.719184	293.150000	84.000000	375.553093	1.566294
39.977868	0.360220	0.711051	49.091551	45.180709	293.150000	84.000000	298.505674	0.563966
39.977868	0.354776	0.760529	48.254880	44.585211	293.150000	84.000000	358.817778	0.558071
39.977868	0.224532	1.634312	30.481234	28.271415	293.150000	84.000000	3574.562970	0.789653
43.996227	0.091174	0.770288	11.322438	10.736916	293.150000	84.000000	0.015167	NaN
43.996227	0.160237	1.250021	20.056861	18.721444	293.150000	84.000000	571.489688	1.257081
43.996227	0.626192	3.302107	79.028320	72.561784	293.150000	84.000000	1576.357002	1.694357
43.996227	0.238433	1.037609	29.959474	27.750628	293.150000	84.000000	541.408256	1.366249
48.014586	0.139655	0.610040	16.283902	15.295618	293.160000	84.000000	237.497816	NaN
48.014586	0.628589	1.022180	74.157856	68.043956	293.150000	84.000000	2592.320291	1.597444
48.014586	0.147110	0.568818	17.218711	16.050859	293.150000	84.000000	193.585982	NaN
48.014586	0.355200	0.744330	41.777202	38.567202	293.150000	84.000000	310.921261	0.766936
52.001305	4873.281177	16.881001	26.822314	24.689301	293.150000	0.004161	67373.043655	2.813221
52.001305	35.122105	0.000000	0.146901	0.234153	293.150000	0.004161	NaN	NaN
52.001305	35.192515	0.000000	0.144686	0.238691	293.150000	0.004161	NaN	NaN
52.001305	35.519863	0.000000	0.148357	0.237135	293.150000	0.004161	NaN	NaN
56.003844	0.116679	0.729701	12.175015	11.478628	293.150000	84.000000	0.015410	3.021919
56.003844	0.183868	0.638624	19.300079	17.981512	293.150000	84.000000	885.956142	0.706032
56.003844	0.167638	1.102805	17.565387	16.423225	293.140000	84.000000	573.141226	1.215859
56.003844	0.456261	4.954271	48.192342	44.342394	293.150000	84.000000	2508.569559	1.199140
60.006382	0.094195	0.496066	9.367093	8.910301	293.150000	84.000000	0.033464	NaN
60.006382	0.117283	0.516403	11.716739	11.043410	293.150000	84.000000	207.630998	NaN
60.006382	0.106286	0.000000	10.614042	10.011885	293.150000	84.000000	NaN	NaN
60.006382	0.130321	0.748054	13.043005	12.248785	293.150000	84.000000	208.181089	1.409635
65.005601	0.154201	0.750533	14.769190	13.828832	293.140000	84.000000	0.182861	NaN
65.005601	0.084826	0.000000	8.032458	7.694449	293.140000	84.000000	NaN	NaN
65.005601	0.129686	0.629845	12.464558	11.589813	293.150000	84.000000	332.906583	NaN
65.005601	0.160492	0.576039	15.390192	14.375687	293.150000	84.000000	229.209748	1.029628
70.004819	0.115993	0.000000	10.652883	10.091509	293.160000	84.000000	NaN	NaN
70.004819	0.130800	0.746020	12.063529	11.331870	293.150000	84.000000	812.728143	0.814898
70.004819	0.189477	0.784997	17.558635	16.337447	293.150000	84.000000	419.684919	1.423914
70.004819	0.114617	0.556675	10.574681	9.926319	293.140000	84.000000	0.354653	NaN
74.988217	0.092192	0.395586	8.211613	7.828440	293.150000	84.000000	-0.021767	NaN
74.988217	0.092137	0.000000	8.214880	7.816032	293.150000	84.000000	NaN	NaN
74.988217	0.143298	0.000000	12.821960	12.112843	293.150000	84.000000	NaN	NaN
74.988217	0.217838	13.446074	19.671978	18.244726	293.150000	84.000000	3673.243190	1.791944
80.003256	0.117108	0.000000	10.268541	9.716589	293.150000	84.000000	NaN	NaN
80.003256	0.101855	0.543814	8.909052	8.471888	293.150000	84.000000	2096322.444820	NaN
80.003256	0.092373	0.245167	8.085728	7.677487	293.150000	84.000000	-0.014513	NaN
80.003256	0.095463	0.710715	8.359432	7.931301	293.150000	84.000000	0.081622	NaN
84.986654	0.075135	0.000000	6.455558	6.217752	293.140000	84.000000	NaN	NaN
84.986654	0.068054	0.000000	5.844525	5.634308	293.150000	84.000000	NaN	NaN
84.986654	0.094584	0.491718	8.170196	7.785525	293.160000	84.000000	0.146063	NaN
84.986654	0.074192	0.000000	6.382543	6.132091	293.160000	84.000000	NaN	NaN
89.985872	0.091132	0.212938	7.821378	7.492274	293.140000	84.000000	-0.019333	NaN
89.985872	0.082551	0.000000	7.082803	6.788935	293.140000	84.000000	NaN	NaN
89.985872	0.079818	0.000000	6.855556	6.557124	293.150000	84.000000	NaN	NaN
89.985872	0.075987	0.000000	6.502999	6.265004	293.150000	84.000000	NaN	NaN
