3/3/2026	12:34 PM
Pseudo Cross Correlation
Scattering angle:	20.01
Duration (s):	15
Wavelength (nm):	660.0
Refractive index:	1.330
Viscosity (mPas):	0.999
Temperature (K):	293.1
Laser intensity (mW):	84.000000
Average Count rate  A (kHz):	126.1
Average Count rate  B (kHz):	115.9
Intercept:	1.2372
Cumulant 1st	287.5229
Cumulant 2nd	237.1268	210.5140
Cumulant 3rd	215.3478	271.6519

Lag time (s)         g2-1
1.25E-08	1.24076
2.5E-08	1.23316
3.75E-08	1.22747
5E-08	1.21874
6.25E-08	1.20279
7.5E-08	1.23127
8.75E-08	1.23468
1E-07	1.24797
1.125E-07	1.22823
1.25E-07	1.20127
1.375E-07	1.21988
1.5E-07	1.21912
1.625E-07	1.26771
1.75E-07	1.24493
1.875E-07	1.24303
2E-07	1.2343
2.125E-07	1.2455
2.375E-07	1.22728
2.625E-07	1.24341
2.875E-07	1.25006
3.125E-07	1.26638
3.375E-07	1.26126
3.625E-07	1.27777
3.875E-07	1.22519
4.125E-07	1.20697
4.625E-07	1.26933
5.125E-07	1.20668
5.625E-07	1.24579
6.125E-07	1.21807
6.625E-07	1.25224
7.125E-07	1.23962
7.625E-07	1.24114
8.125E-07	1.23359
9.125E-07	1.23535
1.0125E-06	1.23573
1.1125E-06	1.2334
1.2125E-06	1.22647
1.3125E-06	1.21916
1.4125E-06	1.24375
1.5125E-06	1.2596
1.6125E-06	1.25148
1.8125E-06	1.23855
2.0125E-06	1.24303
2.2125E-06	1.23789
2.4125E-06	1.23136
2.6125E-06	1.23618
2.8125E-06	1.23511
3.0125E-06	1.23134
3.2125E-06	1.23384
3.6125E-06	1.23725
4.0125E-06	1.24205
4.4125E-06	1.22722
4.8125E-06	1.24057
5.2125E-06	1.23333
5.6125E-06	1.24595
6.0125E-06	1.23286
6.4125E-06	1.2331
7.2125E-06	1.2446
8.0125E-06	1.24101
8.8125E-06	1.23432
9.6125E-06	1.2421
1.04125E-05	1.2366
1.12125E-05	1.23286
1.20125E-05	1.24294
1.28125E-05	1.23987
1.44125E-05	1.23173
1.60125E-05	1.23501
1.76125E-05	1.2375
1.92125E-05	1.23778
2.08125E-05	1.23758
2.24125E-05	1.23552
2.40125E-05	1.23992
2.56125E-05	1.23809
2.88125E-05	1.23856
3.20125E-05	1.23415
3.52125E-05	1.23756
3.84125E-05	1.2376
4.16125E-05	1.23876
4.48125E-05	1.23777
4.80125E-05	1.2371
5.12125E-05	1.23651
5.76125E-05	1.23483
6.40125E-05	1.236
7.04125E-05	1.23206
7.68125E-05	1.23288
8.32125E-05	1.23323
8.96125E-05	1.23369
9.60125E-05	1.23117
0.000102413	1.23156
0.000115213	1.23238
0.000128013	1.23174
0.000140813	1.23067
0.000153613	1.22865
0.000166413	1.22943
0.000179213	1.22798
0.000192013	1.22736
0.000204813	1.22723
0.000230413	1.22626
0.000256013	1.2257
0.000281613	1.22382
0.000307213	1.22326
0.000332813	1.22077
0.000358413	1.21957
0.000384013	1.21945
0.000409613	1.21739
0.000460813	1.21474
0.000512013	1.21238
0.000563213	1.21023
0.000614413	1.20788
0.000665613	1.20546
0.000716813	1.20271
0.000768013	1.20118
0.000819213	1.19857
0.000921613	1.19351
0.00102401	1.18887
0.00112641	1.18442
0.00122881	1.18014
0.00133121	1.17526
0.00143361	1.17119
0.00153601	1.16678
0.00163841	1.16236
0.00184321	1.15421
0.00204801	1.14531
0.00225281	1.13758
0.00245761	1.12902
0.00266241	1.12156
0.00286721	1.11345
0.00307201	1.10572
0.00327681	1.09736
0.00368641	1.08109
0.00409601	1.06667
0.00450561	1.05123
0.00491521	1.03718
0.00532481	1.0228
0.00573441	1.0093
0.00614401	0.996184
0.00655361	0.982918
0.00737281	0.956684
0.00819201	0.933679
0.00901121	0.912243
0.00983041	0.89081
0.0106496	0.869903
0.0114688	0.849257
0.012288	0.830573
0.0131072	0.812783
0.0147456	0.778964
0.016384	0.747164
0.0180224	0.71982
0.0196608	0.694925
0.0212992	0.670049
0.0229376	0.647198
0.024576	0.624137
0.0262144	0.598919
0.0294912	0.553009
0.032768	0.514422
0.0360448	0.481337
0.0393216	0.447871
0.0425984	0.415514
0.0458752	0.386452
0.049152	0.36469
0.0524288	0.347774
0.0589824	0.313335
0.065536	0.277564
0.0720896	0.258495
0.0786432	0.240218
0.0851968	0.222676
0.0917504	0.211755
0.098304	0.19789
0.104858	0.172732
0.117965	0.139702
0.131072	0.141711
0.144179	0.15543
0.157286	0.16495
0.170394	0.186653
0.183501	0.207323
0.196608	0.182389
0.209715	0.184881
0.23593	0.24586
0.262144	0.272528
0.288358	0.274788
0.314573	0.288946
0.340787	0.283733
0.367002	0.252813
0.393216	0.228374
0.41943	0.250935
0.471859	0.248051
0.524288	0.24655
0.576717	0.236879
0.629146	0.241425
0.681574	0.267041
0.734003	0.274048
0.786432	0.285597
0.838861	0.225749
0.943718	0.207608
1.04858	0.284796
1.15343	0.300129
1.25829	0.257346
1.36315	0.268565
1.46801	0.342595
1.57286	0.250348
1.67772	0.303496
1.88744	0.268264
2.09715	0.321587
2.30687	0.284263
2.51658	0.28752
2.7263	0.380682
2.93601	0.321161
3.14573	0.329464
3.35544	0.354095
3.77487	0.291866
4.1943	0.365275
4.61373	0.37346
5.03316	0.378865
5.4526	0.425329
5.87203	0.384784
6.29146	0.465447
6.71089	0.471341
7.54975	0.475246
8.38861	0.530541
9.22747	0.557323
10.0663	0.584129
10.9052	0.521685
11.7441	0.632953
12.5829	0.556456

Count Rate History (KHz)  CR CHA / CR CHB
0.000000	53.806305	49.190521
0.052429	30.956268	28.190613
0.104858	63.037872	57.582855
0.157286	52.337646	48.770905
0.209715	42.972565	40.321350
0.262144	38.032532	35.629272
0.314573	37.498474	35.037994
0.367002	115.070343	107.460022
0.419430	26.836395	24.185181
0.471859	40.569305	35.171509
0.524288	48.046112	43.506622
0.576717	38.700104	35.057068
0.629146	53.215027	50.106049
0.681574	69.923401	64.201355
0.734003	114.727020	106.716156
0.786432	63.209534	58.975220
0.838861	57.773590	52.776337
0.891290	24.089813	20.904541
0.943718	29.315948	30.269623
0.996147	41.980743	39.405823
1.048576	49.896240	47.225952
1.101005	96.454620	90.770721
1.153434	54.092407	51.956177
1.205862	80.509186	71.353912
1.258291	39.005280	39.405823
1.310720	18.234253	18.692017
1.363149	94.375610	88.615417
1.415578	107.784271	99.830627
1.468006	45.871735	41.847229
1.520435	37.956238	35.114288
1.572864	37.479401	35.018921
1.625293	24.929047	23.040771
1.677722	55.255890	51.670074
1.730150	41.790009	39.043427
1.782579	37.517548	36.334991
1.835008	42.457581	38.795471
1.887437	98.133087	89.473724
1.939866	31.509399	28.553009
1.992294	39.978027	37.593842
2.044723	28.896332	26.607513
2.097152	28.228760	25.691986
2.149581	40.702820	38.089752
2.202010	40.054321	38.108826
2.254438	33.073425	32.024384
2.306867	20.027161	19.836426
2.359296	41.656494	37.059784
2.411725	203.475952	190.505981
2.464154	122.127533	109.729767
2.516582	81.577301	75.626373
2.569011	38.280487	37.555695
2.621440	48.217773	44.498444
2.673869	82.263947	73.089600
2.726298	59.452057	56.591034
2.778726	99.601746	92.067719
2.831155	49.724579	44.994354
2.883584	65.555573	60.348511
2.936013	92.582703	85.411072
2.988442	22.525787	20.637512
3.040870	80.299377	71.353912
3.093299	95.672607	85.983276
3.145728	225.563049	206.184387
3.198157	64.315796	61.302185
3.250586	46.157837	42.076111
3.303014	84.609985	79.154968
3.355443	93.536377	86.269379
3.407872	57.144165	51.136017
3.460301	124.206543	115.566254
3.512730	61.645508	58.383942
3.565158	35.724640	33.931732
3.617587	52.223206	48.637390
3.670016	99.258423	92.067719
3.722445	60.443878	56.915283
3.774874	45.681000	41.007996
3.827302	73.909760	70.209503
3.879731	31.681061	29.067993
3.932160	91.457367	85.716248
3.984589	98.571777	90.827942
4.037018	68.435669	62.274933
4.089446	30.288696	28.362274
4.141875	34.389496	31.108856
4.194304	28.762817	27.503967
4.246733	30.345917	27.332306
4.299162	41.656494	39.043427
4.351590	84.075928	77.571869
4.404019	40.702820	36.792755
4.456448	31.547546	31.261444
4.508877	22.716522	20.580292
4.561306	33.473969	31.318665
4.613734	80.204010	73.261261
4.666163	87.165833	78.907013
4.718592	98.285675	88.214874
4.771021	20.103455	20.046234
4.823450	69.961548	66.127777
4.875878	51.479340	46.882629
4.928307	53.730011	48.408508
4.980736	95.977783	88.214874
5.033165	28.667450	29.087067
5.085594	33.817291	31.414032
5.138022	31.547546	30.174255
5.190451	66.471100	59.204102
5.242880	60.482025	55.103302
5.295309	22.792816	21.839142
5.347738	67.653656	61.149597
5.400166	23.612976	21.514893
5.452595	50.582886	47.302246
5.505024	64.125061	58.555603
5.557453	30.975342	27.084351
5.609882	60.844421	56.247711
5.662310	45.986176	43.811798
5.714739	52.452087	50.067902
5.767168	108.337402	99.258423
5.819597	92.620850	85.735321
5.872026	136.604309	124.206543
5.924454	41.027069	38.604736
5.976883	40.721893	38.433075
6.029312	70.991516	63.381195
6.081741	225.868225	209.598541
6.134170	100.669861	93.173981
6.186598	53.195953	49.057007
6.239027	110.206604	100.479126
6.291456	78.411102	72.956085
6.343885	63.838959	59.318542
6.396314	32.958984	29.182434
6.448742	54.702759	50.735474
6.501171	77.075958	67.768097
6.553600	53.043365	49.800873
6.606029	53.806305	49.400330
6.658458	33.054352	28.629303
6.710886	74.596405	66.719055
6.763315	84.877014	78.144073
6.815744	100.765228	93.517303
6.868173	168.476105	154.438019
6.920602	161.361694	147.800446
6.973030	87.165833	77.915192
7.025459	60.501099	56.514740
7.077888	111.389160	98.972321
7.130317	40.035248	36.926270
7.182746	195.102692	181.045532
7.235174	143.146515	135.974884
7.287603	202.560425	186.347961
7.340032	221.557617	204.620361
7.392461	438.728333	404.014587
7.444890	343.914032	315.608978
7.497318	254.611969	239.162445
7.549747	62.713623	58.593750
7.602176	102.787018	95.062256
7.654605	123.596191	117.187500
7.707034	49.514771	46.958923
7.759462	111.026764	104.370117
7.811891	105.533600	100.002289
7.864320	136.547089	125.350952
7.916749	85.582733	84.609985
7.969178	291.576385	274.887085
8.021606	246.257782	221.138000
8.074035	71.334839	66.490173
8.126464	126.247406	119.457245
8.178893	102.500916	93.383789
8.231322	138.664246	130.462646
8.283750	48.923492	45.146942
8.336179	81.768036	72.593689
8.388608	349.826813	312.976837
8.441037	270.557404	252.342224
8.493466	61.016083	53.405762
8.545894	124.206543	114.498138
8.598323	145.950317	132.236481
8.650752	146.350861	134.601593
8.703181	188.541412	173.721313
8.755610	212.364197	202.007294
8.808038	155.258179	139.141083
8.860467	207.195282	186.138153
8.912896	249.748230	230.178833
8.965325	261.459351	236.358643
9.017754	162.963867	149.707794
9.070182	133.934021	122.146606
9.122611	223.464966	200.614929
9.175040	169.487000	157.260895
9.227469	102.043152	93.536377
9.279898	31.547546	29.487610
9.332326	70.457458	64.907074
9.384755	256.061554	240.097046
9.437184	133.438110	125.389099
9.489613	158.786774	142.116547
9.542042	384.159088	350.990295
9.594470	166.015625	151.271820
9.646899	193.595886	175.571442
9.699328	207.424164	184.249878
9.751757	114.097595	104.293823
9.804186	131.607056	121.574402
9.856614	110.569000	97.923279
9.909043	285.606384	265.674591
9.961472	296.573639	272.712708
10.013901	105.628967	95.558167
10.066330	130.176544	119.380951
10.118758	167.770386	156.269073
10.171187	423.698425	383.358002
10.223616	715.179443	651.473999
10.276045	188.541412	171.813965
10.328474	138.473511	126.705170
10.380902	446.815491	412.826538
10.433331	75.206757	70.590973
10.485760	77.819824	72.288513
10.538189	171.413422	158.576965
10.590618	216.407776	194.759369
10.643046	249.137878	231.647491
10.695475	194.644928	176.086426
10.747904	116.615295	105.819702
10.800333	217.399597	201.835632
10.852762	107.192993	97.446442
10.905190	101.833344	90.770721
10.957619	81.825256	74.729919
11.010048	70.724487	68.130493
11.062477	75.473785	70.438385
11.114906	67.768097	63.743591
11.167334	248.241425	230.712891
11.219763	42.858124	37.117004
11.272192	52.585602	48.427582
11.324621	180.625916	166.606903
11.377050	339.717865	310.249329
11.429478	372.352600	344.524384
11.481907	57.888031	52.261353
11.534336	53.329468	52.623749
11.586765	147.552490	136.699677
11.639194	228.862762	205.478668
11.691622	296.344757	272.979736
11.744051	119.209290	106.086731
11.796480	197.715759	183.486938
11.848909	313.148499	281.162262
11.901338	398.826599	366.077423
11.953766	215.892792	198.154449
12.006195	119.342804	113.487244
12.058624	136.356354	124.740601
12.111053	189.113617	175.132751
12.163482	247.135162	222.740173
12.215910	509.910583	460.376740
12.268339	266.952515	243.434906
12.320768	76.313019	69.808960
12.373197	66.680908	61.664581
12.425626	32.024384	30.231476
12.478054	149.497986	140.438080
12.530483	587.387085	528.812408
12.582912	241.489410	223.445892
12.635341	150.394440	135.383606
12.687770	139.656067	127.296448
12.740198	311.908722	282.363892
12.792627	400.218964	360.832214
12.845056	364.723206	331.058502
12.897485	289.783478	265.197754
12.949914	57.086945	50.525665
13.002342	122.318268	111.713409
13.054771	140.151978	131.702423
13.107200	45.013428	43.029785
13.159629	105.342865	94.470978
13.212058	280.857086	256.557465
13.264486	283.794403	255.470276
13.316915	164.451599	151.805878
13.369344	142.669678	128.860474
13.421773	46.977997	43.010712
13.474202	151.805878	141.754150
13.526630	539.684296	490.055084
13.579059	341.987610	315.132141
13.631488	448.532104	413.951874
13.683917	168.743134	157.527924
13.736346	29.602051	27.122498
13.788774	226.993561	204.296112
13.841203	73.184967	72.631836
13.893632	60.405731	56.934357
13.946061	193.271637	174.217224
13.998490	361.099243	332.317352
14.050918	183.887482	168.094635
14.103347	137.519836	125.427246
14.155776	55.675507	50.220490
14.208205	27.618408	27.866364
14.260634	54.988861	51.193237
14.313062	124.244690	115.242004
14.365491	295.848846	266.914368
