3/3/2026	12:36 PM
Pseudo Cross Correlation
Scattering angle:	24.02
Duration (s):	15
Wavelength (nm):	660.0
Refractive index:	1.330
Viscosity (mPas):	1.002
Temperature (K):	293.2
Laser intensity (mW):	84.000000
Average Count rate  A (kHz):	406.0
Average Count rate  B (kHz):	371.7
Intercept:	0.9821
Cumulant 1st	8204.2477
Cumulant 2nd	4738.7637	5228.3822
Cumulant 3rd	2880.7705	4298.0146

Lag time (s)         g2-1
1.25E-08	1.00711
2.5E-08	0.994235
3.75E-08	0.986918
5E-08	0.986844
6.25E-08	0.992581
7.5E-08	1.0085
8.75E-08	1.00409
1E-07	0.99589
1.125E-07	0.993941
1.25E-07	0.992948
1.375E-07	0.987359
1.5E-07	1.00516
1.625E-07	0.998575
1.75E-07	0.984748
1.875E-07	0.99008
2E-07	0.99703
2.125E-07	0.999531
2.375E-07	0.998317
2.625E-07	1.00573
2.875E-07	0.998152
3.125E-07	0.991845
3.375E-07	0.995283
3.625E-07	1.00727
3.875E-07	1.00095
4.125E-07	1.00279
4.625E-07	0.997793
5.125E-07	1.00084
5.625E-07	0.99794
6.125E-07	0.997545
6.625E-07	0.99384
7.125E-07	1.00035
7.625E-07	1.00187
8.125E-07	0.997517
9.125E-07	0.998377
1.0125E-06	1.00331
1.1125E-06	1.00166
1.2125E-06	0.99857
1.3125E-06	0.996653
1.4125E-06	0.996083
1.5125E-06	0.999549
1.6125E-06	0.994399
1.8125E-06	0.996461
2.0125E-06	1.00013
2.2125E-06	0.999672
2.4125E-06	0.999393
2.6125E-06	0.999203
2.8125E-06	0.995859
3.0125E-06	0.996403
3.2125E-06	0.995337
3.6125E-06	0.995501
4.0125E-06	0.996071
4.4125E-06	0.998732
4.8125E-06	0.998084
5.2125E-06	0.99816
5.6125E-06	0.995933
6.0125E-06	0.996368
6.4125E-06	0.994456
7.2125E-06	0.997719
8.0125E-06	0.996386
8.8125E-06	0.998133
9.6125E-06	0.996787
1.04125E-05	0.995816
1.12125E-05	0.996254
1.20125E-05	0.996512
1.28125E-05	0.998417
1.44125E-05	0.997111
1.60125E-05	0.996542
1.76125E-05	0.996479
1.92125E-05	0.995368
2.08125E-05	0.995886
2.24125E-05	0.997402
2.40125E-05	0.997175
2.56125E-05	0.99749
2.88125E-05	0.996698
3.20125E-05	0.996432
3.52125E-05	0.995911
3.84125E-05	0.994836
4.16125E-05	0.996979
4.48125E-05	0.99695
4.80125E-05	0.995828
5.12125E-05	0.996815
5.76125E-05	0.996361
6.40125E-05	0.995321
7.04125E-05	0.995686
7.68125E-05	0.995725
8.32125E-05	0.995379
8.96125E-05	0.995256
9.60125E-05	0.995324
0.000102413	0.995648
0.000115213	0.995111
0.000128013	0.995123
0.000140813	0.994772
0.000153613	0.994597
0.000166413	0.993919
0.000179213	0.993923
0.000192013	0.994157
0.000204813	0.993568
0.000230413	0.993429
0.000256013	0.992964
0.000281613	0.992265
0.000307213	0.99168
0.000332813	0.991454
0.000358413	0.991335
0.000384013	0.990535
0.000409613	0.990402
0.000460813	0.989508
0.000512013	0.988617
0.000563213	0.987838
0.000614413	0.987009
0.000665613	0.986256
0.000716813	0.985568
0.000768013	0.984732
0.000819213	0.983902
0.000921613	0.982366
0.00102401	0.980828
0.00112641	0.979229
0.00122881	0.977929
0.00133121	0.976476
0.00143361	0.975017
0.00153601	0.973528
0.00163841	0.972215
0.00184321	0.969455
0.00204801	0.966789
0.00225281	0.963964
0.00245761	0.961501
0.00266241	0.95894
0.00286721	0.956505
0.00307201	0.95401
0.00327681	0.951483
0.00368641	0.946832
0.00409601	0.942472
0.00450561	0.937958
0.00491521	0.933572
0.00532481	0.929425
0.00573441	0.925658
0.00614401	0.921824
0.00655361	0.917969
0.00737281	0.910641
0.00819201	0.903716
0.00901121	0.896719
0.00983041	0.890122
0.0106496	0.883531
0.0114688	0.877241
0.012288	0.871196
0.0131072	0.865201
0.0147456	0.853819
0.016384	0.844269
0.0180224	0.8362
0.0196608	0.828919
0.0212992	0.822735
0.0229376	0.816748
0.024576	0.811612
0.0262144	0.807069
0.0294912	0.798197
0.032768	0.788876
0.0360448	0.780763
0.0393216	0.774467
0.0425984	0.768682
0.0458752	0.761879
0.049152	0.756742
0.0524288	0.752714
0.0589824	0.74593
0.065536	0.741871
0.0720896	0.737869
0.0786432	0.734798
0.0851968	0.731335
0.0917504	0.727597
0.098304	0.72433
0.104858	0.718837
0.117965	0.702002
0.131072	0.686487
0.144179	0.678006
0.157286	0.674903
0.170394	0.666554
0.183501	0.664134
0.196608	0.657471
0.209715	0.648478
0.23593	0.630506
0.262144	0.619805
0.288358	0.610494
0.314573	0.588522
0.340787	0.558702
0.367002	0.552779
0.393216	0.570008
0.41943	0.57828
0.471859	0.564529
0.524288	0.539166
0.576717	0.505778
0.629146	0.487246
0.681574	0.47822
0.734003	0.471374
0.786432	0.431929
0.838861	0.412556
0.943718	0.350855
1.04858	0.281783
1.15343	0.228113
1.25829	0.195154
1.36315	0.161525
1.46801	0.133451
1.57286	0.0866054
1.67772	0.0299178
1.88744	-0.0364142
2.09715	-0.105539
2.30687	-0.165659
2.51658	-0.213908
2.7263	-0.293135
2.93601	-0.324208
3.14573	-0.339503
3.35544	-0.349715
3.77487	-0.366069
4.1943	-0.379538
4.61373	-0.346134
5.03316	-0.395384
5.4526	-0.381579
5.87203	-0.386078
6.29146	-0.379679
6.71089	-0.396176
7.54975	-0.413427
8.38861	-0.452684
9.22747	-0.547615
10.0663	-0.620558
10.9052	-0.594673
11.7441	-0.590864
12.5829	-0.548724

Count Rate History (KHz)  CR CHA / CR CHB
0.000000	1138.362885	1037.673950
0.052429	1105.575562	1007.728577
0.104858	1668.033600	1523.494720
0.157286	1342.296600	1221.599579
0.209715	1356.430054	1247.615814
0.262144	1265.296936	1162.567139
0.314573	1425.018311	1294.822693
0.367002	1162.147522	1062.793732
0.419430	1299.362183	1186.256409
0.471859	1126.823425	1032.772064
0.524288	1541.538239	1402.015686
0.576717	1205.921173	1100.616455
0.629146	1161.403656	1065.349579
0.681574	1255.187988	1149.463654
0.734003	1179.752350	1086.235046
0.786432	1047.496796	965.499878
0.838861	1757.888794	1619.567871
0.891290	1604.061127	1476.230621
0.943718	1733.798981	1593.513489
0.996147	1445.426941	1333.560944
1.048576	1416.149139	1278.877258
1.101005	1460.227966	1330.795288
1.153434	997.066498	911.064148
1.205862	651.473999	592.651367
1.258291	776.214600	706.100464
1.310720	899.505615	826.053619
1.363149	1152.400970	1060.161591
1.415578	1035.099030	948.772430
1.468006	1059.093475	968.513489
1.520435	1216.392517	1103.610992
1.572864	1583.442688	1438.083649
1.625293	803.794861	742.492676
1.677722	856.170654	776.462555
1.730150	797.824860	732.669830
1.782579	909.652710	842.418671
1.835008	1114.101410	1012.401581
1.887437	876.731873	800.704956
1.939866	679.092407	621.109009
1.992294	1048.145294	967.559814
2.044723	858.936310	788.402557
2.097152	942.077637	854.854584
2.149581	575.122833	519.199371
2.202010	702.552795	643.005371
2.254438	846.157074	771.465302
2.306867	968.589783	885.543823
2.359296	709.133148	654.716492
2.411725	316.429138	291.595459
2.464154	732.231140	658.874512
2.516582	883.560181	812.263489
2.569011	960.903168	876.617432
2.621440	776.157379	706.977844
2.673869	750.637054	692.138672
2.726298	599.174500	549.449921
2.778726	839.958191	765.743256
2.831155	662.021637	603.542328
2.883584	338.687897	319.232941
2.936013	543.956757	497.417450
2.988442	288.848877	259.017944
3.040870	464.859009	426.464081
3.093299	444.278717	401.515961
3.145728	256.099701	234.107971
3.198157	241.622925	223.674774
3.250586	190.315247	173.339844
3.303014	330.410004	302.448273
3.355443	564.365387	516.529083
3.407872	529.670715	482.769012
3.460301	229.206085	210.342407
3.512730	320.949554	298.900604
3.565158	328.845978	301.837921
3.617587	485.877991	442.962646
3.670016	289.363861	259.971619
3.722445	271.835327	254.764557
3.774874	388.813019	352.764130
3.827302	295.925140	274.314880
3.879731	432.109833	397.472382
3.932160	209.541321	192.642212
3.984589	231.990814	210.342407
4.037018	427.894592	395.259857
4.089446	288.105011	260.562897
4.141875	230.560303	211.391449
4.194304	279.941559	255.584717
4.246733	52.547455	49.858093
4.299162	117.664337	112.285614
4.351590	76.122284	71.048737
4.404019	47.225952	43.964386
4.456448	139.122009	126.628876
4.508877	200.290680	187.568665
4.561306	267.391205	251.522064
4.613734	415.306091	384.540558
4.666163	403.022766	366.058350
4.718592	277.862549	256.290436
4.771021	390.129089	356.845856
4.823450	327.644348	305.194855
4.875878	385.303497	352.210999
4.928307	612.697601	557.823181
4.980736	536.136627	486.259460
5.033165	468.921661	426.139832
5.085594	548.095703	505.352020
5.138022	275.802612	257.892609
5.190451	104.770660	94.299316
5.242880	111.637115	106.754303
5.295309	268.039703	242.595673
5.347738	194.225311	178.241730
5.400166	175.209045	161.972046
5.452595	114.841461	106.086731
5.505024	105.953217	97.141266
5.557453	275.821686	250.549316
5.609882	300.121307	281.715393
5.662310	345.268250	311.698914
5.714739	587.329865	539.588928
5.767168	470.256805	425.662994
5.819597	162.734985	149.631500
5.872026	131.969452	119.018555
5.924454	104.293823	96.130371
5.976883	370.883942	331.249237
6.029312	92.353821	84.571838
6.081741	419.387817	383.815765
6.134170	387.172699	353.031158
6.186598	157.680511	148.124695
6.239027	171.604156	159.435272
6.291456	245.418549	225.887299
6.343885	64.220428	59.642792
6.396314	225.028992	203.189850
6.448742	252.532959	232.601166
6.501171	453.948975	421.772003
6.553600	617.160797	568.351746
6.606029	373.554230	338.993073
6.658458	382.976532	348.548889
6.710886	296.974182	271.301270
6.763315	281.982422	261.077881
6.815744	367.336273	333.747864
6.868173	202.522278	186.386108
6.920602	293.369293	263.099670
6.973030	434.894562	403.423309
7.025459	461.292267	422.096252
7.077888	356.006622	327.072144
7.130317	386.486053	355.815887
7.182746	217.685699	198.898315
7.235174	182.762146	163.154602
7.287603	206.108093	183.734894
7.340032	188.121796	168.724060
7.392461	308.933258	286.636353
7.444890	170.097351	154.399872
7.497318	89.645386	82.645416
7.549747	401.363373	372.276306
7.602176	336.418152	308.589935
7.654605	315.818787	291.881561
7.707034	51.822662	51.326752
7.759462	105.209351	97.255707
7.811891	116.844177	107.135773
7.864320	89.874268	82.702637
7.916749	175.895691	161.018372
7.969178	403.900146	369.930267
8.021606	283.832550	261.974335
8.074035	576.248169	522.384644
8.126464	464.954376	424.213409
8.178893	169.372559	155.696869
8.231322	499.420166	452.346802
8.283750	187.854767	177.078247
8.336179	162.029266	147.628784
8.388608	69.904327	62.274933
8.441037	70.095062	63.095093
8.493466	255.165100	238.895416
8.545894	494.594574	449.676514
8.598323	424.995422	384.559631
8.650752	401.496887	365.886688
8.703181	559.864044	513.210297
8.755610	390.129089	357.151031
8.808038	357.875824	333.099365
8.860467	459.041595	417.995453
8.912896	164.546967	153.026581
8.965325	329.952240	299.377441
9.017754	297.985077	274.124146
9.070182	237.293243	217.456818
9.122611	105.037689	95.520020
9.175040	264.911652	243.587494
9.227469	506.572723	462.074280
9.279898	460.376740	417.671204
9.332326	174.140930	157.985687
9.384755	170.001984	156.917572
9.437184	526.466370	481.967926
9.489613	341.358185	312.232971
9.542042	341.167450	312.690735
9.594470	160.808563	145.263672
9.646899	280.647278	258.140564
9.699328	409.507751	373.115540
9.751757	83.103180	77.648163
9.804186	59.280396	54.378510
9.856614	199.337006	179.176331
9.909043	199.489594	189.056396
9.961472	191.230774	176.010132
10.013901	155.982971	141.239166
10.066330	198.173523	184.307098
10.118758	242.099762	218.467712
10.171187	164.718628	149.173737
10.223616	55.522919	51.422119
10.276045	79.555511	70.362091
10.328474	71.487427	67.386627
10.380902	121.707916	112.247467
10.433331	100.669861	93.441010
10.485760	221.099854	202.941895
10.538189	91.457367	85.010529
10.590618	80.242157	73.719025
10.643046	116.481781	107.631683
10.695475	90.408325	84.819794
10.747904	48.351288	42.247772
10.800333	152.549744	139.636993
10.852762	250.186920	225.963593
10.905190	118.827820	110.378265
10.957619	111.675262	107.021332
11.010048	158.367157	141.429901
11.062477	139.617920	134.010315
11.114906	302.886963	279.178619
11.167334	180.301666	168.857574
11.219763	143.489838	134.716034
11.272192	204.830170	188.541412
11.324621	162.429810	147.895813
11.377050	33.969879	32.958984
11.429478	226.230621	208.148956
11.481907	171.852112	155.963898
11.534336	134.887695	121.135712
11.586765	137.577057	127.983093
11.639194	250.358582	227.355957
11.691622	206.890106	190.830231
11.744051	27.313232	25.196075
11.796480	73.814392	69.961548
11.848909	227.546692	212.230682
11.901338	198.574066	179.405212
11.953766	198.936462	183.372498
12.006195	79.383850	69.847107
12.058624	163.307190	148.849487
12.111053	69.160461	64.392090
12.163482	34.446716	31.948090
12.215910	88.405609	82.912445
12.268339	237.083435	217.723846
12.320768	418.663025	386.791229
12.373197	287.342072	262.126923
12.425626	114.307404	104.465485
12.478054	33.893585	32.901764
12.530483	85.697174	77.400208
12.582912	197.925568	177.574158
12.635341	271.759033	250.034332
12.687770	78.506470	70.171356
12.740198	204.925537	186.576843
12.792627	198.287964	182.323456
12.845056	59.986115	57.334900
12.897485	254.478455	234.718323
12.949914	136.013031	127.010345
13.002342	316.696167	285.224915
13.054771	184.726715	168.628693
13.107200	49.972534	48.484802
13.159629	138.015747	126.323700
13.212058	178.413391	160.446167
13.264486	104.293823	93.746185
13.316915	151.786804	143.756866
13.369344	66.604614	62.847137
13.421773	108.318329	100.440979
13.474202	156.764984	143.585205
13.526630	271.701813	249.919891
13.579059	354.061127	323.295593
13.631488	343.246460	314.502716
13.683917	336.513519	306.110382
13.736346	369.262695	334.014893
13.788774	157.451630	146.236420
13.841203	81.138611	72.135925
13.893632	214.004517	195.560455
13.946061	173.110962	157.833099
13.998490	192.451477	172.767639
14.050918	188.694000	173.149109
14.103347	77.972412	70.362091
14.155776	54.283142	50.506592
14.208205	261.535645	238.494873
14.260634	138.015747	124.530792
14.313062	50.373077	46.596527
14.365491	99.658966	92.048645
