3/3/2026	12:39 PM
Pseudo Cross Correlation
Scattering angle:	28.00
Duration (s):	15
Wavelength (nm):	660.0
Refractive index:	1.330
Viscosity (mPas):	1.002
Temperature (K):	293.2
Laser intensity (mW):	84.000000
Average Count rate  A (kHz):	69.7
Average Count rate  B (kHz):	64.1
Intercept:	0.7971
Cumulant 1st	153.1465
Cumulant 2nd	135.5120	99.0556
Cumulant 3rd	131.4732	120.8326

Lag time (s)         g2-1
1.25E-08	0.752731
2.5E-08	0.874466
3.75E-08	0.813599
5E-08	0.879435
6.25E-08	0.844653
7.5E-08	0.869497
8.75E-08	0.776333
1E-07	0.758942
1.125E-07	0.803661
1.25E-07	0.847138
1.375E-07	0.756458
1.5E-07	0.858317
1.625E-07	0.773848
1.75E-07	0.82602
1.875E-07	0.74652
2E-07	0.862044
2.125E-07	0.806766
2.375E-07	0.773848
2.625E-07	0.783786
2.875E-07	0.766395
3.125E-07	0.839063
3.375E-07	0.793723
3.625E-07	0.827263
3.875E-07	0.802419
4.125E-07	0.743415
4.625E-07	0.832231
5.125E-07	0.78037
5.625E-07	0.777575
6.125E-07	0.802729
6.625E-07	0.850864
7.125E-07	0.795276
7.625E-07	0.849001
8.125E-07	0.80894
9.125E-07	0.801021
1.0125E-06	0.808164
1.1125E-06	0.77447
1.2125E-06	0.767327
1.3125E-06	0.782544
1.4125E-06	0.77742
1.5125E-06	0.766706
1.6125E-06	0.787668
1.8125E-06	0.798071
2.0125E-06	0.77905
2.2125E-06	0.787435
2.4125E-06	0.809018
2.6125E-06	0.807077
2.8125E-06	0.785572
3.0125E-06	0.791783
3.2125E-06	0.790424
3.6125E-06	0.792831
4.0125E-06	0.797139
4.4125E-06	0.7945
4.8125E-06	0.807038
5.2125E-06	0.794888
5.6125E-06	0.808824
6.0125E-06	0.787241
6.4125E-06	0.788696
7.2125E-06	0.792598
8.0125E-06	0.797372
8.8125E-06	0.793393
9.6125E-06	0.793471
1.04125E-05	0.796578
1.12125E-05	0.78864
1.20125E-05	0.802032
1.28125E-05	0.795443
1.44125E-05	0.793919
1.60125E-05	0.787233
1.76125E-05	0.792842
1.92125E-05	0.788902
2.08125E-05	0.786544
2.24125E-05	0.785622
2.40125E-05	0.782138
2.56125E-05	0.792286
2.88125E-05	0.790592
3.20125E-05	0.792999
3.52125E-05	0.788307
3.84125E-05	0.789733
4.16125E-05	0.789738
4.48125E-05	0.787492
4.80125E-05	0.784313
5.12125E-05	0.785322
5.76125E-05	0.785955
6.40125E-05	0.785846
7.04125E-05	0.785691
7.68125E-05	0.787333
8.32125E-05	0.78349
8.96125E-05	0.783141
9.60125E-05	0.783272
0.000102413	0.781819
0.000115213	0.78074
0.000128013	0.781347
0.000140813	0.781368
0.000153613	0.77787
0.000166413	0.774508
0.000179213	0.775962
0.000192013	0.775177
0.000204813	0.773768
0.000230413	0.771004
0.000256013	0.76871
0.000281613	0.766099
0.000307213	0.763817
0.000332813	0.760009
0.000358413	0.76071
0.000384013	0.756752
0.000409613	0.75497
0.000460813	0.751035
0.000512013	0.746161
0.000563213	0.741811
0.000614413	0.738473
0.000665613	0.732904
0.000716813	0.729461
0.000768013	0.726153
0.000819213	0.721778
0.000921613	0.713662
0.00102401	0.705514
0.00112641	0.697788
0.00122881	0.689438
0.00133121	0.681417
0.00143361	0.673836
0.00153601	0.665817
0.00163841	0.658218
0.00184321	0.643962
0.00204801	0.629583
0.00225281	0.616586
0.00245761	0.604313
0.00266241	0.590321
0.00286721	0.577682
0.00307201	0.565167
0.00327681	0.553454
0.00368641	0.530262
0.00409601	0.509105
0.00450561	0.489017
0.00491521	0.469526
0.00532481	0.450352
0.00573441	0.432146
0.00614401	0.41569
0.00655361	0.399428
0.00737281	0.367781
0.00819201	0.339902
0.00901121	0.316333
0.00983041	0.296003
0.0106496	0.277818
0.0114688	0.259948
0.012288	0.245036
0.0131072	0.231624
0.0147456	0.208281
0.016384	0.188312
0.0180224	0.169581
0.0196608	0.15176
0.0212992	0.135432
0.0229376	0.121434
0.024576	0.108785
0.0262144	0.0988005
0.0294912	0.0843976
0.032768	0.0707127
0.0360448	0.0613062
0.0393216	0.0557906
0.0425984	0.049404
0.0458752	0.0445494
0.049152	0.0460669
0.0524288	0.0464022
0.0589824	0.0436596
0.065536	0.0545068
0.0720896	0.0607311
0.0786432	0.0674177
0.0851968	0.0791634
0.0917504	0.0712305
0.098304	0.0664862
0.104858	0.0665028
0.117965	0.0367227
0.131072	0.0345954
0.144179	0.022947
0.157286	0.0302737
0.170394	0.0475057
0.183501	0.0577194
0.196608	0.0501372
0.209715	0.0444357
0.23593	0.0436589
0.262144	0.0329704
0.288358	0.0622426
0.314573	0.0754007
0.340787	0.0287733
0.367002	0.0288078
0.393216	0.0600043
0.41943	0.0309117
0.471859	0.0211449
0.524288	0.0152598
0.576717	0.03403
0.629146	0.0250634
0.681574	0.0522831
0.734003	0.0350718
0.786432	0.0503527
0.838861	0.0409914
0.943718	0.0443525
1.04858	0.0211742
1.15343	0.0180774
1.25829	0.00791287
1.36315	0.010972
1.46801	-0.00828323
1.57286	-0.0108396
1.67772	-0.0105785
1.88744	-0.0094262
2.09715	-0.0153586
2.30687	-0.0438611
2.51658	-0.0517324
2.7263	-0.0634276
2.93601	-0.0638165
3.14573	-0.0588598
3.35544	-0.0801779
3.77487	-0.0995457
4.1943	-0.0929889
4.61373	-0.1113
5.03316	-0.091042
5.4526	-0.125283
5.87203	-0.119066
6.29146	-0.129156
6.71089	-0.141662
7.54975	-0.204542
8.38861	-0.247116
9.22747	-0.26955
10.0663	-0.292102
10.9052	-0.309747
11.7441	-0.30808
12.5829	-0.301888

Count Rate History (KHz)  CR CHA / CR CHB
0.000000	63.266754	57.353973
0.052429	163.707733	149.173737
0.104858	103.511810	92.945099
0.157286	54.244995	49.190521
0.209715	36.849976	35.457611
0.262144	76.503754	70.991516
0.314573	56.610107	50.830841
0.367002	106.830597	97.255707
0.419430	89.073181	83.408356
0.471859	56.762695	49.476624
0.524288	79.803467	71.220398
0.576717	73.490143	65.536499
0.629146	71.105957	65.555573
0.681574	81.806183	76.198578
0.734003	103.225708	94.337463
0.786432	97.503662	90.789795
0.838861	119.857788	109.767914
0.891290	160.675049	146.923065
0.943718	133.705139	119.762421
0.996147	122.718811	113.601685
1.048576	103.530884	94.757080
1.101005	83.332062	73.966980
1.153434	100.822449	94.451904
1.205862	194.759369	176.982880
1.258291	96.054077	89.244843
1.310720	72.860718	66.947937
1.363149	70.381165	65.727234
1.415578	71.773529	66.680908
1.468006	83.293915	74.863434
1.520435	164.852142	150.299072
1.572864	73.356628	67.062378
1.625293	103.397369	95.100403
1.677722	74.748993	66.318512
1.730150	75.759888	69.503784
1.782579	85.754395	77.610016
1.835008	48.198700	43.621063
1.887437	90.541840	78.544617
1.939866	54.168701	50.487518
1.992294	134.258270	125.370026
2.044723	130.653381	116.024017
2.097152	89.015961	81.806183
2.149581	69.122314	62.675476
2.202010	127.468109	117.473602
2.254438	95.539093	87.661743
2.306867	170.021057	153.541565
2.359296	64.182281	60.043335
2.411725	83.980560	75.798035
2.464154	122.909546	112.571716
2.516582	71.735382	65.803528
2.569011	102.100372	93.135834
2.621440	70.781708	66.852570
2.673869	48.809052	46.558380
2.726298	67.806244	60.348511
2.778726	185.909271	169.448853
2.831155	76.465607	69.599152
2.883584	46.138763	42.514801
2.936013	95.272064	91.514587
2.988442	161.895752	143.928528
3.040870	47.092438	43.849945
3.093299	41.236877	38.471222
3.145728	115.432739	107.650757
3.198157	54.531097	49.381256
3.250586	67.749023	59.928894
3.303014	46.920776	43.029785
3.355443	149.059296	136.108398
3.407872	111.064911	102.615356
3.460301	43.678284	40.607452
3.512730	80.585480	74.291229
3.565158	54.225922	51.269531
3.617587	64.430237	60.977936
3.670016	194.816589	180.702209
3.722445	57.258606	54.035187
3.774874	66.204071	62.694550
3.827302	64.048767	58.536530
3.879731	41.751862	38.852692
3.932160	39.882660	35.152435
3.984589	123.786926	111.045837
4.037018	60.958862	58.155060
4.089446	108.184814	103.740692
4.141875	37.555695	33.817291
4.194304	57.449341	53.062439
4.246733	67.539215	62.847137
4.299162	110.473633	97.484589
4.351590	101.470947	93.688965
4.404019	64.487457	56.400299
4.456448	66.413879	58.212280
4.508877	60.176849	54.111481
4.561306	95.214844	86.708069
4.613734	38.394928	35.209656
4.666163	53.653717	49.915314
4.718592	26.721954	24.967194
4.771021	61.664581	54.607391
4.823450	31.223297	28.133392
4.875878	30.326843	25.615692
4.928307	58.994293	53.176880
4.980736	30.403137	28.400421
5.033165	138.988495	126.934052
5.085594	117.950439	110.168457
5.138022	118.350983	107.479095
5.190451	96.187592	90.713501
5.242880	176.429749	163.784027
5.295309	30.708313	29.411316
5.347738	39.443970	35.305023
5.400166	86.269379	79.822540
5.452595	96.454620	88.100433
5.505024	41.294098	36.468506
5.557453	59.852600	58.174133
5.609882	40.569305	37.956238
5.662310	51.517487	49.705505
5.714739	50.010681	47.073364
5.767168	25.024414	23.136139
5.819597	92.506409	86.402893
5.872026	70.152283	65.212250
5.924454	113.162994	101.680756
5.976883	131.893158	123.081207
6.029312	125.656128	114.727020
6.081741	32.215118	28.514862
6.134170	52.967072	49.285889
6.186598	65.040588	59.318542
6.239027	76.465607	69.465637
6.291456	31.490326	27.198792
6.343885	22.258759	22.583008
6.396314	82.950592	76.942444
6.448742	52.223206	48.274994
6.501171	55.255890	48.236847
6.553600	112.266541	101.852417
6.606029	55.942535	48.675537
6.658458	51.651001	47.206879
6.710886	47.245026	44.994354
6.763315	50.830841	46.730042
6.815744	109.252930	102.424622
6.868173	92.296600	84.648132
6.920602	123.138428	116.233826
6.973030	65.517426	59.509277
7.025459	114.250183	106.277466
7.077888	40.378571	35.820007
7.130317	145.397186	131.797791
7.182746	130.939484	117.549896
7.235174	205.154419	189.762115
7.287603	124.721527	116.443634
7.340032	98.705292	91.228485
7.392461	26.416779	23.117065
7.444890	52.261353	48.713684
7.497318	42.190552	37.860870
7.549747	97.618103	90.484619
7.602176	103.702545	97.465515
7.654605	67.501068	63.095093
7.707034	49.648285	43.182373
7.759462	28.877258	26.607513
7.811891	43.601990	41.160583
7.864320	80.528259	72.479248
7.916749	69.885254	63.991547
7.969178	46.672821	44.269562
8.021606	61.874390	57.773590
8.074035	50.773621	46.005249
8.126464	135.383606	126.266479
8.178893	131.092072	122.070313
8.231322	93.193054	84.762573
8.283750	80.432892	70.762634
8.336179	33.855438	31.185150
8.388608	72.212219	64.430237
8.441037	44.288635	38.986206
8.493466	62.217712	59.947968
8.545894	31.471252	28.877258
8.598323	68.225861	63.247681
8.650752	46.710968	41.961670
8.703181	77.953339	70.953369
8.755610	52.528381	50.525665
8.808038	34.027100	32.444000
8.860467	92.716217	80.146790
8.912896	33.130646	29.487610
8.965325	52.089691	50.868988
9.017754	88.577271	83.770752
9.070182	34.122467	32.806396
9.122611	98.552704	88.291168
9.175040	81.501007	76.923370
9.227469	75.645447	68.473816
9.279898	50.907135	44.994354
9.332326	69.599152	62.847137
9.384755	74.291229	70.953369
9.437184	36.430359	34.217834
9.489613	82.817078	77.533722
9.542042	43.582916	40.283203
9.594470	75.607300	68.244934
9.646899	61.302185	55.179596
9.699328	69.713593	63.152313
9.751757	48.694611	45.471191
9.804186	56.591034	51.441193
9.856614	45.890808	42.610168
9.909043	38.032532	35.209656
9.961472	29.125214	25.558472
10.013901	47.473907	44.212341
10.066330	52.089691	48.542023
10.118758	48.828125	44.231415
10.171187	56.648254	52.299500
10.223616	69.694519	63.457489
10.276045	35.572052	34.790039
10.328474	50.277710	46.291351
10.380902	66.051483	59.108734
10.433331	67.539215	62.389374
10.485760	27.732849	25.539398
10.538189	102.519989	94.718933
10.590618	20.351410	19.779205
10.643046	50.621033	48.007965
10.695475	86.193085	78.258514
10.747904	30.841827	28.591156
10.800333	53.825378	49.152374
10.852762	53.920746	50.487518
10.905190	53.520203	49.400330
10.957619	25.215149	24.585724
11.010048	74.691772	68.683624
11.062477	50.239563	44.727325
11.114906	17.719269	16.860962
11.167334	42.781830	38.547516
11.219763	28.572083	26.416779
11.272192	48.274994	45.509338
11.324621	96.015930	90.084076
11.377050	33.016205	29.926300
11.429478	61.206818	57.582855
11.481907	64.468384	57.868958
11.534336	47.512054	45.051575
11.586765	40.359497	36.640167
11.639194	63.171387	59.452057
11.691622	23.136139	20.370483
11.744051	102.558136	93.364716
11.796480	67.272186	63.667297
11.848909	51.555634	49.686432
11.901338	36.067963	34.465790
11.953766	32.863617	31.414032
12.006195	51.364899	46.443939
12.058624	28.610229	26.245117
12.111053	31.738281	30.097961
12.163482	78.983307	73.375702
12.215910	29.945374	26.626587
12.268339	43.106079	38.185120
12.320768	47.092438	44.059753
12.373197	35.114288	35.572052
12.425626	32.615662	29.296875
12.478054	32.920837	32.787323
12.530483	38.166046	35.133362
12.582912	102.958679	92.945099
12.635341	94.661713	87.604523
12.687770	52.871704	49.552917
12.740198	16.403198	16.174316
12.792627	53.043365	48.866272
12.845056	45.681000	45.757294
12.897485	30.422211	28.324127
12.949914	42.266846	39.119720
13.002342	33.054352	29.716492
13.054771	36.201477	34.294128
13.107200	24.204254	20.828247
13.159629	38.700104	36.525726
13.212058	32.348633	31.185150
13.264486	54.588318	48.255920
13.316915	83.675385	73.986053
13.369344	46.310425	41.465759
13.421773	50.582886	46.443939
13.474202	46.215057	41.065216
13.526630	31.089783	29.640198
13.579059	74.348450	68.054199
13.631488	73.795319	68.187714
13.683917	68.626404	63.438416
13.736346	40.874481	36.354065
13.788774	38.414001	35.839081
13.841203	88.996887	84.972382
13.893632	28.934479	27.275085
13.946061	48.885345	47.054291
13.998490	36.525726	33.664703
14.050918	59.204102	52.890778
14.103347	22.926331	20.065308
14.155776	32.463074	31.337738
14.208205	25.177002	24.051666
14.260634	100.517273	94.928741
14.313062	32.997131	30.708313
14.365491	50.830841	47.721863
