3/3/2026	12:38 PM
Pseudo Cross Correlation
Scattering angle:	28.00
Duration (s):	15
Wavelength (nm):	660.0
Refractive index:	1.330
Viscosity (mPas):	1.002
Temperature (K):	293.2
Laser intensity (mW):	84.000000
Average Count rate  A (kHz):	95.8
Average Count rate  B (kHz):	87.9
Intercept:	0.9918
Cumulant 1st	379.0387
Cumulant 2nd	275.2997	252.2168
Cumulant 3rd	251.6986	282.3103

Lag time (s)         g2-1
1.25E-08	0.941611
2.5E-08	1.01405
3.75E-08	1.02052
5E-08	0.944845
6.25E-08	1.02504
7.5E-08	0.97201
8.75E-08	1.04833
1E-07	0.990766
1.125E-07	0.960368
1.25E-07	1.03669
1.375E-07	1.01599
1.5E-07	0.925442
1.625E-07	1.01728
1.75E-07	1.00823
1.875E-07	1.02116
2E-07	0.980418
2.125E-07	0.996263
2.375E-07	1.00144
2.625E-07	0.970716
2.875E-07	0.966189
3.125E-07	1.00338
3.375E-07	1.03636
3.625E-07	0.932233
3.875E-07	0.949696
4.125E-07	0.976375
4.625E-07	0.972656
5.125E-07	0.994647
5.625E-07	1.0189
6.125E-07	0.986077
6.625E-07	0.998365
7.125E-07	1.00791
7.625E-07	1.00952
8.125E-07	0.982277
9.125E-07	0.985349
1.0125E-06	1.01745
1.1125E-06	1.00572
1.2125E-06	1.01268
1.3125E-06	0.998123
1.4125E-06	1.0071
1.5125E-06	1.00152
1.6125E-06	1.01575
1.8125E-06	0.982964
2.0125E-06	1.00451
2.2125E-06	1.00487
2.4125E-06	1.00314
2.6125E-06	1.01344
2.8125E-06	0.982196
3.0125E-06	0.988138
3.2125E-06	0.981529
3.6125E-06	0.98256
4.0125E-06	0.981307
4.4125E-06	0.99881
4.8125E-06	0.982863
5.2125E-06	0.999356
5.6125E-06	0.999214
6.0125E-06	0.98258
6.4125E-06	0.98539
7.2125E-06	0.988482
8.0125E-06	0.991999
8.8125E-06	0.987279
9.6125E-06	0.990442
1.04125E-05	0.989957
1.12125E-05	0.984672
1.20125E-05	0.993656
1.28125E-05	0.993034
1.44125E-05	0.994217
1.60125E-05	0.991114
1.76125E-05	0.997683
1.92125E-05	0.984439
2.08125E-05	0.993146
2.24125E-05	0.993525
2.40125E-05	0.997309
2.56125E-05	0.996084
2.88125E-05	0.991996
3.20125E-05	0.990591
3.52125E-05	0.994009
3.84125E-05	0.991142
4.16125E-05	0.988427
4.48125E-05	0.988599
4.80125E-05	0.989473
5.12125E-05	0.989012
5.76125E-05	0.988379
6.40125E-05	0.986986
7.04125E-05	0.983456
7.68125E-05	0.988163
8.32125E-05	0.98797
8.96125E-05	0.983627
9.60125E-05	0.98592
0.000102413	0.986562
0.000115213	0.983002
0.000128013	0.982804
0.000140813	0.982811
0.000153613	0.98181
0.000166413	0.978678
0.000179213	0.978558
0.000192013	0.979044
0.000204813	0.976977
0.000230413	0.975423
0.000256013	0.974466
0.000281613	0.972524
0.000307213	0.970681
0.000332813	0.971349
0.000358413	0.966342
0.000384013	0.964299
0.000409613	0.962629
0.000460813	0.959646
0.000512013	0.95668
0.000563213	0.953506
0.000614413	0.950604
0.000665613	0.946212
0.000716813	0.943735
0.000768013	0.939038
0.000819213	0.935925
0.000921613	0.9292
0.00102401	0.923424
0.00112641	0.918007
0.00122881	0.911593
0.00133121	0.906405
0.00143361	0.900583
0.00153601	0.894393
0.00163841	0.889266
0.00184321	0.87785
0.00204801	0.867873
0.00225281	0.857272
0.00245761	0.847658
0.00266241	0.837317
0.00286721	0.827752
0.00307201	0.818104
0.00327681	0.809443
0.00368641	0.792329
0.00409601	0.774792
0.00450561	0.75929
0.00491521	0.743311
0.00532481	0.728643
0.00573441	0.715285
0.00614401	0.702455
0.00655361	0.690318
0.00737281	0.665721
0.00819201	0.642238
0.00901121	0.621706
0.00983041	0.602199
0.0106496	0.583691
0.0114688	0.565927
0.012288	0.547853
0.0131072	0.5312
0.0147456	0.499558
0.016384	0.469619
0.0180224	0.444141
0.0196608	0.423878
0.0212992	0.409933
0.0229376	0.395012
0.024576	0.378803
0.0262144	0.364052
0.0294912	0.340663
0.032768	0.320012
0.0360448	0.306447
0.0393216	0.296534
0.0425984	0.289225
0.0458752	0.283742
0.049152	0.27982
0.0524288	0.273496
0.0589824	0.272423
0.065536	0.274994
0.0720896	0.260926
0.0786432	0.249373
0.0851968	0.239716
0.0917504	0.222947
0.098304	0.220303
0.104858	0.21559
0.117965	0.245274
0.131072	0.244223
0.144179	0.235386
0.157286	0.238664
0.170394	0.230424
0.183501	0.23426
0.196608	0.227378
0.209715	0.217091
0.23593	0.218049
0.262144	0.214501
0.288358	0.244213
0.314573	0.261091
0.340787	0.244752
0.367002	0.285134
0.393216	0.271241
0.41943	0.273811
0.471859	0.239694
0.524288	0.223226
0.576717	0.262857
0.629146	0.294289
0.681574	0.260194
0.734003	0.289579
0.786432	0.279902
0.838861	0.20274
0.943718	0.243232
1.04858	0.277188
1.15343	0.298023
1.25829	0.244271
1.36315	0.259462
1.46801	0.221334
1.57286	0.238901
1.67772	0.251153
1.88744	0.241544
2.09715	0.23456
2.30687	0.22683
2.51658	0.221472
2.7263	0.201351
2.93601	0.220183
3.14573	0.182493
3.35544	0.197583
3.77487	0.175975
4.1943	0.163512
4.61373	0.140963
5.03316	0.143718
5.4526	0.172324
5.87203	0.223843
6.29146	0.256766
6.71089	0.318477
7.54975	0.452261
8.38861	0.547011
9.22747	0.63251
10.0663	0.647289
10.9052	0.654599
11.7441	0.506939
12.5829	0.437519

Count Rate History (KHz)  CR CHA / CR CHB
0.000000	31.566620	27.275085
0.052429	69.828033	62.580109
0.104858	26.245117	21.953583
0.157286	105.171204	95.653534
0.209715	32.596588	30.670166
0.262144	95.081329	87.013245
0.314573	40.588379	38.566589
0.367002	135.307312	127.258301
0.419430	35.247803	33.149719
0.471859	27.065277	26.206970
0.524288	65.994263	60.749054
0.576717	52.852631	48.866272
0.629146	26.531219	26.035309
0.681574	86.956024	79.956055
0.734003	75.454712	70.190430
0.786432	90.045929	80.242157
0.838861	46.482086	44.136047
0.891290	63.190460	57.353973
0.943718	74.882507	67.558289
0.996147	71.697235	65.059662
1.048576	30.536652	28.362274
1.101005	54.168701	48.198700
1.153434	87.070465	78.849792
1.205862	16.918182	18.024445
1.258291	53.157806	52.280426
1.310720	77.190399	70.343018
1.363149	101.871490	93.727112
1.415578	126.781464	111.751556
1.468006	209.903717	187.015533
1.520435	72.021484	67.958832
1.572864	42.686462	38.204193
1.625293	54.321289	50.449371
1.677722	38.337708	37.670135
1.730150	62.904358	58.383942
1.782579	64.830780	60.234070
1.835008	96.912384	89.416504
1.887437	63.133240	58.631897
1.939866	97.656250	90.255737
1.992294	80.604553	74.195862
2.044723	73.928833	69.503784
2.097152	27.523041	25.196075
2.149581	37.708282	34.503937
2.202010	55.847168	51.746368
2.254438	40.149689	36.182404
2.306867	80.852509	77.247620
2.359296	31.318665	29.010773
2.411725	31.013489	29.869080
2.464154	66.623688	63.724518
2.516582	61.588287	57.964325
2.569011	55.942535	51.097870
2.621440	78.067780	75.645447
2.673869	91.648102	87.089539
2.726298	30.689240	27.866364
2.778726	33.092499	30.326843
2.831155	33.187866	31.509399
2.883584	16.613007	16.403198
2.936013	52.070618	47.283173
2.988442	76.484680	71.506500
3.040870	52.223206	49.076080
3.093299	50.716400	46.329498
3.145728	33.473969	33.512115
3.198157	45.700073	41.465759
3.250586	71.468353	65.917969
3.303014	115.146637	103.950500
3.355443	91.362000	82.664490
3.407872	43.945313	38.795471
3.460301	80.261230	72.555542
3.512730	36.640167	33.569336
3.565158	115.699768	102.367401
3.617587	63.190460	58.689117
3.670016	50.354004	46.424866
3.722445	46.405792	42.991638
3.774874	108.623505	98.266602
3.827302	86.135864	80.833435
3.879731	100.173950	94.032288
3.932160	92.124939	86.345673
3.984589	82.950592	78.544617
4.037018	19.683838	19.588470
4.089446	30.364990	29.048920
4.141875	61.836243	56.076050
4.194304	67.806244	61.569214
4.246733	38.623810	36.201477
4.299162	66.699982	60.348511
4.351590	43.983459	40.111542
4.404019	33.130646	32.901764
4.456448	43.754578	40.607452
4.508877	51.517487	47.016144
4.561306	24.833679	22.830963
4.613734	82.187653	75.263977
4.666163	29.525757	27.904510
4.718592	73.814392	69.503784
4.771021	31.986237	30.193329
4.823450	59.070587	56.934357
4.875878	29.621124	26.741028
4.928307	64.620972	58.975220
4.980736	27.542114	26.035309
5.033165	72.422028	67.939758
5.085594	41.255951	37.956238
5.138022	23.155212	20.942688
5.190451	61.397552	57.525635
5.242880	33.874512	31.509399
5.295309	33.912659	31.967163
5.347738	38.146973	35.610199
5.400166	30.937195	27.732849
5.452595	37.689209	33.092499
5.505024	34.942627	31.871796
5.557453	34.160614	31.280518
5.609882	32.577515	30.078888
5.662310	42.896271	39.787292
5.714739	35.743713	34.580231
5.767168	28.724670	26.950836
5.819597	40.950775	38.833618
5.872026	27.236938	24.356842
5.924454	51.956177	47.798157
5.976883	45.814514	41.465759
6.029312	44.631958	41.542053
6.081741	28.266907	25.959015
6.134170	40.512085	39.405823
6.186598	45.547485	42.514801
6.239027	27.179718	25.749207
6.291456	34.999847	31.490326
6.343885	22.315979	20.008087
6.396314	49.266815	45.394897
6.448742	27.275085	25.615692
6.501171	39.710999	38.871765
6.553600	29.869080	27.427673
6.606029	40.855408	38.871765
6.658458	56.953430	49.495697
6.710886	32.920837	30.708313
6.763315	59.032440	52.700043
6.815744	80.966949	73.661804
6.868173	27.217865	27.008057
6.920602	26.264191	23.956299
6.973030	43.830872	40.798187
7.025459	50.239563	45.604706
7.077888	22.068024	21.057129
7.130317	36.182404	32.806396
7.182746	54.626465	49.400330
7.235174	69.351196	65.898895
7.287603	92.506409	83.847046
7.340032	94.699860	87.356567
7.392461	146.369934	134.449005
7.444890	122.909546	110.149384
7.497318	79.574585	73.242188
7.549747	100.154877	91.285706
7.602176	57.048798	51.383972
7.654605	62.103271	59.719086
7.707034	107.727051	100.402832
7.759462	123.119354	117.435455
7.811891	87.203979	76.999664
7.864320	93.746185	85.411072
7.916749	40.512085	37.918091
7.969178	83.866119	75.893402
8.021606	131.034851	122.795105
8.074035	85.830688	81.596375
8.126464	117.206573	109.558105
8.178893	65.555573	60.119629
8.231322	91.133118	82.988739
8.283750	27.236938	24.223328
8.336179	43.830872	40.607452
8.388608	41.465759	39.157867
8.441037	84.438324	74.710846
8.493466	99.277496	92.468262
8.545894	68.054199	64.716339
8.598323	104.808807	96.721649
8.650752	123.443604	111.217499
8.703181	131.664276	126.533508
8.755610	147.953033	134.391785
8.808038	71.258545	65.898895
8.860467	146.770477	135.536194
8.912896	134.334564	124.626160
8.965325	120.239258	110.569000
9.017754	147.438049	139.293671
9.070182	43.754578	40.378571
9.122611	53.787231	46.482086
9.175040	116.539001	104.770660
9.227469	234.489441	214.881897
9.279898	81.405640	74.977875
9.332326	115.261078	110.130310
9.384755	86.517334	80.604553
9.437184	49.896240	46.501160
9.489613	113.048553	104.217529
9.542042	53.844452	48.999786
9.594470	93.269348	85.849762
9.646899	177.803040	163.402557
9.699328	120.162964	109.806061
9.751757	170.688629	156.459808
9.804186	286.979675	263.862610
9.856614	196.266174	181.427002
9.909043	190.563202	171.356201
9.961472	195.560455	176.086426
10.013901	214.843750	195.388794
10.066330	64.907074	58.994293
10.118758	52.623749	51.231384
10.171187	101.985931	93.078613
10.223616	117.626190	108.051300
10.276045	169.811249	157.318115
10.328474	133.209229	120.391846
10.380902	237.751007	217.437744
10.433331	224.399567	202.846527
10.485760	192.432404	181.045532
10.538189	183.963776	163.993835
10.590618	135.536194	125.522614
10.643046	226.249695	208.396912
10.695475	49.190521	45.661926
10.747904	142.555237	129.699707
10.800333	269.985199	241.050720
10.852762	166.854858	151.557922
10.905190	102.958679	91.075897
10.957619	191.135406	172.138214
11.010048	333.423615	306.606293
11.062477	345.706940	311.565399
11.114906	200.328827	184.993744
11.167334	33.283234	30.174255
11.219763	147.361755	133.323669
11.272192	241.699219	218.372345
11.324621	77.533722	70.133209
11.377050	314.941406	290.050507
11.429478	468.292236	430.889130
11.481907	118.827820	107.250214
11.534336	162.124634	149.555206
11.586765	234.088898	214.385986
11.639194	36.983490	33.779144
11.691622	260.486603	239.009857
11.744051	248.508453	227.222443
11.796480	355.510712	315.856934
11.848909	103.683472	95.901489
11.901338	60.749054	52.280426
11.953766	82.550049	76.618195
12.006195	220.584869	195.369720
12.058624	160.980225	148.601532
12.111053	115.222931	104.351044
12.163482	205.459595	191.726685
12.215910	132.808685	119.647980
12.268339	42.476654	39.196014
12.320768	67.958832	63.228607
12.373197	97.980499	91.228485
12.425626	184.783936	171.718597
12.478054	127.506256	111.904144
12.530483	242.691040	224.857330
12.582912	178.661346	162.410736
12.635341	95.653534	90.789795
12.687770	312.595367	284.919739
12.740198	167.617798	151.329041
12.792627	178.585052	166.187286
12.845056	256.786346	234.260559
12.897485	96.435547	89.588165
12.949914	66.623688	61.206818
13.002342	39.119720	34.751892
13.054771	102.386475	90.675354
13.107200	214.424133	195.903778
13.159629	186.653137	174.446106
13.212058	115.146637	105.400085
13.264486	141.582489	128.154755
13.316915	167.293549	154.342651
13.369344	216.732025	197.563171
13.421773	60.405731	55.027008
13.474202	86.975098	79.555511
13.526630	185.356140	172.271729
13.579059	133.934021	125.026703
13.631488	111.732483	105.476379
13.683917	104.484558	94.184875
13.736346	102.348328	93.231201
13.788774	121.307373	111.408234
13.841203	236.911774	216.140747
13.893632	215.396881	195.903778
13.946061	144.367218	132.808685
13.998490	69.789886	66.184998
14.050918	103.511810	92.906952
14.103347	84.934235	77.342987
14.155776	120.735168	109.558105
14.208205	65.174103	62.007904
14.260634	183.067322	167.694092
14.313062	97.827911	88.996887
14.365491	72.517395	66.928864
14.417920	79.822540	71.392059
14.470349	55.675507	50.563812
14.522778	68.759918	63.934326
14.575206	34.809113	31.776428
14.627635	48.694611	45.757294
