3/3/2026	12:42 PM
Pseudo Cross Correlation
Scattering angle:	32.00
Duration (s):	15
Wavelength (nm):	660.0
Refractive index:	1.330
Viscosity (mPas):	0.999
Temperature (K):	293.2
Laser intensity (mW):	84.000000
Average Count rate  A (kHz):	30.0
Average Count rate  B (kHz):	27.9
Intercept:	0.7267
Cumulant 1st	181.5672
Cumulant 2nd	151.7219	131.4689
Cumulant 3rd	149.0642	143.0649

Lag time (s)         g2-1
1.25E-08	0.76121
2.5E-08	0.893631
3.75E-08	0.516229
5E-08	0.754589
6.25E-08	0.867147
7.5E-08	0.675135
8.75E-08	0.794315
1E-07	0.569198
1.125E-07	0.754589
1.25E-07	0.648651
1.375E-07	0.615546
1.5E-07	0.655272
1.625E-07	0.516229
1.75E-07	0.575819
1.875E-07	0.668514
2E-07	0.52285
2.125E-07	0.681757
2.375E-07	0.731415
2.625E-07	0.76452
2.875E-07	0.675135
3.125E-07	0.714862
3.375E-07	0.767831
3.625E-07	0.688378
3.875E-07	0.817489
4.125E-07	0.729759
4.625E-07	0.724794
5.125E-07	0.691688
5.625E-07	0.721483
6.125E-07	0.738036
6.625E-07	0.686722
7.125E-07	0.756244
7.625E-07	0.771141
8.125E-07	0.728932
9.125E-07	0.705758
1.0125E-06	0.751278
1.1125E-06	0.767831
1.2125E-06	0.698309
1.3125E-06	0.684239
1.4125E-06	0.800108
1.5125E-06	0.626305
1.6125E-06	0.718586
1.8125E-06	0.743002
2.0125E-06	0.746726
2.2125E-06	0.735967
2.4125E-06	0.791004
2.6125E-06	0.724794
2.8125E-06	0.777762
3.0125E-06	0.764934
3.2125E-06	0.738656
3.6125E-06	0.744243
4.0125E-06	0.724587
4.4125E-06	0.768865
4.8125E-06	0.764313
5.2125E-06	0.728104
5.6125E-06	0.783763
6.0125E-06	0.758727
6.4125E-06	0.757071
7.2125E-06	0.707724
8.0125E-06	0.737105
8.8125E-06	0.750347
9.6125E-06	0.734725
1.04125E-05	0.737105
1.12125E-05	0.732139
1.20125E-05	0.732863
1.28125E-05	0.724587
1.44125E-05	0.725052
1.60125E-05	0.738294
1.76125E-05	0.737725
1.92125E-05	0.763692
2.08125E-05	0.732449
2.24125E-05	0.731001
2.40125E-05	0.719414
2.56125E-05	0.732168
2.88125E-05	0.744092
3.20125E-05	0.72428
3.52125E-05	0.731625
3.84125E-05	0.728522
4.16125E-05	0.74391
4.48125E-05	0.726401
4.80125E-05	0.735815
5.12125E-05	0.733629
5.76125E-05	0.733797
6.40125E-05	0.732983
7.04125E-05	0.73394
7.68125E-05	0.739953
8.32125E-05	0.733194
8.96125E-05	0.735677
9.60125E-05	0.729637
0.000102413	0.730703
0.000115213	0.722951
0.000128013	0.727787
0.000140813	0.720856
0.000153613	0.715415
0.000166413	0.724119
0.000179213	0.72192
0.000192013	0.71775
0.000204813	0.715003
0.000230413	0.709074
0.000256013	0.710057
0.000281613	0.706627
0.000307213	0.705865
0.000332813	0.700454
0.000358413	0.694878
0.000384013	0.695147
0.000409613	0.692504
0.000460813	0.685489
0.000512013	0.679643
0.000563213	0.675934
0.000614413	0.667902
0.000665613	0.664868
0.000716813	0.657744
0.000768013	0.653923
0.000819213	0.647991
0.000921613	0.639323
0.00102401	0.630006
0.00112641	0.622693
0.00122881	0.61221
0.00133121	0.605713
0.00143361	0.600198
0.00153601	0.591065
0.00163841	0.581253
0.00184321	0.566764
0.00204801	0.553122
0.00225281	0.537344
0.00245761	0.524192
0.00266241	0.510655
0.00286721	0.497878
0.00307201	0.486607
0.00327681	0.476607
0.00368641	0.455394
0.00409601	0.434287
0.00450561	0.41592
0.00491521	0.4015
0.00532481	0.387991
0.00573441	0.375609
0.00614401	0.362874
0.00655361	0.351564
0.00737281	0.326019
0.00819201	0.304294
0.00901121	0.281652
0.00983041	0.26318
0.0106496	0.24583
0.0114688	0.2326
0.012288	0.215958
0.0131072	0.204637
0.0147456	0.187192
0.016384	0.174282
0.0180224	0.162466
0.0196608	0.152013
0.0212992	0.144243
0.0229376	0.136375
0.024576	0.127538
0.0262144	0.117272
0.0294912	0.0997539
0.032768	0.084774
0.0360448	0.0841255
0.0393216	0.0811843
0.0425984	0.0759212
0.0458752	0.0691239
0.049152	0.0623495
0.0524288	0.0541029
0.0589824	0.0426071
0.065536	0.0465979
0.0720896	0.0553493
0.0786432	0.0561086
0.0851968	0.0573398
0.0917504	0.0616041
0.098304	0.0555899
0.104858	0.0581525
0.117965	0.0483481
0.131072	0.0452864
0.144179	0.0428795
0.157286	0.0441913
0.170394	0.0321677
0.183501	0.0219456
0.196608	0.016486
0.209715	0.0189941
0.23593	0.0298178
0.262144	0.0635687
0.288358	0.0398795
0.314573	0.0174246
0.340787	0.0292652
0.367002	0.0300798
0.393216	0.0231952
0.41943	0.0283679
0.471859	0.00818148
0.524288	0.0438913
0.576717	0.0114764
0.629146	0.014721
0.681574	0.00185506
0.734003	0.0108887
0.786432	0.0330584
0.838861	0.0145659
0.943718	0.0232695
1.04858	0.0144254
1.15343	-0.0144242
1.25829	0.00662421
1.36315	-0.0299511
1.46801	-0.0364547
1.57286	-0.0226063
1.67772	-0.0483607
1.88744	-0.0713609
2.09715	-0.0894661
2.30687	-0.0769115
2.51658	-0.0839531
2.7263	-0.102896
2.93601	-0.101401
3.14573	-0.0846937
3.35544	-0.119406
3.77487	-0.114163
4.1943	-0.103891
4.61373	-0.134498
5.03316	-0.144558
5.4526	-0.133246
5.87203	-0.149008
6.29146	-0.15556
6.71089	-0.144346
7.54975	-0.142001
8.38861	-0.0958477
9.22747	-0.088459
10.0663	-0.0943245
10.9052	-0.0614203
11.7441	0.00941692
12.5829	0.159437

Count Rate History (KHz)  CR CHA / CR CHB
0.000000	66.375732	60.005188
0.052429	40.245056	35.667419
0.104858	89.607239	82.721710
0.157286	95.882416	86.879730
0.209715	31.394958	28.076172
0.262144	20.008087	18.711090
0.314573	42.171478	37.517548
0.367002	38.948059	36.640167
0.419430	25.806427	23.117065
0.471859	39.672852	35.438538
0.524288	77.838898	71.792603
0.576717	17.185211	17.433167
0.629146	64.525604	58.975220
0.681574	25.920868	26.473999
0.734003	35.877228	33.416748
0.786432	35.362244	33.054352
0.838861	50.010681	47.378540
0.891290	47.740936	43.411255
0.943718	46.710968	43.296814
0.996147	26.588440	25.234222
1.048576	79.650879	73.299408
1.101005	42.705536	37.899017
1.153434	38.833618	36.487579
1.205862	31.738281	28.114319
1.258291	30.536652	29.373169
1.310720	75.454712	70.686340
1.363149	78.086853	72.441101
1.415578	57.868958	53.615570
1.468006	40.168762	36.182404
1.520435	22.239685	18.901825
1.572864	55.770874	53.310394
1.625293	75.187683	69.751740
1.677722	51.708221	48.198700
1.730150	50.144196	45.795441
1.782579	39.539337	36.563873
1.835008	48.122406	45.223236
1.887437	46.863556	43.354034
1.939866	31.871796	29.525757
1.992294	18.730164	17.395020
2.044723	19.493103	17.662048
2.097152	32.386780	29.544830
2.149581	22.125244	21.648407
2.202010	24.242401	21.572113
2.254438	43.125153	40.855408
2.306867	50.601959	47.912598
2.359296	49.285889	45.204163
2.411725	44.841766	41.961670
2.464154	31.948090	27.599335
2.516582	43.048859	38.204193
2.569011	31.642914	30.517578
2.621440	31.948090	29.087067
2.673869	57.411194	53.272247
2.726298	18.863678	17.795563
2.778726	16.174316	15.010834
2.831155	32.005310	28.419495
2.883584	23.746490	22.888184
2.936013	32.730103	31.356812
2.988442	20.217896	18.825531
3.040870	16.803741	15.373230
3.093299	26.245117	24.967194
3.145728	37.918091	33.721924
3.198157	52.337646	48.656464
3.250586	56.190491	53.462982
3.303014	28.362274	25.005341
3.355443	34.160614	30.231476
3.407872	13.065338	13.237000
3.460301	38.833618	35.991669
3.512730	19.836426	18.215179
3.565158	31.375885	28.400421
3.617587	21.762848	21.095276
3.670016	17.471313	15.850067
3.722445	29.220581	26.988983
3.774874	24.929047	22.640228
3.827302	32.863617	30.307770
3.879731	38.299561	37.078857
3.932160	16.975403	16.632080
3.984589	16.956329	15.087128
4.037018	16.460419	16.498566
4.089446	18.901825	17.166138
4.141875	22.602081	22.430420
4.194304	79.994202	72.727203
4.246733	25.615692	23.422241
4.299162	34.198761	33.378601
4.351590	58.517456	54.111481
4.404019	24.852753	22.716522
4.456448	25.215149	24.108887
4.508877	15.087128	13.389587
4.561306	14.591217	13.256073
4.613734	29.544830	27.141571
4.666163	18.310547	17.223358
4.718592	29.582977	27.198792
4.771021	26.531219	25.005341
4.823450	25.138855	22.697449
4.875878	25.882721	23.841858
4.928307	10.585785	11.367798
4.980736	51.002502	49.076080
5.033165	18.272400	15.563965
5.085594	22.640228	21.419525
5.138022	60.157776	54.721832
5.190451	27.923584	26.168823
5.242880	20.160675	20.027161
5.295309	22.449493	20.008087
5.347738	14.572144	12.283325
5.400166	17.890930	16.460419
5.452595	27.027130	24.509430
5.505024	41.904449	39.634705
5.557453	21.228790	21.095276
5.609882	24.223328	23.441315
5.662310	23.632050	21.247864
5.714739	29.392242	26.721954
5.767168	29.373169	28.438568
5.819597	27.427673	25.272369
5.872026	31.547546	28.476715
5.924454	17.490387	17.051697
5.976883	11.043549	11.024475
6.029312	44.288635	41.294098
6.081741	20.942688	19.588470
6.134170	21.839142	20.389557
6.186598	16.880035	15.144348
6.239027	25.539398	24.433136
6.291456	35.247803	33.721924
6.343885	31.738281	29.926300
6.396314	15.087128	15.182495
6.448742	16.117096	15.735626
6.501171	20.523071	19.607544
6.553600	22.525787	18.920898
6.606029	23.117065	21.953583
6.658458	26.531219	27.217865
6.710886	24.089813	23.918152
6.763315	19.474030	17.433167
6.815744	18.234253	16.632080
6.868173	29.830933	27.751923
6.920602	43.945313	40.760040
6.973030	20.065308	18.787384
7.025459	31.528473	30.479431
7.077888	20.275116	18.882751
7.130317	13.561249	12.607574
7.182746	17.032623	16.651154
7.235174	24.528503	23.155212
7.287603	36.468506	32.978058
7.340032	40.798187	34.198761
7.392461	22.697449	19.702911
7.444890	30.403137	26.321411
7.497318	17.452240	14.953613
7.549747	30.212402	26.283264
7.602176	9.899139	10.337830
7.654605	13.504028	12.245178
7.707034	13.141632	10.795593
7.759462	22.964478	20.713806
7.811891	24.566650	21.762848
7.864320	15.048981	16.231537
7.916749	24.471283	23.956299
7.969178	12.435913	11.482239
8.021606	22.468567	22.411346
8.074035	22.392273	21.648407
8.126464	18.978119	18.386841
8.178893	15.773773	16.193390
8.231322	18.424988	17.662048
8.283750	23.918152	22.659302
8.336179	30.231476	28.133392
8.388608	15.201569	16.231537
8.441037	18.653870	16.441345
8.493466	20.484924	19.664764
8.545894	18.501282	18.520355
8.598323	16.784668	15.850067
8.650752	16.460419	13.675690
8.703181	29.487610	28.667450
8.755610	50.735474	46.234131
8.808038	21.495819	18.901825
8.860467	19.130707	17.929077
8.912896	31.337738	31.509399
8.965325	26.035309	25.215149
9.017754	35.343170	33.111572
9.070182	19.474030	16.937256
9.122611	29.315948	28.343201
9.175040	16.651154	16.479492
9.227469	14.266968	13.542175
9.279898	22.563934	22.277832
9.332326	22.907257	22.068024
9.384755	17.757416	17.280579
9.437184	18.253326	17.471313
9.489613	16.670227	14.877319
9.542042	17.833710	16.098022
9.594470	17.223358	16.536713
9.646899	42.018890	38.738251
9.699328	32.100677	30.441284
9.751757	32.768250	28.781891
9.804186	51.097870	47.245026
9.856614	24.890900	21.514893
9.909043	23.479462	20.999908
9.961472	49.114227	44.841766
10.013901	28.057098	26.473999
10.066330	26.931763	24.700165
10.118758	22.277832	20.961761
10.171187	30.117035	27.847290
10.223616	38.719177	35.839081
10.276045	32.768250	31.566620
10.328474	30.326843	26.168823
10.380902	21.209717	20.465851
10.433331	21.686554	22.830963
10.485760	16.994476	16.021729
10.538189	26.473999	23.670197
10.590618	18.577576	16.555786
10.643046	28.972626	27.008057
10.695475	21.514893	19.931793
10.747904	19.760132	18.024445
10.800333	17.490387	17.070770
10.852762	21.591187	21.228790
10.905190	30.460358	28.743744
10.957619	17.414093	16.212463
11.010048	20.465851	18.577576
11.062477	23.536682	23.517609
11.114906	18.367767	16.727448
11.167334	12.454987	11.959076
11.219763	15.869141	14.648438
11.272192	26.721954	25.672913
11.324621	51.345825	46.749115
11.377050	14.190674	13.904572
11.429478	24.490356	21.514893
11.481907	18.501282	16.155243
11.534336	23.193359	21.591187
11.586765	31.623840	30.651093
11.639194	20.389557	19.817352
11.691622	41.904449	40.073395
11.744051	36.296844	33.283234
11.796480	22.335052	19.969940
11.848909	24.852753	23.860931
11.901338	15.277863	15.239716
11.953766	22.640228	22.640228
12.006195	14.076233	13.771057
12.058624	27.542114	24.280548
12.111053	22.869110	19.664764
12.163482	18.424988	17.223358
12.215910	27.008057	24.662018
12.268339	16.002655	13.885498
12.320768	15.678406	15.964508
12.373197	23.040771	22.754669
12.425626	26.473999	24.948120
12.478054	20.961761	20.904541
12.530483	22.277832	20.236969
12.582912	26.054382	27.008057
12.635341	20.465851	18.615723
12.687770	64.506531	60.806274
12.740198	42.266846	38.356781
12.792627	32.444000	28.629303
12.845056	17.871857	16.975403
12.897485	50.697327	46.901703
12.949914	57.830811	54.092407
13.002342	19.912720	18.959045
13.054771	19.607544	17.509460
13.107200	23.994446	23.155212
13.159629	46.710968	44.288635
13.212058	19.226074	19.683838
13.264486	23.727417	21.610260
13.316915	31.948090	28.171539
13.369344	30.384064	27.790070
13.421773	17.757416	16.479492
13.474202	23.403168	23.002625
13.526630	34.580231	34.046173
13.579059	32.005310	30.918121
13.631488	26.264191	22.430420
13.683917	59.299469	52.318573
13.736346	67.310333	64.201355
13.788774	35.476685	33.569336
13.841203	26.702881	25.138855
13.893632	40.836334	38.719177
13.946061	45.833588	44.040680
13.998490	33.683777	30.612946
14.050918	43.411255	41.637421
14.103347	34.484863	32.730103
14.155776	23.632050	22.163391
14.208205	34.046173	30.536652
14.260634	31.204224	28.743744
14.313062	36.411285	33.454895
14.365491	16.727448	17.299652
