3/3/2026	12:41 PM
Pseudo Cross Correlation
Scattering angle:	32.00
Duration (s):	15
Wavelength (nm):	660.0
Refractive index:	1.330
Viscosity (mPas):	0.999
Temperature (K):	293.1
Laser intensity (mW):	84.000000
Average Count rate  A (kHz):	21.1
Average Count rate  B (kHz):	19.7
Intercept:	0.6210
Cumulant 1st	125.4040
Cumulant 2nd	107.0122	83.2316
Cumulant 3rd	102.1953	101.1324

Lag time (s)         g2-1
1.25E-08	0.498693
2.5E-08	0.645886
3.75E-08	0.445168
5E-08	0.605742
6.25E-08	0.632505
7.5E-08	0.619123
8.75E-08	0.779698
1E-07	0.846603
1.125E-07	0.752935
1.25E-07	0.552217
1.375E-07	0.485311
1.5E-07	0.311356
1.625E-07	0.900128
1.75E-07	0.498693
1.875E-07	0.458549
2E-07	0.605742
2.125E-07	0.799769
2.375E-07	0.732863
2.625E-07	0.478621
2.875E-07	0.518764
3.125E-07	0.686029
3.375E-07	0.665957
3.625E-07	0.565599
3.875E-07	0.378262
4.125E-07	0.508729
4.625E-07	0.629159
5.125E-07	0.632505
5.625E-07	0.655922
6.125E-07	0.565599
6.625E-07	0.655922
7.125E-07	0.669303
7.625E-07	0.599052
8.125E-07	0.573962
9.125E-07	0.689375
1.0125E-06	0.696065
1.1125E-06	0.675993
1.2125E-06	0.615778
1.3125E-06	0.61076
1.4125E-06	0.687702
1.5125E-06	0.634177
1.6125E-06	0.611596
1.8125E-06	0.630837
2.0125E-06	0.626656
2.2125E-06	0.660114
2.4125E-06	0.667641
2.6125E-06	0.666805
2.8125E-06	0.699422
3.0125E-06	0.566445
3.2125E-06	0.612025
3.6125E-06	0.594044
4.0125E-06	0.652169
4.4125E-06	0.667641
4.8125E-06	0.622897
5.2125E-06	0.636279
5.6125E-06	0.623734
6.0125E-06	0.61997
6.4125E-06	0.621643
7.2125E-06	0.640669
8.0125E-06	0.625615
8.8125E-06	0.63377
9.6125E-06	0.601989
1.04125E-05	0.614952
1.12125E-05	0.64506
1.20125E-05	0.617879
1.28125E-05	0.648092
1.44125E-05	0.611502
1.60125E-05	0.626556
1.76125E-05	0.613593
1.92125E-05	0.63816
2.08125E-05	0.628647
2.24125E-05	0.620702
2.40125E-05	0.638997
2.56125E-05	0.636435
2.88125E-05	0.640565
3.20125E-05	0.630895
3.52125E-05	0.628804
3.84125E-05	0.623786
4.16125E-05	0.618245
4.48125E-05	0.618768
4.80125E-05	0.616729
5.12125E-05	0.618271
5.76125E-05	0.619917
6.40125E-05	0.619761
7.04125E-05	0.614873
7.68125E-05	0.615767
8.32125E-05	0.620472
8.96125E-05	0.611324
9.60125E-05	0.617105
0.000102413	0.61683
0.000115213	0.614269
0.000128013	0.618843
0.000140813	0.606447
0.000153613	0.604787
0.000166413	0.613673
0.000179213	0.604304
0.000192013	0.598946
0.000204813	0.603165
0.000230413	0.598095
0.000256013	0.590594
0.000281613	0.586203
0.000307213	0.591485
0.000332813	0.580822
0.000358413	0.584383
0.000384013	0.584886
0.000409613	0.575973
0.000460813	0.568173
0.000512013	0.56357
0.000563213	0.560754
0.000614413	0.551006
0.000665613	0.545991
0.000716813	0.542274
0.000768013	0.531677
0.000819213	0.52973
0.000921613	0.519913
0.00102401	0.507295
0.00112641	0.496988
0.00122881	0.489759
0.00133121	0.481558
0.00143361	0.47079
0.00153601	0.460615
0.00163841	0.453335
0.00184321	0.438219
0.00204801	0.423804
0.00225281	0.411672
0.00245761	0.398235
0.00266241	0.386738
0.00286721	0.376236
0.00307201	0.362772
0.00327681	0.351725
0.00368641	0.332635
0.00409601	0.315715
0.00450561	0.296097
0.00491521	0.280957
0.00532481	0.262962
0.00573441	0.24698
0.00614401	0.236324
0.00655361	0.224058
0.00737281	0.200354
0.00819201	0.182201
0.00901121	0.16727
0.00983041	0.152788
0.0106496	0.140609
0.0114688	0.130754
0.012288	0.12209
0.0131072	0.11477
0.0147456	0.103402
0.016384	0.0893886
0.0180224	0.0842217
0.0196608	0.0785711
0.0212992	0.0669205
0.0229376	0.0596202
0.024576	0.0553772
0.0262144	0.0563819
0.0294912	0.052848
0.032768	0.0456711
0.0360448	0.0415538
0.0393216	0.0367603
0.0425984	0.0335466
0.0458752	0.0364255
0.049152	0.035802
0.0524288	0.0401326
0.0589824	0.0456741
0.065536	0.0517628
0.0720896	0.0492492
0.0786432	0.0360464
0.0851968	0.0308356
0.0917504	0.0403601
0.098304	0.0519097
0.104858	0.0495351
0.117965	0.0432446
0.131072	0.0461877
0.144179	0.0377784
0.157286	0.0460527
0.170394	0.0435895
0.183501	0.032333
0.196608	0.0237631
0.209715	0.042971
0.23593	0.0527494
0.262144	0.0513325
0.288358	0.054354
0.314573	0.051993
0.340787	0.0469643
0.367002	0.0459511
0.393216	0.0361993
0.41943	0.0418937
0.471859	0.046709
0.524288	0.0516507
0.576717	0.046235
0.629146	0.0368329
0.681574	0.0292852
0.734003	0.0413533
0.786432	0.03055
0.838861	0.0349776
0.943718	0.0352856
1.04858	0.023051
1.15343	0.0237308
1.25829	0.0326429
1.36315	0.0237936
1.46801	0.0298154
1.57286	0.0307606
1.67772	0.0240241
1.88744	0.0416393
2.09715	0.0254104
2.30687	0.0270977
2.51658	0.0310227
2.7263	0.0325916
2.93601	0.0265484
3.14573	0.0313983
3.35544	0.0380838
3.77487	0.0473757
4.1943	0.0584192
4.61373	0.0599556
5.03316	0.0645723
5.4526	0.0703312
5.87203	0.0752727
6.29146	0.0889249
6.71089	0.106851
7.54975	0.143159
8.38861	0.187756
9.22747	0.231326
10.0663	0.280279
10.9052	0.338304
11.7441	0.384133
12.5829	0.41398

Count Rate History (KHz)  CR CHA / CR CHB
0.000000	12.893677	12.073517
0.052429	39.443970	35.285950
0.104858	18.501282	18.177032
0.157286	16.498566	14.877319
0.209715	26.493073	23.078918
0.262144	15.964508	13.923645
0.314573	29.659271	29.506683
0.367002	28.743744	25.138855
0.419430	27.523041	26.149750
0.471859	24.909973	24.127960
0.524288	29.678345	27.389526
0.576717	25.939941	22.964478
0.629146	26.035309	24.299622
0.681574	39.558411	36.945343
0.734003	18.100739	17.204285
0.786432	24.890900	22.544861
0.838861	21.209717	19.569397
0.891290	27.275085	25.749207
0.943718	33.645630	31.433105
0.996147	18.043518	16.517639
1.048576	13.847351	12.130737
1.101005	13.771057	13.046265
1.153434	10.204315	9.670258
1.205862	17.776489	17.433167
1.258291	17.147064	16.403198
1.310720	22.029877	21.762848
1.363149	13.675690	13.484955
1.415578	15.697479	14.915466
1.468006	17.013550	15.525818
1.520435	24.852753	23.097992
1.572864	18.482208	17.414093
1.625293	27.294159	24.585724
1.677722	11.348724	10.452271
1.730150	13.504028	13.523102
1.782579	12.741089	11.959076
1.835008	13.599396	13.065338
1.887437	14.705658	12.626648
1.939866	13.465881	11.997223
1.992294	24.642944	20.942688
2.044723	18.787384	16.975403
2.097152	14.514923	13.561249
2.149581	13.179779	13.465881
2.202010	17.967224	16.078949
2.254438	25.024414	23.441315
2.306867	13.694763	13.084412
2.359296	12.950897	12.722015
2.411725	21.724701	19.569397
2.464154	19.130707	17.738342
2.516582	21.476746	18.997192
2.569011	11.215210	11.577606
2.621440	18.062592	17.490387
2.673869	12.569427	11.672974
2.726298	19.969940	20.217896
2.778726	15.125275	13.847351
2.831155	23.059845	22.220612
2.883584	16.345978	15.506744
2.936013	18.253326	16.975403
2.988442	8.697510	8.239746
3.040870	14.133453	13.065338
3.093299	17.108917	15.430450
3.145728	11.119843	10.795593
3.198157	10.204315	10.452271
3.250586	15.373230	14.419556
3.303014	21.934509	20.465851
3.355443	12.645721	13.370514
3.407872	12.149811	11.386871
3.460301	19.359589	16.555786
3.512730	13.141632	13.313293
3.565158	14.133453	14.209747
3.617587	11.539459	11.196136
3.670016	24.833679	21.324158
3.722445	22.907257	20.198822
3.774874	12.969971	12.741089
3.827302	15.602112	14.953613
3.879731	10.395050	9.937286
3.932160	15.182495	13.046265
3.984589	15.487671	14.152527
4.037018	16.021729	13.294220
4.089446	12.226105	10.604858
4.141875	16.670227	14.991760
4.194304	16.174316	15.621185
4.246733	31.204224	27.332306
4.299162	19.531250	18.520355
4.351590	14.743805	13.866425
4.404019	24.127960	22.144318
4.456448	23.403168	21.991730
4.508877	14.247894	13.866425
4.561306	18.215179	17.948151
4.613734	17.623901	16.593933
4.666163	17.642975	16.746521
4.718592	25.272369	22.125244
4.771021	12.702942	12.512207
4.823450	10.948181	10.986328
4.875878	9.765625	10.833740
4.928307	17.929077	16.937256
4.980736	19.588470	17.833710
5.033165	17.433167	16.422272
5.085594	25.119781	22.754669
5.138022	20.198822	19.531250
5.190451	17.642975	17.795563
5.242880	15.430450	15.392303
5.295309	15.163422	14.972687
5.347738	14.190674	13.580322
5.400166	10.738373	11.367798
5.452595	17.547607	17.318726
5.505024	15.907288	14.324188
5.557453	18.692017	18.157959
5.609882	20.790100	20.179749
5.662310	17.242432	17.547607
5.714739	18.157959	17.433167
5.767168	19.016266	18.520355
5.819597	16.727448	15.659332
5.872026	19.969940	17.547607
5.924454	20.961761	18.672943
5.976883	8.029938	8.239746
6.029312	20.351410	18.653870
6.081741	10.700226	11.024475
6.134170	26.817322	24.032593
6.186598	18.920898	18.444061
6.239027	10.032654	10.204315
6.291456	7.648468	8.735657
6.343885	14.991760	14.228821
6.396314	15.048981	14.572144
6.448742	23.498535	22.048950
6.501171	18.024445	16.994476
6.553600	15.811920	16.231537
6.606029	14.133453	13.771057
6.658458	11.291504	10.261536
6.710886	11.863708	11.215210
6.763315	15.296936	13.408661
6.815744	16.517639	14.991760
6.868173	19.607544	17.986298
6.920602	15.945435	14.877319
6.973030	19.664764	18.692017
7.025459	15.354156	14.190674
7.077888	25.539398	23.441315
7.130317	13.141632	12.264252
7.182746	15.125275	14.266968
7.235174	14.381409	12.474060
7.287603	18.959045	18.196106
7.340032	13.980865	13.637543
7.392461	25.997162	24.070740
7.444890	14.209747	12.989044
7.497318	20.027161	18.787384
7.549747	18.272400	17.395020
7.602176	19.741058	17.261505
7.654605	24.414063	22.926331
7.707034	12.760162	11.043549
7.759462	20.389557	19.092560
7.811891	17.948151	15.945435
7.864320	14.228821	12.836456
7.916749	22.125244	20.160675
7.969178	13.637543	13.046265
8.021606	24.967194	22.792816
8.074035	17.204285	16.059875
8.126464	16.517639	15.602112
8.178893	20.332336	18.634796
8.231322	13.103485	12.588501
8.283750	20.389557	19.493103
8.336179	15.430450	14.572144
8.388608	17.108917	17.089844
8.441037	15.811920	14.171600
8.493466	20.904541	19.149780
8.545894	25.959015	24.051666
8.598323	18.367767	16.403198
8.650752	9.975433	10.528564
8.703181	19.626617	18.711090
8.755610	16.727448	15.068054
8.808038	19.016266	16.765594
8.860467	37.078857	35.152435
8.912896	30.536652	26.283264
8.965325	17.738342	17.166138
9.017754	15.678406	14.266968
9.070182	19.512177	18.749237
9.122611	12.493134	11.100769
9.175040	21.114349	19.359589
9.227469	12.817383	11.863708
9.279898	21.781921	20.942688
9.332326	16.498566	15.907288
9.384755	28.476715	26.588440
9.437184	19.130707	19.397736
9.489613	24.547577	23.956299
9.542042	21.247864	19.798279
9.594470	19.779205	18.825531
9.646899	20.446777	18.444061
9.699328	15.678406	14.724731
9.751757	16.632080	14.972687
9.804186	50.792694	45.890808
9.856614	12.874603	13.141632
9.909043	16.746521	17.089844
9.961472	18.043518	17.642975
10.013901	18.424988	17.051697
10.066330	21.915436	21.896362
10.118758	24.547577	22.048950
10.171187	12.817383	12.931824
10.223616	16.517639	16.403198
10.276045	36.716461	35.209656
10.328474	26.741028	25.348663
10.380902	28.820038	25.539398
10.433331	18.596649	16.689301
10.485760	27.942657	25.310516
10.538189	20.694733	19.893646
10.590618	18.558502	17.166138
10.643046	9.841919	10.719299
10.695475	30.822754	28.686523
10.747904	14.820099	13.790131
10.800333	22.850037	22.754669
10.852762	36.792755	34.008026
10.905190	15.850067	16.059875
10.957619	23.918152	22.335052
11.010048	17.910004	17.356873
11.062477	29.277802	28.705597
11.114906	20.446777	16.937256
11.167334	16.899109	15.697479
11.219763	13.923645	13.484955
11.272192	23.307800	20.656586
11.324621	20.084381	19.321442
11.377050	38.547516	35.896301
11.429478	44.803619	42.381287
11.481907	20.179749	19.302368
11.534336	34.656525	32.691956
11.586765	35.743713	33.130646
11.639194	26.473999	24.452209
11.691622	31.890869	30.746460
11.744051	15.087128	14.247894
11.796480	37.593842	34.427643
11.848909	15.277863	15.048981
11.901338	30.536652	27.790070
11.953766	27.065277	24.909973
12.006195	26.817322	24.032593
12.058624	35.057068	32.081604
12.111053	27.580261	24.967194
12.163482	24.871826	23.956299
12.215910	28.800964	25.959015
12.268339	45.413971	41.961670
12.320768	46.100616	42.171478
12.373197	24.433136	22.544861
12.425626	22.773743	21.057129
12.478054	16.765594	16.956329
12.530483	31.604767	29.830933
12.582912	34.790039	31.929016
12.635341	51.422119	47.187805
12.687770	29.716492	25.691986
12.740198	15.945435	14.801025
12.792627	25.100708	22.811890
12.845056	24.318695	22.544861
12.897485	19.397736	19.531250
12.949914	24.108887	22.258759
13.002342	16.555786	16.937256
13.054771	47.302246	42.896271
13.107200	34.275055	31.433105
13.159629	28.495789	28.038025
13.212058	43.773651	40.569305
13.264486	26.206970	23.002625
13.316915	18.253326	16.784668
13.369344	34.179688	30.708313
13.421773	50.430298	46.405792
13.474202	35.533905	33.340454
13.526630	22.029877	21.648407
13.579059	29.621124	26.493073
13.631488	29.449463	26.798248
13.683917	33.321381	31.299591
13.736346	20.351410	19.798279
13.788774	21.476746	20.027161
13.841203	21.476746	20.122528
13.893632	45.108795	42.514801
13.946061	38.490295	35.877228
13.998490	26.798248	24.394989
14.050918	25.291443	25.024414
14.103347	29.697418	27.503967
14.155776	30.689240	28.114319
14.208205	29.659271	26.245117
14.260634	22.220612	19.264221
14.313062	19.474030	17.528534
14.365491	25.386810	22.602081
