3/3/2026	12:37 PM
Pseudo Cross Correlation
Scattering angle:	24.02
Duration (s):	15
Wavelength (nm):	660.0
Refractive index:	1.330
Viscosity (mPas):	0.999
Temperature (K):	293.1
Laser intensity (mW):	84.000000
Average Count rate  A (kHz):	197.1
Average Count rate  B (kHz):	180.5
Intercept:	1.5277
Cumulant 1st	22560.3268
Cumulant 2nd	10591.8631	9396.2156
Cumulant 3rd	4197.5173	4338.1877

Lag time (s)         g2-1
1.25E-08	1.63396
2.5E-08	1.62366
3.75E-08	1.626
5E-08	1.60479
6.25E-08	1.60978
7.5E-08	1.61805
8.75E-08	1.59481
1E-07	1.63536
1.125E-07	1.59247
1.25E-07	1.60277
1.375E-07	1.61493
1.5E-07	1.60916
1.625E-07	1.60791
1.75E-07	1.61321
1.875E-07	1.61166
2E-07	1.6313
2.125E-07	1.60869
2.375E-07	1.63458
2.625E-07	1.5952
2.875E-07	1.62538
3.125E-07	1.62928
3.375E-07	1.59567
3.625E-07	1.61914
3.875E-07	1.6271
4.125E-07	1.62581
4.625E-07	1.61489
5.125E-07	1.61173
5.625E-07	1.59197
6.125E-07	1.60448
6.625E-07	1.59879
7.125E-07	1.60125
7.625E-07	1.6101
8.125E-07	1.61086
9.125E-07	1.60766
1.0125E-06	1.60828
1.1125E-06	1.60901
1.2125E-06	1.61423
1.3125E-06	1.60049
1.4125E-06	1.60673
1.5125E-06	1.60838
1.6125E-06	1.60568
1.8125E-06	1.60419
2.0125E-06	1.61099
2.2125E-06	1.60914
2.4125E-06	1.6026
2.6125E-06	1.60607
2.8125E-06	1.6077
3.0125E-06	1.61006
3.2125E-06	1.60206
3.6125E-06	1.60448
4.0125E-06	1.61465
4.4125E-06	1.608
4.8125E-06	1.61302
5.2125E-06	1.60942
5.6125E-06	1.61656
6.0125E-06	1.60907
6.4125E-06	1.61074
7.2125E-06	1.60943
8.0125E-06	1.60792
8.8125E-06	1.60921
9.6125E-06	1.60719
1.04125E-05	1.61368
1.12125E-05	1.60769
1.20125E-05	1.60518
1.28125E-05	1.60897
1.44125E-05	1.60924
1.60125E-05	1.60588
1.76125E-05	1.60951
1.92125E-05	1.61059
2.08125E-05	1.6072
2.24125E-05	1.60721
2.40125E-05	1.60819
2.56125E-05	1.60778
2.88125E-05	1.60682
3.20125E-05	1.60855
3.52125E-05	1.60821
3.84125E-05	1.60595
4.16125E-05	1.6085
4.48125E-05	1.60557
4.80125E-05	1.60707
5.12125E-05	1.60769
5.76125E-05	1.60717
6.40125E-05	1.6076
7.04125E-05	1.60716
7.68125E-05	1.60483
8.32125E-05	1.606
8.96125E-05	1.60479
9.60125E-05	1.60589
0.000102413	1.60339
0.000115213	1.6055
0.000128013	1.60286
0.000140813	1.60412
0.000153613	1.60218
0.000166413	1.60214
0.000179213	1.60034
0.000192013	1.60114
0.000204813	1.59992
0.000230413	1.60062
0.000256013	1.59787
0.000281613	1.59742
0.000307213	1.59702
0.000332813	1.59475
0.000358413	1.59413
0.000384013	1.5932
0.000409613	1.59219
0.000460813	1.59028
0.000512013	1.58818
0.000563213	1.5862
0.000614413	1.58373
0.000665613	1.58186
0.000716813	1.57986
0.000768013	1.57819
0.000819213	1.57561
0.000921613	1.57194
0.00102401	1.56767
0.00112641	1.56373
0.00122881	1.56048
0.00133121	1.55607
0.00143361	1.55185
0.00153601	1.54805
0.00163841	1.54476
0.00184321	1.53748
0.00204801	1.53003
0.00225281	1.52304
0.00245761	1.51582
0.00266241	1.50902
0.00286721	1.50203
0.00307201	1.49564
0.00327681	1.48867
0.00368641	1.47488
0.00409601	1.46141
0.00450561	1.44842
0.00491521	1.43545
0.00532481	1.42318
0.00573441	1.41183
0.00614401	1.40156
0.00655361	1.39172
0.00737281	1.37221
0.00819201	1.35327
0.00901121	1.3354
0.00983041	1.31812
0.0106496	1.30278
0.0114688	1.28817
0.012288	1.27433
0.0131072	1.26211
0.0147456	1.24022
0.016384	1.21926
0.0180224	1.19913
0.0196608	1.18189
0.0212992	1.16679
0.0229376	1.15499
0.024576	1.14261
0.0262144	1.13102
0.0294912	1.10179
0.032768	1.06747
0.0360448	1.03607
0.0393216	1.00743
0.0425984	0.982064
0.0458752	0.965462
0.049152	0.953748
0.0524288	0.93842
0.0589824	0.912116
0.065536	0.884611
0.0720896	0.861642
0.0786432	0.847675
0.0851968	0.830845
0.0917504	0.809462
0.098304	0.793031
0.104858	0.769587
0.117965	0.767883
0.131072	0.785367
0.144179	0.800242
0.157286	0.807082
0.170394	0.801316
0.183501	0.812216
0.196608	0.819122
0.209715	0.830903
0.23593	0.80181
0.262144	0.744494
0.288358	0.756236
0.314573	0.820156
0.340787	0.830698
0.367002	0.821131
0.393216	0.776227
0.41943	0.727369
0.471859	0.635455
0.524288	0.617592
0.576717	0.676129
0.629146	0.760215
0.681574	0.807891
0.734003	0.800583
0.786432	0.780595
0.838861	0.80903
0.943718	0.872111
1.04858	0.899136
1.15343	0.884801
1.25829	0.831407
1.36315	0.836062
1.46801	0.782109
1.57286	0.796831
1.67772	0.774118
1.88744	0.817242
2.09715	0.860139
2.30687	0.931969
2.51658	0.867437
2.7263	0.740114
2.93601	0.698207
3.14573	0.767372
3.35544	0.796199
3.77487	0.581826
4.1943	0.61039
4.61373	0.470159
5.03316	0.395225
5.4526	0.308298
5.87203	0.249496
6.29146	0.25217
6.71089	0.277408
7.54975	0.453199
8.38861	0.71503
9.22747	0.98592
10.0663	1.18209
10.9052	1.31838
11.7441	1.4124
12.5829	1.59095

Count Rate History (KHz)  CR CHA / CR CHB
0.000000	85.582733	78.372955
0.052429	96.416473	87.432861
0.104858	119.991302	108.871460
0.157286	167.541504	149.440765
0.209715	48.160553	43.792725
0.262144	71.067810	62.999725
0.314573	129.203796	114.097595
0.367002	97.846985	93.612671
0.419430	231.781006	213.756561
0.471859	70.095062	66.699982
0.524288	61.511993	54.550171
0.576717	172.290802	154.056549
0.629146	155.525208	142.745972
0.681574	124.073029	114.994049
0.734003	133.399963	122.604370
0.786432	57.067871	54.492950
0.838861	101.737976	92.601776
0.891290	76.427460	70.495605
0.943718	57.449341	51.307678
0.996147	124.797821	114.936829
1.048576	86.841583	79.250336
1.101005	66.719055	63.362122
1.153434	45.280457	42.629242
1.205862	78.411102	73.566437
1.258291	54.435730	50.468445
1.310720	43.506622	39.634705
1.363149	105.133057	95.996857
1.415578	125.503540	111.255646
1.468006	144.176483	130.138397
1.520435	169.315338	158.309937
1.572864	29.354095	26.721954
1.625293	45.623779	44.059753
1.677722	61.664581	56.324005
1.730150	24.318695	24.375916
1.782579	58.231354	54.397583
1.835008	162.220001	155.143738
1.887437	54.664612	50.163269
1.939866	91.629028	85.678101
1.992294	53.558350	50.754547
2.044723	19.931793	19.512177
2.097152	63.762665	57.086945
2.149581	40.969849	38.757324
2.202010	69.179535	62.808990
2.254438	203.113556	182.914734
2.306867	117.206573	110.721588
2.359296	211.296082	190.181732
2.411725	93.269348	87.509155
2.464154	40.969849	37.422180
2.516582	44.384003	39.043427
2.569011	126.132965	113.945007
2.621440	140.018463	126.705170
2.673869	36.144257	35.400391
2.726298	33.893585	32.272339
2.778726	55.389404	52.452087
2.831155	90.217590	82.626343
2.883584	46.901703	44.193268
2.936013	36.220551	33.931732
2.988442	46.482086	41.351318
3.040870	40.035248	37.689209
3.093299	35.343170	32.958984
3.145728	35.152435	31.318665
3.198157	45.967102	41.694641
3.250586	43.659210	38.852692
3.303014	40.493011	38.433075
3.355443	30.059814	29.640198
3.407872	21.324158	19.302368
3.460301	70.247650	63.247681
3.512730	50.048828	44.765472
3.565158	22.029877	21.266937
3.617587	37.384033	34.179688
3.670016	41.847229	38.318634
3.722445	61.855316	56.896210
3.774874	13.427734	13.084412
3.827302	45.490265	38.986206
3.879731	40.874481	39.501190
3.932160	73.451996	66.184998
3.984589	30.689240	28.038025
4.037018	46.482086	43.563843
4.089446	30.269623	29.106140
4.141875	28.648376	27.122498
4.194304	45.928955	43.392181
4.246733	19.359589	17.509460
4.299162	38.700104	36.029816
4.351590	89.130402	82.912445
4.404019	39.615631	36.087036
4.456448	41.027069	36.773682
4.508877	17.337799	16.365051
4.561306	28.266907	24.662018
4.613734	33.760071	32.329559
4.666163	19.016266	18.329620
4.718592	30.307770	29.220581
4.771021	17.700195	16.212463
4.823450	37.860870	34.618378
4.875878	18.939972	18.634796
4.928307	19.130707	17.700195
4.980736	31.356812	29.697418
5.033165	23.517609	22.621155
5.085594	22.544861	20.275116
5.138022	19.626617	17.337799
5.190451	21.438599	20.961761
5.242880	33.950806	32.787323
5.295309	23.956299	20.008087
5.347738	41.923523	37.975311
5.400166	34.580231	32.901764
5.452595	32.196045	31.013489
5.505024	29.659271	25.634766
5.557453	19.702911	18.444061
5.609882	43.640137	39.710999
5.662310	21.419525	20.847321
5.714739	21.495819	19.645691
5.767168	16.536713	15.735626
5.819597	26.359558	25.310516
5.872026	16.403198	17.070770
5.924454	26.092529	24.032593
5.976883	23.880005	22.945404
6.029312	39.272308	34.408569
6.081741	39.196014	35.591125
6.134170	31.375885	31.013489
6.186598	30.326843	28.400421
6.239027	89.282990	81.634521
6.291456	108.928680	100.193024
6.343885	74.863434	66.299438
6.396314	22.449493	20.523071
6.448742	31.833649	30.174255
6.501171	58.174133	54.378510
6.553600	30.193329	30.078888
6.606029	23.384094	21.686554
6.658458	43.411255	41.313171
6.710886	46.043396	41.656494
6.763315	40.645599	37.384033
6.815744	53.081512	47.836304
6.868173	36.334991	33.988953
6.920602	51.841736	48.046112
6.973030	87.566376	81.996918
7.025459	61.111450	54.664612
7.077888	17.967224	18.558502
7.130317	109.786987	101.985931
7.182746	46.176910	40.302277
7.235174	58.727264	53.672791
7.287603	32.863617	30.822754
7.340032	65.231323	60.272217
7.392461	65.631866	60.787201
7.444890	24.032593	23.803711
7.497318	56.438446	50.430298
7.549747	31.604767	29.430389
7.602176	35.533905	30.994415
7.654605	128.612518	121.364594
7.707034	82.321167	74.272156
7.759462	49.552917	46.234131
7.811891	70.991516	65.288544
7.864320	117.645264	108.776093
7.916749	163.993835	149.917603
7.969178	177.707672	160.865784
8.021606	34.103394	30.288696
8.074035	195.617676	178.432465
8.126464	112.190247	103.263855
8.178893	143.489838	132.408142
8.231322	101.680756	93.154907
8.283750	111.923218	101.814270
8.336179	63.552856	58.326721
8.388608	118.312836	105.953217
8.441037	256.767273	236.492157
8.493466	108.165741	102.443695
8.545894	195.808411	174.617767
8.598323	62.618256	55.637360
8.650752	59.413910	54.492950
8.703181	88.977814	79.956055
8.755610	277.996063	253.295898
8.808038	309.658051	280.857086
8.860467	185.337067	170.421600
8.912896	224.723816	203.266144
8.965325	248.317719	221.996307
9.017754	105.323792	96.244812
9.070182	121.536255	110.702515
9.122611	245.323181	229.988098
9.175040	279.636383	257.434845
9.227469	289.459229	262.145996
9.279898	161.075592	148.124695
9.332326	260.276794	236.625671
9.384755	258.636475	242.252350
9.437184	92.582703	83.522797
9.489613	61.149597	59.127808
9.542042	463.218689	416.316986
9.594470	312.232971	283.298492
9.646899	423.507690	386.734009
9.699328	137.996674	126.953125
9.751757	292.339325	266.475677
9.804186	291.042328	267.562866
9.856614	521.793365	478.973389
9.909043	395.240784	364.208221
9.961472	334.033966	305.137634
10.013901	391.674042	359.039307
10.066330	141.067505	126.800537
10.118758	113.277435	106.353760
10.171187	204.772949	188.350677
10.223616	221.328735	202.140808
10.276045	177.364349	161.514282
10.328474	124.588013	116.481781
10.380902	204.467773	189.933777
10.433331	187.511444	171.337128
10.485760	491.390228	439.548492
10.538189	829.334259	762.844086
10.590618	751.438141	680.484772
10.643046	141.792297	130.558014
10.695475	560.607910	510.120392
10.747904	840.549469	764.865875
10.800333	582.733154	527.286530
10.852762	391.521454	357.971191
10.905190	887.012482	811.882019
10.957619	571.556091	517.139435
11.010048	167.026520	158.958435
11.062477	196.132660	181.655884
11.114906	328.769684	304.698944
11.167334	681.800842	618.381500
11.219763	494.403839	455.627441
11.272192	362.796783	339.851379
11.324621	203.189850	188.350677
11.377050	123.634338	113.182068
11.429478	241.775513	222.606659
11.481907	433.826447	400.028229
11.534336	466.709137	426.254272
11.586765	497.589111	455.055237
11.639194	224.876404	207.271576
11.691622	371.208191	341.014862
11.744051	278.110504	260.314941
11.796480	397.815704	366.973877
11.848909	513.458252	472.640991
11.901338	805.530548	739.002228
11.953766	813.026428	737.571716
12.006195	386.581421	347.900391
12.058624	365.085602	332.431793
12.111053	164.184570	148.849487
12.163482	129.489899	117.969513
12.215910	597.934723	541.896820
12.268339	527.381897	484.771729
12.320768	518.283844	472.011566
12.373197	280.113220	256.328583
12.425626	368.499756	338.172913
12.478054	280.036926	258.369446
12.530483	474.987030	426.521301
12.582912	402.221680	371.894836
12.635341	125.465393	115.642548
12.687770	176.544189	163.040161
12.740198	441.761017	405.960083
12.792627	515.594482	469.322205
12.845056	223.445892	204.715729
12.897485	273.208618	245.647430
12.949914	898.094177	828.189850
13.002342	831.737518	766.735077
13.054771	777.282715	709.419250
13.107200	1081.542969	992.450714
13.159629	780.467987	707.740784
13.212058	658.855438	602.397919
13.264486	513.191223	470.886230
13.316915	516.071320	473.041534
13.369344	698.852539	643.863678
13.421773	938.034058	848.999023
13.474202	271.129608	247.554779
13.526630	172.767639	157.718658
13.579059	288.600922	260.715485
13.631488	361.061096	328.750610
13.683917	119.800568	108.489990
13.736346	215.034485	199.146271
13.788774	528.259277	482.177734
13.841203	313.186646	289.802551
13.893632	347.747803	314.159393
13.946061	509.109497	470.695496
13.998490	838.794708	767.478943
14.050918	612.297058	566.520691
14.103347	544.204712	495.090485
14.155776	521.335602	477.294922
14.208205	240.306854	221.347809
14.260634	327.606201	298.385620
14.313062	423.316956	390.186310
14.365491	826.320648	750.255585
