3/3/2026	12:50 PM
Pseudo Cross Correlation
Scattering angle:	48.01
Duration (s):	15
Wavelength (nm):	660.0
Refractive index:	1.330
Viscosity (mPas):	1.002
Temperature (K):	293.2
Laser intensity (mW):	84.000000
Average Count rate  A (kHz):	16.3
Average Count rate  B (kHz):	15.3
Intercept:	0.6100
Cumulant 1st	118.7489
Cumulant 2nd	97.8786	87.3106
Cumulant 3rd	91.8958	107.5104

Lag time (s)         g2-1
1.25E-08	0.648518
2.5E-08	0.581686
3.75E-08	0.670795
5E-08	0.537131
6.25E-08	0.737627
7.5E-08	0.537131
8.75E-08	0.403468
1E-07	0.62624
1.125E-07	0.62624
1.25E-07	0.670795
1.375E-07	0.537131
1.5E-07	0.603963
1.625E-07	0.826736
1.75E-07	0.492577
1.875E-07	0.603963
2E-07	0.470299
2.125E-07	0.514854
2.375E-07	0.87129
2.625E-07	0.525993
2.875E-07	0.481438
3.125E-07	0.514854
3.375E-07	0.815597
3.625E-07	0.681933
3.875E-07	0.670795
4.125E-07	0.603963
4.625E-07	0.620671
5.125E-07	0.670795
5.625E-07	0.782181
6.125E-07	0.498146
6.625E-07	0.54827
7.125E-07	0.459161
7.625E-07	0.754335
8.125E-07	0.609532
9.125E-07	0.665225
1.0125E-06	0.615102
1.1125E-06	0.645733
1.2125E-06	0.59004
1.3125E-06	0.42296
1.4125E-06	0.59004
1.5125E-06	0.659656
1.6125E-06	0.666618
1.8125E-06	0.560801
2.0125E-06	0.585863
2.2125E-06	0.654087
2.4125E-06	0.651302
2.6125E-06	0.647125
2.8125E-06	0.602571
3.0125E-06	0.509285
3.2125E-06	0.583078
3.6125E-06	0.592128
4.0125E-06	0.532954
4.4125E-06	0.683326
4.8125E-06	0.621367
5.2125E-06	0.669402
5.6125E-06	0.63181
6.0125E-06	0.615798
6.4125E-06	0.618241
7.2125E-06	0.639474
8.0125E-06	0.65653
8.8125E-06	0.651309
9.6125E-06	0.690643
1.04125E-05	0.606754
1.12125E-05	0.656182
1.20125E-05	0.575079
1.28125E-05	0.568987
1.44125E-05	0.613194
1.60125E-05	0.613542
1.76125E-05	0.634601
1.92125E-05	0.631642
2.08125E-05	0.619814
2.24125E-05	0.60154
2.40125E-05	0.604151
2.56125E-05	0.618335
2.88125E-05	0.602845
3.20125E-05	0.600234
3.52125E-05	0.582221
3.84125E-05	0.59188
4.16125E-05	0.586833
4.48125E-05	0.594752
4.80125E-05	0.58779
5.12125E-05	0.589574
5.76125E-05	0.59275
6.40125E-05	0.592031
7.04125E-05	0.579332
7.68125E-05	0.575205
8.32125E-05	0.592958
8.96125E-05	0.574777
9.60125E-05	0.589012
0.000102413	0.581723
0.000115213	0.595537
0.000128013	0.56262
0.000140813	0.571829
0.000153613	0.562611
0.000166413	0.565527
0.000179213	0.568819
0.000192013	0.552551
0.000204813	0.558855
0.000230413	0.549748
0.000256013	0.54095
0.000281613	0.536555
0.000307213	0.527256
0.000332813	0.523285
0.000358413	0.519887
0.000384013	0.512228
0.000409613	0.509125
0.000460813	0.496174
0.000512013	0.486488
0.000563213	0.480245
0.000614413	0.465598
0.000665613	0.457354
0.000716813	0.448994
0.000768013	0.444272
0.000819213	0.430958
0.000921613	0.415846
0.00102401	0.399806
0.00112641	0.389391
0.00122881	0.371079
0.00133121	0.35746
0.00143361	0.350459
0.00153601	0.334891
0.00163841	0.32156
0.00184321	0.301991
0.00204801	0.285727
0.00225281	0.270111
0.00245761	0.25602
0.00266241	0.245333
0.00286721	0.229641
0.00307201	0.213924
0.00327681	0.205074
0.00368641	0.185138
0.00409601	0.16602
0.00450561	0.149577
0.00491521	0.138136
0.00532481	0.128742
0.00573441	0.117949
0.00614401	0.110766
0.00655361	0.103815
0.00737281	0.0878402
0.00819201	0.0722636
0.00901121	0.0610198
0.00983041	0.0486777
0.0106496	0.040884
0.0114688	0.0353948
0.012288	0.0292914
0.0131072	0.0258588
0.0147456	0.0216772
0.016384	0.0178277
0.0180224	0.020819
0.0196608	0.0277014
0.0212992	0.0334891
0.0229376	0.0378131
0.024576	0.034953
0.0262144	0.0365577
0.0294912	0.0425331
0.032768	0.0425807
0.0360448	0.0321261
0.0393216	0.0236514
0.0425984	0.0239512
0.0458752	0.0316183
0.049152	0.0320537
0.0524288	0.0329005
0.0589824	0.0362323
0.065536	0.0323119
0.0720896	0.0249095
0.0786432	0.0175089
0.0851968	0.0226846
0.0917504	0.0306137
0.098304	0.0206114
0.104858	0.0233768
0.117965	0.0313364
0.131072	0.0313699
0.144179	0.0291269
0.157286	0.0109177
0.170394	0.00547854
0.183501	0.0147157
0.196608	0.0207039
0.209715	0.0167551
0.23593	0.0205537
0.262144	0.0203938
0.288358	0.0221912
0.314573	0.0142509
0.340787	0.0125835
0.367002	0.0118129
0.393216	0.0139834
0.41943	0.0110206
0.471859	0.0159186
0.524288	0.0223875
0.576717	0.0174766
0.629146	0.00911346
0.681574	0.00424655
0.734003	0.00378977
0.786432	0.0126436
0.838861	0.00379731
0.943718	0.00104549
1.04858	-0.00340248
1.15343	-0.0101393
1.25829	-0.0152347
1.36315	-0.0235874
1.46801	-0.034469
1.57286	-0.0320411
1.67772	-0.0361567
1.88744	-0.0379059
2.09715	-0.0510107
2.30687	-0.0535069
2.51658	-0.0624522
2.7263	-0.0710596
2.93601	-0.0693814
3.14573	-0.0736922
3.35544	-0.0773212
3.77487	-0.081433
4.1943	-0.0802033
4.61373	-0.0785718
5.03316	-0.0765257
5.4526	-0.0783092
5.87203	-0.0781781
6.29146	-0.0743468
6.71089	-0.0528228
7.54975	-0.0292119
8.38861	-0.00051047
9.22747	0.0239107
10.0663	0.0336704
10.9052	0.0303733
11.7441	0.0663893
12.5829	0.099842

Count Rate History (KHz)  CR CHA / CR CHB
0.000000	17.623901	17.108917
0.052429	18.196106	17.795563
0.104858	24.375916	22.907257
0.157286	25.157928	23.307800
0.209715	37.689209	35.896301
0.262144	20.523071	17.852783
0.314573	14.247894	13.160706
0.367002	18.386841	16.632080
0.419430	20.008087	19.588470
0.471859	13.771057	12.378693
0.524288	21.057129	20.847321
0.576717	13.351440	13.275146
0.629146	26.779175	25.177002
0.681574	24.585724	21.381378
0.734003	19.531250	17.776489
0.786432	24.776459	23.651123
0.838861	23.708344	22.106171
0.891290	16.460419	16.002655
0.943718	28.076172	25.978088
0.996147	31.471252	29.811859
1.048576	25.787354	24.108887
1.101005	15.773773	15.449524
1.153434	22.125244	20.141602
1.205862	31.623840	29.335022
1.258291	17.776489	16.574860
1.310720	30.841827	28.877258
1.363149	14.305115	13.179779
1.415578	32.062531	29.506683
1.468006	18.959045	17.528534
1.520435	23.822784	22.926331
1.572864	18.634796	18.768311
1.625293	11.920929	10.337830
1.677722	16.899109	16.422272
1.730150	13.504028	11.920929
1.782579	20.046234	18.711090
1.835008	18.920898	19.359589
1.887437	18.501282	17.375946
1.939866	24.776459	24.852753
1.992294	31.242371	28.495789
2.044723	15.411377	14.438629
2.097152	26.893616	25.310516
2.149581	18.653870	17.871857
2.202010	12.397766	12.474060
2.254438	19.035339	18.100739
2.306867	24.337769	23.612976
2.359296	12.969971	13.313293
2.411725	16.403198	16.307831
2.464154	13.370514	12.989044
2.516582	13.523102	12.950897
2.569011	18.882751	18.253326
2.621440	24.223328	22.335052
2.673869	20.160675	18.749237
2.726298	12.397766	12.435913
2.778726	12.607574	12.054443
2.831155	15.144348	13.942719
2.883584	19.416809	18.234253
2.936013	10.604858	9.880066
2.988442	16.708374	14.762878
3.040870	22.830963	19.340515
3.093299	18.558502	17.242432
3.145728	15.220642	13.332367
3.198157	21.305084	20.790100
3.250586	16.536713	15.888214
3.303014	16.174316	15.449524
3.355443	17.166138	15.907288
3.407872	18.787384	15.926361
3.460301	11.672974	11.959076
3.512730	13.980865	13.656616
3.565158	16.441345	14.533997
3.617587	21.133423	19.092560
3.670016	11.711121	11.234283
3.722445	13.828278	13.256073
3.774874	10.490417	9.994507
3.827302	14.972687	13.885498
3.879731	16.498566	16.098022
3.932160	14.533997	12.454987
3.984589	12.226105	11.672974
4.037018	13.103485	13.065338
4.089446	14.114380	11.749268
4.141875	10.051727	10.490417
4.194304	15.907288	14.629364
4.246733	20.427704	19.531250
4.299162	13.523102	10.948181
4.351590	15.029907	13.751984
4.404019	9.994507	9.727478
4.456448	17.032623	16.193390
4.508877	10.242462	10.032654
4.561306	10.566711	9.937286
4.613734	11.329651	9.517670
4.666163	13.790131	12.912750
4.718592	14.324188	13.351440
4.771021	9.860992	10.242462
4.823450	14.495850	13.751984
4.875878	16.174316	14.648438
4.928307	13.942719	12.664795
4.980736	11.959076	11.196136
5.033165	8.888245	8.468628
5.085594	13.866425	13.580322
5.138022	10.223389	9.365082
5.190451	24.642944	23.822784
5.242880	14.533997	13.828278
5.295309	13.542175	13.484955
5.347738	16.288757	15.602112
5.400166	13.008118	11.768341
5.452595	15.029907	14.553070
5.505024	7.972717	7.457733
5.557453	17.871857	16.422272
5.609882	13.237000	11.844635
5.662310	13.446808	11.501312
5.714739	14.171600	13.160706
5.767168	21.057129	19.321442
5.819597	17.681122	16.269684
5.872026	18.024445	16.899109
5.924454	14.820099	13.523102
5.976883	10.223389	9.307861
6.029312	10.185242	9.269714
6.081741	13.389587	12.245178
6.134170	11.062622	10.147095
6.186598	12.950897	11.138916
6.239027	16.937256	15.659332
6.291456	13.237000	12.130737
6.343885	8.792877	8.182526
6.396314	10.585785	10.395050
6.448742	12.912750	11.310577
6.501171	11.196136	10.528564
6.553600	11.157990	10.833740
6.606029	9.155273	8.773804
6.658458	12.760162	12.454987
6.710886	9.479523	8.659363
6.763315	12.321472	13.275146
6.815744	10.967255	10.223389
6.868173	12.664795	11.157990
6.920602	11.806488	11.100769
6.973030	18.692017	17.242432
7.025459	16.536713	16.288757
7.077888	17.108917	16.117096
7.130317	12.931824	12.931824
7.182746	12.321472	12.187958
7.235174	14.705658	14.820099
7.287603	9.860992	8.888245
7.340032	10.490417	10.890961
7.392461	15.659332	14.762878
7.444890	9.555817	7.820129
7.497318	12.454987	13.065338
7.549747	9.975433	10.318756
7.602176	11.310577	10.967255
7.654605	16.994476	16.403198
7.707034	12.416840	12.950897
7.759462	13.217926	12.302399
7.811891	13.275146	11.997223
7.864320	9.517670	10.032654
7.916749	8.487701	8.602142
7.969178	11.825562	12.531281
8.021606	12.416840	13.141632
8.074035	19.664764	17.719269
8.126464	18.005371	16.708374
8.178893	13.771057	12.741089
8.231322	10.471344	10.185242
8.283750	16.593933	16.899109
8.336179	9.765625	9.136200
8.388608	13.237000	12.416840
8.441037	10.490417	10.128021
8.493466	12.817383	11.978149
8.545894	13.046265	12.264252
8.598323	16.117096	14.228821
8.650752	15.373230	12.950897
8.703181	13.484955	12.187958
8.755610	10.585785	9.937286
8.808038	12.531281	12.626648
8.860467	15.773773	14.705658
8.912896	15.430450	14.324188
8.965325	19.264221	17.375946
9.017754	13.942719	13.237000
9.070182	21.705627	20.732880
9.122611	13.294220	12.683868
9.175040	14.400482	13.523102
9.227469	13.885498	12.874603
9.279898	17.890930	16.403198
9.332326	12.302399	13.179779
9.384755	13.465881	12.798309
9.437184	11.253357	10.452271
9.489613	20.999908	20.275116
9.542042	15.888214	15.277863
9.594470	16.345978	14.362335
9.646899	20.484924	18.997192
9.699328	14.457703	14.839172
9.751757	17.490387	16.708374
9.804186	14.362335	12.664795
9.856614	19.569397	18.596649
9.909043	12.702942	12.798309
9.961472	10.261536	10.299683
10.013901	16.422272	17.013550
10.066330	15.354156	14.724731
10.118758	20.809174	18.215179
10.171187	25.768280	23.918152
10.223616	12.378693	10.852814
10.276045	11.215210	10.700226
10.328474	14.476776	13.637543
10.380902	14.781952	14.362335
10.433331	21.152496	19.779205
10.485760	17.738342	15.964508
10.538189	26.531219	23.822784
10.590618	24.814606	22.697449
10.643046	21.648407	20.103455
10.695475	15.010834	15.182495
10.747904	13.313293	11.997223
10.800333	13.027191	11.787415
10.852762	11.329651	12.111664
10.905190	15.888214	14.457703
10.957619	15.029907	14.400482
11.010048	16.670227	15.888214
11.062477	16.345978	14.209747
11.114906	15.468597	13.675690
11.167334	22.544861	21.591187
11.219763	14.877319	13.008118
11.272192	14.324188	14.152527
11.324621	16.899109	15.220642
11.377050	11.634827	10.433197
11.429478	16.956329	15.182495
11.481907	14.781952	14.553070
11.534336	16.345978	15.468597
11.586765	14.572144	13.065338
11.639194	12.321472	12.512207
11.691622	13.999939	12.207031
11.744051	14.572144	12.607574
11.796480	16.460419	17.127991
11.848909	16.117096	14.781952
11.901338	14.572144	15.010834
11.953766	11.405945	10.032654
12.006195	12.073517	12.054443
12.058624	19.741058	17.337799
12.111053	13.751984	13.389587
12.163482	21.495819	20.446777
12.215910	13.217926	12.779236
12.268339	12.607574	11.653900
12.320768	9.670258	9.384155
12.373197	21.667480	18.959045
12.425626	31.318665	28.362274
12.478054	16.345978	14.972687
12.530483	18.043518	17.356873
12.582912	15.106201	14.114380
12.635341	17.414093	15.678406
12.687770	29.239655	27.160645
12.740198	15.430450	15.964508
12.792627	13.732910	12.111664
12.845056	19.550323	17.108917
12.897485	25.291443	23.708344
12.949914	23.880005	22.506714
13.002342	17.852783	16.174316
13.054771	12.054443	10.128021
13.107200	16.479492	15.869141
13.159629	17.509460	15.907288
13.212058	19.721985	19.207001
13.264486	13.103485	12.111664
13.316915	10.566711	9.670258
13.369344	15.010834	14.724731
13.421773	18.291473	17.547607
13.474202	27.236938	25.310516
13.526630	16.860962	15.354156
13.579059	13.237000	13.046265
13.631488	15.735626	14.820099
13.683917	18.043518	16.098022
13.736346	18.939972	17.795563
13.788774	18.768311	16.689301
13.841203	19.416809	17.986298
13.893632	19.321442	17.681122
13.946061	21.095276	19.302368
13.998490	20.256042	19.969940
14.050918	14.324188	13.389587
14.103347	17.700195	17.490387
14.155776	20.751953	17.967224
14.208205	13.504028	14.762878
14.260634	17.070770	15.068054
14.313062	20.790100	20.027161
14.365491	15.926361	14.953613
