3/3/2026	12:35 PM
Pseudo Cross Correlation
Scattering angle:	20.01
Duration (s):	15
Wavelength (nm):	660.0
Refractive index:	1.330
Viscosity (mPas):	1.002
Temperature (K):	293.2
Laser intensity (mW):	84.000000
Average Count rate  A (kHz):	116.0
Average Count rate  B (kHz):	106.6
Intercept:	0.7486
Cumulant 1st	224.9746
Cumulant 2nd	205.9688	139.7146
Cumulant 3rd	189.9110	223.8203

Lag time (s)         g2-1
1.25E-08	0.719993
2.5E-08	0.739808
3.75E-08	0.737166
5E-08	0.700618
6.25E-08	0.726598
7.5E-08	0.810704
8.75E-08	0.730561
1E-07	0.79309
1.125E-07	0.747735
1.25E-07	0.704581
1.375E-07	0.714709
1.5E-07	0.733644
1.625E-07	0.735405
1.75E-07	0.763147
1.875E-07	0.734965
2E-07	0.721754
2.125E-07	0.745313
2.375E-07	0.762486
2.625E-07	0.761385
2.875E-07	0.736506
3.125E-07	0.753679
3.375E-07	0.726158
3.625E-07	0.762266
3.875E-07	0.775036
4.125E-07	0.739148
4.625E-07	0.751037
5.125E-07	0.751037
5.625E-07	0.757642
6.125E-07	0.759074
6.625E-07	0.728139
7.125E-07	0.762046
7.625E-07	0.747625
8.125E-07	0.755276
9.125E-07	0.728965
1.0125E-06	0.765238
1.1125E-06	0.738487
1.2125E-06	0.745973
1.3125E-06	0.756652
1.4125E-06	0.755165
1.5125E-06	0.737166
1.6125E-06	0.742533
1.8125E-06	0.757312
2.0125E-06	0.748092
2.2125E-06	0.756459
2.4125E-06	0.742836
2.6125E-06	0.752111
2.8125E-06	0.753321
3.0125E-06	0.769146
3.2125E-06	0.751987
3.6125E-06	0.749826
4.0125E-06	0.748299
4.4125E-06	0.740964
4.8125E-06	0.751643
5.2125E-06	0.751023
5.6125E-06	0.749551
6.0125E-06	0.753996
6.4125E-06	0.75509
7.2125E-06	0.747198
8.0125E-06	0.752276
8.8125E-06	0.753913
9.6125E-06	0.751856
1.04125E-05	0.749854
1.12125E-05	0.740345
1.20125E-05	0.750996
1.28125E-05	0.750225
1.44125E-05	0.752571
1.60125E-05	0.746964
1.76125E-05	0.748529
1.92125E-05	0.749658
2.08125E-05	0.753363
2.24125E-05	0.754326
2.40125E-05	0.748725
2.56125E-05	0.748995
2.88125E-05	0.7497
3.20125E-05	0.750918
3.52125E-05	0.750168
3.84125E-05	0.751596
4.16125E-05	0.749681
4.48125E-05	0.748742
4.80125E-05	0.749263
5.12125E-05	0.750171
5.76125E-05	0.748568
6.40125E-05	0.745561
7.04125E-05	0.746791
7.68125E-05	0.745021
8.32125E-05	0.751395
8.96125E-05	0.746966
9.60125E-05	0.74826
0.000102413	0.746453
0.000115213	0.745463
0.000128013	0.745083
0.000140813	0.744717
0.000153613	0.743951
0.000166413	0.744992
0.000179213	0.743644
0.000192013	0.743845
0.000204813	0.743061
0.000230413	0.742956
0.000256013	0.740851
0.000281613	0.740791
0.000307213	0.739423
0.000332813	0.73844
0.000358413	0.737211
0.000384013	0.736479
0.000409613	0.735526
0.000460813	0.734554
0.000512013	0.732358
0.000563213	0.731081
0.000614413	0.728805
0.000665613	0.728083
0.000716813	0.724845
0.000768013	0.724031
0.000819213	0.722665
0.000921613	0.719009
0.00102401	0.716293
0.00112641	0.713524
0.00122881	0.709933
0.00133121	0.706913
0.00143361	0.704079
0.00153601	0.700606
0.00163841	0.697799
0.00184321	0.691792
0.00204801	0.686232
0.00225281	0.680849
0.00245761	0.674927
0.00266241	0.669051
0.00286721	0.66358
0.00307201	0.658851
0.00327681	0.653136
0.00368641	0.642984
0.00409601	0.632461
0.00450561	0.622995
0.00491521	0.613193
0.00532481	0.603791
0.00573441	0.594238
0.00614401	0.584883
0.00655361	0.575918
0.00737281	0.559031
0.00819201	0.542934
0.00901121	0.526835
0.00983041	0.511476
0.0106496	0.497245
0.0114688	0.483806
0.012288	0.471114
0.0131072	0.459269
0.0147456	0.436226
0.016384	0.413689
0.0180224	0.392417
0.0196608	0.372728
0.0212992	0.35293
0.0229376	0.332954
0.024576	0.312583
0.0262144	0.293403
0.0294912	0.259734
0.032768	0.231556
0.0360448	0.209359
0.0393216	0.19388
0.0425984	0.180556
0.0458752	0.168459
0.049152	0.155349
0.0524288	0.140165
0.0589824	0.110336
0.065536	0.0865067
0.0720896	0.0661756
0.0786432	0.0487046
0.0851968	0.0396708
0.0917504	0.0367242
0.098304	0.039034
0.104858	0.0437512
0.117965	0.0377659
0.131072	0.0159983
0.144179	0.00672175
0.157286	0.0132747
0.170394	0.0176689
0.183501	0.0245562
0.196608	0.028531
0.209715	0.0320681
0.23593	0.0143027
0.262144	-0.0184401
0.288358	-0.0369008
0.314573	-0.032835
0.340787	-0.0121156
0.367002	0.00457324
0.393216	0.0243591
0.41943	0.0421327
0.471859	0.0469153
0.524288	-0.000243851
0.576717	-0.00534569
0.629146	-0.0211964
0.681574	-0.0559167
0.734003	-0.0409998
0.786432	-0.0125056
0.838861	0.00781485
0.943718	0.00237911
1.04858	-0.0408192
1.15343	-0.0368366
1.25829	-0.0110072
1.36315	0.0298066
1.46801	-0.0134244
1.57286	0.0114008
1.67772	-0.000648154
1.88744	-0.00342762
2.09715	-0.0425496
2.30687	-0.0204
2.51658	-0.0309617
2.7263	-0.0619822
2.93601	-0.0480868
3.14573	-0.0339518
3.35544	-0.0224945
3.77487	-0.0379587
4.1943	-0.076811
4.61373	-0.0697113
5.03316	-0.106012
5.4526	-0.0994958
5.87203	-0.105523
6.29146	-0.0961224
6.71089	-0.103025
7.54975	-0.162379
8.38861	-0.154801
9.22747	-0.203539
10.0663	-0.174803
10.9052	-0.156919
11.7441	-0.214488
12.5829	-0.345633

Count Rate History (KHz)  CR CHA / CR CHB
0.000000	112.056732	104.980469
0.052429	143.642426	129.833221
0.104858	233.821869	214.061737
0.157286	278.682709	250.186920
0.209715	311.622620	285.663605
0.262144	79.269409	72.784424
0.314573	77.934265	72.708130
0.367002	70.247650	65.498352
0.419430	47.416687	44.307709
0.471859	82.721710	73.928833
0.524288	115.013123	104.236603
0.576717	90.560913	84.247589
0.629146	199.356079	181.922913
0.681574	180.149078	167.522430
0.734003	29.411316	27.103424
0.786432	71.678162	67.176819
0.838861	69.484711	61.435699
0.891290	43.869019	40.206909
0.943718	113.620758	104.351044
0.996147	199.871063	180.549622
1.048576	223.865509	207.271576
1.101005	183.582306	169.563293
1.153434	108.280182	101.566315
1.205862	94.966888	83.580017
1.258291	216.655731	199.394226
1.310720	63.533783	58.383942
1.363149	47.645569	43.964386
1.415578	304.279327	275.878906
1.468006	232.715607	212.707520
1.520435	221.576691	208.168030
1.572864	160.827637	147.972107
1.625293	295.944214	271.072388
1.677722	198.955536	182.266235
1.730150	126.724243	112.609863
1.782579	119.533539	111.675262
1.835008	130.157471	120.449066
1.887437	57.640076	55.503845
1.939866	160.617828	146.560669
1.992294	158.386230	148.181915
2.044723	138.149261	123.367310
2.097152	113.525391	105.800629
2.149581	88.100433	80.890656
2.202010	110.549927	102.443695
2.254438	203.933716	184.631348
2.306867	278.205872	256.061554
2.359296	161.724091	152.130127
2.411725	76.465607	69.580078
2.464154	38.185120	36.201477
2.516582	102.767944	97.160339
2.569011	161.132813	146.350861
2.621440	153.484344	138.378143
2.673869	160.961151	150.070190
2.726298	134.201050	121.173859
2.778726	50.201416	44.841766
2.831155	141.563416	125.885010
2.883584	120.391846	111.236572
2.936013	76.427460	71.201324
2.988442	101.985931	91.018677
3.040870	98.590851	89.550018
3.093299	29.792786	25.997162
3.145728	96.569061	87.337494
3.198157	167.407990	153.484344
3.250586	163.936615	154.094696
3.303014	110.244751	103.588104
3.355443	101.528168	95.748901
3.407872	182.342529	165.367126
3.460301	79.593658	73.890686
3.512730	242.080688	222.854614
3.565158	175.228119	162.029266
3.617587	214.519501	195.064545
3.670016	186.920166	170.612335
3.722445	143.928528	132.713318
3.774874	58.002472	54.531097
3.827302	148.277283	135.765076
3.879731	214.881897	198.345184
3.932160	97.637177	91.838837
3.984589	366.115570	335.350037
4.037018	464.019775	425.758362
4.089446	140.933990	130.329132
4.141875	105.190277	91.762543
4.194304	67.901611	62.618256
4.246733	121.021271	112.018585
4.299162	59.261322	54.683685
4.351590	68.130493	62.274933
4.404019	149.440765	139.598846
4.456448	91.819763	82.798004
4.508877	64.926147	62.160492
4.561306	55.236816	50.449371
4.613734	69.694519	66.642761
4.666163	114.898682	104.789734
4.718592	123.748779	113.754272
4.771021	109.405518	102.043152
4.823450	76.885223	73.661804
4.875878	142.631531	129.814148
4.928307	173.263550	157.852173
4.980736	86.250305	81.653595
5.033165	111.827850	103.168488
5.085594	38.223267	35.324097
5.138022	106.315613	98.361969
5.190451	214.176178	196.113586
5.242880	76.103210	71.678162
5.295309	33.893585	31.528473
5.347738	62.141418	56.343079
5.400166	174.961090	158.367157
5.452595	158.805847	145.263672
5.505024	59.375763	56.381226
5.557453	191.535950	177.307129
5.609882	452.804565	404.281616
5.662310	266.647339	243.263245
5.714739	128.574371	117.053986
5.767168	50.048828	45.738220
5.819597	151.443481	137.596130
5.872026	187.110901	170.249939
5.924454	38.757324	35.018921
5.976883	92.773438	85.983276
6.029312	168.247223	155.735016
6.081741	95.767975	88.615417
6.134170	46.997070	44.250488
6.186598	65.593719	60.234070
6.239027	60.005188	53.958893
6.291456	66.719055	62.885284
6.343885	41.961670	41.027069
6.396314	72.135925	67.176819
6.448742	77.095032	67.710876
6.501171	135.803223	122.985840
6.553600	95.977783	90.637207
6.606029	144.443512	133.590698
6.658458	109.291077	98.304749
6.710886	32.005310	29.735565
6.763315	102.291107	93.994141
6.815744	89.149475	83.236694
6.868173	114.231110	106.163025
6.920602	59.051514	51.784515
6.973030	97.255707	88.119507
7.025459	114.631653	105.628967
7.077888	124.988556	111.522675
7.130317	108.070374	99.811554
7.182746	52.528381	47.416687
7.235174	167.331696	153.121948
7.287603	117.053986	109.672546
7.340032	411.663055	373.859406
7.392461	192.108154	173.873901
7.444890	330.104828	306.205750
7.497318	222.129822	207.195282
7.549747	76.045990	70.133209
7.602176	37.269592	34.446716
7.654605	53.253174	51.040649
7.707034	145.912170	136.432648
7.759462	121.650696	108.623505
7.811891	127.143860	117.473602
7.864320	175.132751	162.239075
7.916749	129.089355	120.849609
7.969178	105.457306	99.887848
8.021606	59.909821	52.719116
8.074035	47.378540	44.746399
8.126464	58.822632	57.487488
8.178893	142.955780	131.378174
8.231322	75.531006	68.778992
8.283750	157.661438	142.631531
8.336179	323.791504	296.154022
8.388608	84.514618	78.449249
8.441037	71.907043	66.871643
8.493466	60.977936	59.051514
8.545894	93.879700	83.599091
8.598323	118.103027	109.558105
8.650752	75.321198	68.054199
8.703181	66.318512	63.381195
8.755610	191.154480	176.067352
8.808038	133.152008	121.994019
8.860467	103.721619	93.040466
8.912896	82.130432	75.550079
8.965325	62.122345	58.803558
9.017754	75.702667	73.032379
9.070182	200.500488	184.669495
9.122611	67.462921	62.007904
9.175040	124.549866	110.511780
9.227469	212.650299	195.846558
9.279898	78.392029	72.612762
9.332326	39.443970	36.048889
9.384755	75.168610	69.561005
9.437184	146.923065	132.637024
9.489613	57.544708	51.822662
9.542042	78.964233	71.144104
9.594470	50.640106	47.473907
9.646899	109.138489	101.051331
9.699328	269.279480	248.088837
9.751757	83.293915	78.277588
9.804186	44.898987	40.702820
9.856614	85.678101	77.915192
9.909043	37.021637	33.206940
9.961472	68.492889	60.329437
10.013901	70.419312	65.326691
10.066330	43.239594	40.817261
10.118758	46.272278	43.678284
10.171187	30.498505	27.637482
10.223616	69.103241	65.593719
10.276045	157.299042	141.925812
10.328474	89.092255	83.637238
10.380902	68.607330	63.343048
10.433331	271.587372	248.851776
10.485760	263.214111	237.331390
10.538189	85.144043	78.163147
10.590618	59.013367	55.389404
10.643046	89.473724	82.092285
10.695475	94.318390	86.727142
10.747904	37.593842	35.858154
10.800333	41.027069	39.825439
10.852762	45.890808	42.762756
10.905190	43.811798	42.839050
10.957619	35.190582	33.168793
11.010048	186.653137	169.143677
11.062477	146.560669	134.620667
11.114906	86.460114	83.370209
11.167334	41.446686	39.825439
11.219763	67.672729	60.253143
11.272192	127.582550	118.598938
11.324621	99.105835	90.694427
11.377050	106.830597	99.506378
11.429478	67.253113	62.522888
11.481907	186.843872	169.868469
11.534336	177.726746	162.010193
11.586765	104.770660	97.694397
11.639194	115.470886	107.669830
11.691622	84.400177	78.754425
11.744051	137.386322	127.773285
11.796480	257.549286	238.513947
11.848909	202.445984	183.029175
11.901338	58.536530	51.975250
11.953766	137.519836	124.797821
12.006195	201.358795	181.903839
12.058624	207.633972	187.969208
12.111053	182.952881	166.854858
12.163482	140.018463	127.544403
12.215910	119.438171	109.291077
12.268339	98.228455	91.133118
12.320768	121.726990	112.628937
12.373197	111.904144	101.032257
12.425626	88.138580	83.637238
12.478054	30.746460	27.923584
12.530483	25.978088	23.117065
12.582912	89.130402	81.996918
12.635341	42.800903	39.367676
12.687770	36.144257	32.138824
12.740198	28.839111	25.863647
12.792627	41.370392	38.032532
12.845056	76.599121	68.454742
12.897485	47.492981	44.822693
12.949914	46.520233	44.937134
13.002342	64.907074	61.054230
13.054771	27.904510	24.738312
13.107200	39.615631	36.087036
13.159629	61.626434	56.762695
13.212058	26.855469	25.177002
13.264486	45.509338	43.544769
13.316915	31.280518	29.335022
13.369344	309.047699	283.336639
13.421773	206.222534	186.328888
13.474202	195.693970	179.729462
13.526630	51.326752	48.561096
13.579059	32.043457	30.956268
13.631488	56.915283	51.612854
13.683917	95.806122	89.321136
13.736346	35.438538	33.187866
13.788774	41.103363	36.411285
13.841203	43.945313	42.495728
13.893632	114.326477	106.563568
13.946061	172.042847	157.089233
13.998490	102.272034	94.242096
14.050918	113.658905	105.247498
14.103347	45.871735	44.212341
14.155776	34.408569	32.634735
14.208205	58.784485	54.512024
14.260634	71.887970	66.699982
14.313062	48.770905	46.520233
14.365491	49.972534	45.261383
14.417920	168.132782	156.478882
14.470349	37.078857	35.533905
14.522778	64.773560	60.138702
14.575206	18.291473	17.738342
14.627635	31.242371	29.449463
