3/3/2026	12:36 PM
Pseudo Cross Correlation
Scattering angle:	24.02
Duration (s):	15
Wavelength (nm):	660.0
Refractive index:	1.330
Viscosity (mPas):	1.002
Temperature (K):	293.2
Laser intensity (mW):	84.000000
Average Count rate  A (kHz):	217.0
Average Count rate  B (kHz):	198.4
Intercept:	2.1301
Cumulant 1st	2709.4224
Cumulant 2nd	1697.6947	1479.5454
Cumulant 3rd	1144.5997	1292.6457

Lag time (s)         g2-1
1.25E-08	2.16781
2.5E-08	2.15883
3.75E-08	2.16528
5E-08	2.1287
6.25E-08	2.15883
7.5E-08	2.1449
8.75E-08	2.17123
1E-07	2.18313
1.125E-07	2.12832
1.25E-07	2.16857
1.375E-07	2.16199
1.5E-07	2.17959
1.625E-07	2.13224
1.75E-07	2.14528
1.875E-07	2.11465
2E-07	2.18288
2.125E-07	2.15452
2.375E-07	2.13794
2.625E-07	2.16516
2.875E-07	2.15572
3.125E-07	2.15864
3.375E-07	2.16231
3.625E-07	2.16592
3.875E-07	2.15535
4.125E-07	2.15981
4.625E-07	2.14436
5.125E-07	2.15724
5.625E-07	2.15237
6.125E-07	2.1661
6.625E-07	2.14984
7.125E-07	2.1556
7.625E-07	2.15927
8.125E-07	2.1424
9.125E-07	2.14489
1.0125E-06	2.14454
1.1125E-06	2.15688
1.2125E-06	2.15799
1.3125E-06	2.1447
1.4125E-06	2.17114
1.5125E-06	2.15405
1.6125E-06	2.15204
1.8125E-06	2.1525
2.0125E-06	2.14919
2.2125E-06	2.15523
2.4125E-06	2.15584
2.6125E-06	2.1541
2.8125E-06	2.15193
3.0125E-06	2.157
3.2125E-06	2.15496
3.6125E-06	2.16276
4.0125E-06	2.15603
4.4125E-06	2.15736
4.8125E-06	2.1585
5.2125E-06	2.15215
5.6125E-06	2.15552
6.0125E-06	2.16043
6.4125E-06	2.15464
7.2125E-06	2.15716
8.0125E-06	2.1559
8.8125E-06	2.15435
9.6125E-06	2.15301
1.04125E-05	2.15632
1.12125E-05	2.15344
1.20125E-05	2.15483
1.28125E-05	2.15727
1.44125E-05	2.15206
1.60125E-05	2.15821
1.76125E-05	2.1545
1.92125E-05	2.15431
2.08125E-05	2.15405
2.24125E-05	2.15531
2.40125E-05	2.15361
2.56125E-05	2.15242
2.88125E-05	2.15417
3.20125E-05	2.15478
3.52125E-05	2.15385
3.84125E-05	2.15416
4.16125E-05	2.15318
4.48125E-05	2.15417
4.80125E-05	2.15486
5.12125E-05	2.15337
5.76125E-05	2.15309
6.40125E-05	2.15511
7.04125E-05	2.15365
7.68125E-05	2.153
8.32125E-05	2.15237
8.96125E-05	2.15079
9.60125E-05	2.1503
0.000102413	2.15061
0.000115213	2.15003
0.000128013	2.14911
0.000140813	2.14883
0.000153613	2.148
0.000166413	2.14778
0.000179213	2.14809
0.000192013	2.14636
0.000204813	2.1454
0.000230413	2.14487
0.000256013	2.14325
0.000281613	2.1416
0.000307213	2.14164
0.000332813	2.13999
0.000358413	2.13943
0.000384013	2.13813
0.000409613	2.13689
0.000460813	2.13403
0.000512013	2.13149
0.000563213	2.12884
0.000614413	2.12712
0.000665613	2.12446
0.000716813	2.12191
0.000768013	2.1191
0.000819213	2.1174
0.000921613	2.11269
0.00102401	2.10839
0.00112641	2.10382
0.00122881	2.09895
0.00133121	2.09481
0.00143361	2.0908
0.00153601	2.08607
0.00163841	2.08196
0.00184321	2.07388
0.00204801	2.06594
0.00225281	2.05823
0.00245761	2.05033
0.00266241	2.04264
0.00286721	2.03508
0.00307201	2.02795
0.00327681	2.02052
0.00368641	2.00567
0.00409601	1.99233
0.00450561	1.97918
0.00491521	1.96684
0.00532481	1.95438
0.00573441	1.94179
0.00614401	1.92956
0.00655361	1.91699
0.00737281	1.89272
0.00819201	1.86991
0.00901121	1.84905
0.00983041	1.82916
0.0106496	1.81011
0.0114688	1.79218
0.012288	1.7735
0.0131072	1.75493
0.0147456	1.72185
0.016384	1.68895
0.0180224	1.65263
0.0196608	1.61752
0.0212992	1.58533
0.0229376	1.55627
0.024576	1.52983
0.0262144	1.50428
0.0294912	1.45958
0.032768	1.42098
0.0360448	1.38186
0.0393216	1.34838
0.0425984	1.30752
0.0458752	1.26508
0.049152	1.23382
0.0524288	1.20599
0.0589824	1.16369
0.065536	1.13177
0.0720896	1.1171
0.0786432	1.10892
0.0851968	1.12247
0.0917504	1.14454
0.098304	1.16747
0.104858	1.18551
0.117965	1.23078
0.131072	1.26317
0.144179	1.19382
0.157286	1.09812
0.170394	1.00822
0.183501	0.915911
0.196608	0.858252
0.209715	0.841784
0.23593	0.889956
0.262144	0.953594
0.288358	0.883464
0.314573	0.78938
0.340787	0.76406
0.367002	0.802535
0.393216	0.825184
0.41943	0.79765
0.471859	0.663811
0.524288	0.74785
0.576717	0.699031
0.629146	0.729854
0.681574	0.624351
0.734003	0.646208
0.786432	0.689645
0.838861	0.708921
0.943718	0.731625
1.04858	0.726676
1.15343	0.681719
1.25829	0.573243
1.36315	0.545769
1.46801	0.491484
1.57286	0.362177
1.67772	0.271114
1.88744	0.180963
2.09715	0.134744
2.30687	0.047399
2.51658	-0.00686081
2.7263	-0.0829952
2.93601	-0.143215
3.14573	-0.137693
3.35544	-0.160645
3.77487	-0.179664
4.1943	-0.230227
4.61373	-0.213811
5.03316	-0.313946
5.4526	-0.443757
5.87203	-0.49002
6.29146	-0.592783
6.71089	-0.65105
7.54975	-0.683581
8.38861	-0.679385
9.22747	-0.665594
10.0663	-0.697647
10.9052	-0.732893
11.7441	-0.722955
12.5829	-0.718184

Count Rate History (KHz)  CR CHA / CR CHB
0.000000	228.881836	205.993652
0.052429	421.619415	384.559631
0.104858	320.281982	296.478271
0.157286	113.868713	103.969574
0.209715	36.773682	33.760071
0.262144	92.563629	85.372925
0.314573	116.291046	103.397369
0.367002	292.415619	269.317627
0.419430	159.835815	146.026611
0.471859	42.266846	40.225983
0.524288	61.378479	55.294037
0.576717	135.612488	122.623444
0.629146	229.549408	211.353302
0.681574	128.707886	116.577148
0.734003	231.781006	206.851959
0.786432	105.686188	97.789764
0.838861	149.002075	133.934021
0.891290	285.968781	260.829926
0.943718	39.520264	36.296844
0.996147	108.051300	96.912384
1.048576	413.856506	378.456116
1.101005	190.086365	173.797607
1.153434	102.996826	97.332001
1.205862	228.729248	207.672119
1.258291	82.645416	75.645447
1.310720	60.729980	55.465698
1.363149	128.269196	118.923187
1.415578	86.059570	80.184937
1.468006	186.614990	173.606873
1.520435	104.465485	97.236633
1.572864	71.239471	63.858032
1.625293	266.933441	244.121552
1.677722	99.067688	84.877014
1.730150	321.121216	296.115875
1.782579	106.105804	97.179413
1.835008	168.685913	153.408051
1.887437	98.896027	92.296600
1.939866	37.364960	34.446716
1.992294	52.738190	47.683716
2.044723	90.789795	82.321167
2.097152	154.247284	142.116547
2.149581	281.333923	257.492065
2.202010	156.421661	145.626068
2.254438	57.773590	54.817200
2.306867	76.179504	73.204041
2.359296	86.174011	79.650879
2.411725	83.980560	76.980591
2.464154	117.092133	108.776093
2.516582	70.953369	65.956116
2.569011	186.061859	169.010162
2.621440	317.935944	288.600922
2.673869	368.309021	333.538055
2.726298	635.395050	577.354431
2.778726	131.416321	122.261047
2.831155	50.144196	45.318604
2.883584	91.762543	82.817078
2.936013	118.770599	105.323792
2.988442	215.721130	195.178986
3.040870	293.292999	267.124176
3.093299	190.048218	176.239014
3.145728	226.192474	206.489563
3.198157	145.263672	132.751465
3.250586	284.709930	260.524750
3.303014	245.418549	230.865479
3.355443	252.552032	226.612091
3.407872	536.270142	485.305786
3.460301	576.076508	522.022247
3.512730	240.421295	216.941833
3.565158	391.826630	357.017517
3.617587	467.720032	429.477692
3.670016	655.670166	607.128143
3.722445	744.819641	680.217743
3.774874	657.272339	608.654022
3.827302	93.612671	85.792542
3.879731	872.230530	789.775848
3.932160	297.183990	269.794464
3.984589	85.601807	81.462860
4.037018	352.478027	329.475403
4.089446	243.434906	221.805573
4.141875	617.351532	561.618805
4.194304	816.364288	744.056702
4.246733	424.175262	390.911102
4.299162	820.503235	748.577118
4.351590	164.661407	146.923065
4.404019	137.138367	124.721527
4.456448	80.356598	74.329376
4.508877	369.300842	340.614319
4.561306	1128.845215	1036.529541
4.613734	560.626984	509.357452
4.666163	1127.262115	1033.477783
4.718592	1527.423859	1379.280090
4.771021	685.291290	625.171661
4.823450	1874.580383	1709.594727
4.875878	1011.772156	920.944214
4.928307	1595.649719	1454.963684
4.980736	1227.550507	1116.294861
5.033165	801.315308	734.291077
5.085594	1415.863037	1275.005341
5.138022	967.407227	893.306732
5.190451	630.798340	569.305420
5.242880	395.793915	363.178253
5.295309	228.977203	212.497711
5.347738	115.451813	108.127594
5.400166	180.187225	162.181854
5.452595	281.314850	254.592896
5.505024	163.002014	149.765015
5.557453	672.054291	611.648560
5.609882	457.706451	422.344208
5.662310	1138.248444	1033.153534
5.714739	1307.163239	1183.490753
5.767168	332.565308	303.821564
5.819597	269.908905	251.331329
5.872026	490.627289	448.989868
5.924454	211.353302	192.680359
5.976883	361.518860	331.954956
6.029312	875.911713	795.574188
6.081741	931.835175	850.391388
6.134170	228.347778	214.004517
6.186598	543.880463	497.112274
6.239027	423.507690	395.145416
6.291456	732.765198	668.277740
6.343885	217.323303	190.410614
6.396314	181.007385	163.993835
6.448742	254.421234	233.554840
6.501171	99.945068	91.362000
6.553600	254.592896	234.661102
6.606029	205.287933	189.590454
6.658458	524.444580	475.673676
6.710886	457.992554	415.248871
6.763315	134.391785	122.756958
6.815744	176.582336	158.386230
6.868173	139.064789	129.241943
6.920602	79.860687	73.719025
6.973030	154.895782	145.893097
7.025459	149.440765	133.724213
7.077888	50.258636	47.969818
7.130317	59.452057	54.302216
7.182746	101.051331	93.173981
7.235174	96.969604	90.770721
7.287603	87.757111	85.258484
7.340032	64.373016	57.468414
7.392461	107.479095	100.269318
7.444890	77.362061	70.629120
7.497318	133.323669	122.871399
7.549747	75.836182	69.541931
7.602176	91.629028	82.588196
7.654605	125.083923	115.776062
7.707034	114.421844	108.814240
7.759462	53.253174	51.651001
7.811891	63.858032	62.980652
7.864320	52.223206	47.645569
7.916749	39.958954	35.591125
7.969178	85.792542	77.857971
8.021606	36.697388	33.226013
8.074035	65.135956	59.413910
8.126464	26.969910	24.814606
8.178893	39.691925	37.536621
8.231322	93.784332	86.231232
8.283750	237.541199	214.290619
8.336179	194.110870	179.710388
8.388608	218.563080	198.745728
8.441037	143.661499	129.203796
8.493466	70.762634	65.383911
8.545894	94.280243	85.201263
8.598323	38.433075	36.430359
8.650752	41.675568	39.749146
8.703181	135.040283	124.645233
8.755610	65.364838	59.852600
8.808038	59.509277	56.877136
8.860467	47.531128	42.896271
8.912896	136.146545	122.528076
8.965325	185.050964	167.503357
9.017754	127.563477	116.386414
9.070182	77.781677	71.926117
9.122611	72.841644	64.945221
9.175040	49.228668	47.550201
9.227469	44.193268	40.054321
9.279898	45.490265	42.266846
9.332326	80.986023	73.223114
9.384755	150.146484	139.636993
9.437184	53.253174	48.675537
9.489613	57.621002	51.784515
9.542042	109.100342	100.479126
9.594470	421.161652	387.496948
9.646899	186.195374	171.680450
9.699328	443.401337	406.932831
9.751757	278.148651	255.756378
9.804186	237.293243	215.396881
9.856614	166.301727	151.576996
9.909043	75.225830	67.749023
9.961472	127.220154	115.833282
10.013901	146.312714	135.765076
10.066330	80.223083	75.550079
10.118758	50.296783	44.269562
10.171187	57.907104	54.321289
10.223616	81.691742	76.351166
10.276045	99.506378	93.250275
10.328474	60.653687	57.678223
10.380902	102.367401	93.135834
10.433331	46.958923	42.877197
10.485760	91.876984	84.781647
10.538189	129.413605	119.972229
10.590618	42.495728	41.294098
10.643046	166.282654	154.457092
10.695475	169.258118	157.032013
10.747904	146.007538	137.443542
10.800333	123.386383	115.795135
10.852762	132.503510	126.533508
10.905190	68.626404	61.054230
10.957619	85.754395	77.171326
11.010048	30.765533	28.305054
11.062477	20.217896	18.005371
11.114906	20.351410	18.939972
11.167334	53.253174	47.912598
11.219763	32.176971	31.127930
11.272192	21.915436	21.381378
11.324621	78.144073	73.337555
11.377050	93.860626	86.765289
11.429478	58.956146	56.705475
11.481907	34.904480	32.653809
11.534336	33.493042	31.471252
11.586765	20.103455	19.798279
11.639194	33.683777	31.356812
11.691622	92.487335	82.511902
11.744051	39.768219	36.048889
11.796480	61.016083	56.533813
11.848909	27.999878	24.681091
11.901338	63.362122	58.517456
11.953766	44.994354	42.324066
12.006195	30.765533	27.694702
12.058624	49.800873	47.321320
12.111053	89.092255	84.362030
12.163482	75.721741	65.040588
12.215910	58.860779	53.825378
12.268339	59.318542	55.046082
12.320768	35.743713	31.929016
12.373197	109.958649	99.716187
12.425626	89.149475	82.836151
12.478054	35.686493	32.043457
12.530483	89.397430	81.691742
12.582912	63.533783	58.422089
12.635341	21.648407	19.474030
12.687770	26.779175	24.833679
12.740198	62.656403	57.716370
12.792627	73.471069	65.975189
12.845056	32.119751	30.822754
12.897485	48.885345	44.364929
12.949914	65.116882	62.255859
13.002342	70.648193	66.509247
13.054771	62.198639	59.604645
13.107200	59.471130	57.849884
13.159629	60.577393	56.266785
13.212058	57.487488	51.021576
13.264486	55.637360	50.048828
13.316915	35.018921	32.100677
13.369344	135.822296	122.489929
13.421773	100.650787	91.266632
13.474202	20.465851	21.190643
13.526630	45.852661	43.792725
13.579059	58.269501	54.588318
13.631488	78.239441	71.887970
13.683917	53.424835	49.095154
13.736346	19.874573	17.127991
13.788774	72.917938	66.642761
13.841203	82.912445	76.446533
13.893632	24.433136	23.937225
13.946061	60.157776	55.732727
13.998490	65.574646	63.667297
14.050918	88.729858	82.721710
14.103347	137.157440	121.326447
14.155776	82.893372	77.400208
14.208205	61.779022	55.446625
14.260634	67.806244	62.904358
14.313062	101.718903	91.609955
14.365491	75.473785	70.514679
14.417920	78.315735	70.381165
14.470349	33.226013	29.716492
14.522778	28.514862	26.931763
14.575206	66.890717	61.702728
14.627635	28.610229	25.844574
