3/3/2026	12:41 PM
Pseudo Cross Correlation
Scattering angle:	32.00
Duration (s):	15
Wavelength (nm):	660.0
Refractive index:	1.330
Viscosity (mPas):	0.999
Temperature (K):	293.1
Laser intensity (mW):	84.000000
Average Count rate  A (kHz):	57.0
Average Count rate  B (kHz):	52.6
Intercept:	0.6971
Cumulant 1st	171.2012
Cumulant 2nd	143.3875	121.3404
Cumulant 3rd	142.3919	125.8771

Lag time (s)         g2-1
1.25E-08	0.716951
2.5E-08	0.686064
3.75E-08	0.700599
5E-08	0.638825
6.25E-08	0.607938
7.5E-08	0.738754
8.75E-08	0.640642
1E-07	0.713317
1.125E-07	0.729669
1.25E-07	0.638825
1.375E-07	0.673346
1.5E-07	0.633375
1.625E-07	0.678797
1.75E-07	0.666078
1.875E-07	0.749655
2E-07	0.780542
2.125E-07	0.675163
2.375E-07	0.659719
2.625E-07	0.687881
2.875E-07	0.674254
3.125E-07	0.753289
3.375E-07	0.662445
3.625E-07	0.667895
3.875E-07	0.657902
4.125E-07	0.700145
4.625E-07	0.716497
5.125E-07	0.73194
5.625E-07	0.741479
6.125E-07	0.707412
6.625E-07	0.721947
7.125E-07	0.710592
7.625E-07	0.703324
8.125E-07	0.742387
9.125E-07	0.681295
1.0125E-06	0.69583
1.1125E-06	0.738299
1.2125E-06	0.679932
1.3125E-06	0.714907
1.4125E-06	0.739208
1.5125E-06	0.674254
1.6125E-06	0.710478
1.8125E-06	0.678342
2.0125E-06	0.705709
2.2125E-06	0.688562
2.4125E-06	0.70798
2.6125E-06	0.728193
2.8125E-06	0.692764
3.0125E-06	0.706958
3.2125E-06	0.687313
3.6125E-06	0.705028
4.0125E-06	0.691742
4.4125E-06	0.688903
4.8125E-06	0.689073
5.2125E-06	0.710365
5.6125E-06	0.708037
6.0125E-06	0.708151
6.4125E-06	0.698782
7.2125E-06	0.697448
8.0125E-06	0.684645
8.8125E-06	0.693133
9.6125E-06	0.70852
1.04125E-05	0.68419
1.12125E-05	0.704916
1.20125E-05	0.68388
1.28125E-05	0.701382
1.44125E-05	0.695477
1.60125E-05	0.694483
1.76125E-05	0.707116
1.92125E-05	0.701495
2.08125E-05	0.696002
2.24125E-05	0.698287
2.40125E-05	0.694512
2.56125E-05	0.690643
2.88125E-05	0.690097
3.20125E-05	0.698386
3.52125E-05	0.691353
3.84125E-05	0.684608
4.16125E-05	0.695885
4.48125E-05	0.695481
4.80125E-05	0.697965
5.12125E-05	0.692649
5.76125E-05	0.686513
6.40125E-05	0.691228
7.04125E-05	0.688935
7.68125E-05	0.690844
8.32125E-05	0.688059
8.96125E-05	0.689255
9.60125E-05	0.691675
0.000102413	0.683246
0.000115213	0.687786
0.000128013	0.682119
0.000140813	0.680705
0.000153613	0.682215
0.000166413	0.681757
0.000179213	0.676411
0.000192013	0.677267
0.000204813	0.677389
0.000230413	0.674233
0.000256013	0.670377
0.000281613	0.669079
0.000307213	0.665006
0.000332813	0.664213
0.000358413	0.65968
0.000384013	0.658054
0.000409613	0.655503
0.000460813	0.651619
0.000512013	0.644971
0.000563213	0.640141
0.000614413	0.638087
0.000665613	0.634122
0.000716813	0.62837
0.000768013	0.622819
0.000819213	0.61973
0.000921613	0.611048
0.00102401	0.6028
0.00112641	0.594628
0.00122881	0.587082
0.00133121	0.57758
0.00143361	0.570275
0.00153601	0.561806
0.00163841	0.554516
0.00184321	0.540109
0.00204801	0.52451
0.00225281	0.511451
0.00245761	0.498276
0.00266241	0.48393
0.00286721	0.471861
0.00307201	0.46144
0.00327681	0.449702
0.00368641	0.429803
0.00409601	0.409948
0.00450561	0.391885
0.00491521	0.375135
0.00532481	0.357886
0.00573441	0.342377
0.00614401	0.328189
0.00655361	0.316043
0.00737281	0.29222
0.00819201	0.271579
0.00901121	0.253493
0.00983041	0.239735
0.0106496	0.226674
0.0114688	0.215709
0.012288	0.20668
0.0131072	0.198707
0.0147456	0.185383
0.016384	0.169777
0.0180224	0.156713
0.0196608	0.141249
0.0212992	0.128865
0.0229376	0.119175
0.024576	0.111032
0.0262144	0.102818
0.0294912	0.085894
0.032768	0.0785503
0.0360448	0.0771861
0.0393216	0.0775829
0.0425984	0.0738981
0.0458752	0.0682093
0.049152	0.0635091
0.0524288	0.0672877
0.0589824	0.0658491
0.065536	0.056964
0.0720896	0.0491775
0.0786432	0.0409984
0.0851968	0.0502054
0.0917504	0.0446364
0.098304	0.0410312
0.104858	0.0505632
0.117965	0.0642353
0.131072	0.049123
0.144179	0.0334757
0.157286	0.0329028
0.170394	0.0350696
0.183501	0.0454153
0.196608	0.0485391
0.209715	0.051053
0.23593	0.0487757
0.262144	0.0498361
0.288358	0.0441334
0.314573	0.0250719
0.340787	0.03152
0.367002	0.033092
0.393216	0.0366774
0.41943	0.0365924
0.471859	0.0349787
0.524288	0.0370892
0.576717	0.0191229
0.629146	0.0077133
0.681574	0.000473038
0.734003	-0.00100873
0.786432	0.016443
0.838861	0.0191131
0.943718	0.0175757
1.04858	0.0361108
1.15343	0.0327447
1.25829	0.0170895
1.36315	0.0232548
1.46801	0.0195362
1.57286	0.020615
1.67772	0.00531605
1.88744	0.00830377
2.09715	0.0318079
2.30687	0.0310766
2.51658	0.022676
2.7263	0.0181469
2.93601	0.00767911
3.14573	0.0219676
3.35544	0.0349902
3.77487	0.0439186
4.1943	0.0397448
4.61373	0.0352909
5.03316	0.0432726
5.4526	0.0470525
5.87203	0.0608111
6.29146	0.0654567
6.71089	0.0652704
7.54975	-0.00468296
8.38861	-0.0207069
9.22747	0.0252177
10.0663	0.0701181
10.9052	0.0578673
11.7441	0.124321
12.5829	0.157106

Count Rate History (KHz)  CR CHA / CR CHB
0.000000	37.136078	34.103394
0.052429	44.231415	41.427612
0.104858	32.291412	28.953552
0.157286	25.863647	24.452209
0.209715	34.370422	32.558441
0.262144	34.828186	32.043457
0.314573	41.084290	36.735535
0.367002	45.585632	42.209625
0.419430	63.076019	60.825348
0.471859	32.081604	28.686523
0.524288	21.400452	19.111633
0.576717	57.964325	56.152344
0.629146	21.953583	20.027161
0.681574	64.735413	59.700012
0.734003	69.427490	62.999725
0.786432	116.539001	106.830597
0.838861	30.479431	26.836395
0.891290	65.040588	59.700012
0.943718	38.185120	34.732819
0.996147	36.144257	33.473969
1.048576	43.907166	40.187836
1.101005	35.839081	34.694672
1.153434	34.160614	30.326843
1.205862	19.950867	18.196106
1.258291	54.740906	50.563812
1.310720	91.514587	85.048676
1.363149	43.296814	39.176941
1.415578	42.991638	39.310455
1.468006	49.839020	45.471191
1.520435	57.373047	51.269531
1.572864	70.934296	63.686371
1.625293	33.607483	31.089783
1.677722	29.735565	26.111603
1.730150	40.893555	37.326813
1.782579	71.563721	63.514709
1.835008	61.664581	58.288574
1.887437	42.629242	38.471222
1.939866	28.095245	25.386810
1.992294	27.427673	26.378632
2.044723	34.561157	33.264160
2.097152	24.662018	22.640228
2.149581	30.860901	30.097961
2.202010	56.324005	51.479340
2.254438	65.803528	60.367584
2.306867	111.618042	105.056763
2.359296	108.451843	99.716187
2.411725	42.839050	42.095184
2.464154	32.577515	32.062531
2.516582	39.710999	37.059784
2.569011	45.356750	42.457581
2.621440	61.397552	58.193207
2.673869	46.577454	44.193268
2.726298	65.402985	59.490204
2.778726	101.604462	92.658997
2.831155	55.351257	50.468445
2.883584	94.318390	87.890625
2.936013	45.967102	40.626526
2.988442	33.988953	31.585693
3.040870	48.027039	45.661926
3.093299	45.661926	40.664673
3.145728	32.405853	30.136108
3.198157	73.013306	67.443848
3.250586	46.539307	43.697357
3.303014	39.939880	34.885406
3.355443	58.231354	53.062439
3.407872	70.533752	68.206787
3.460301	48.885345	45.394897
3.512730	40.512085	35.552979
3.565158	32.329559	30.040741
3.617587	48.160553	45.585632
3.670016	94.814301	88.310242
3.722445	47.779083	43.506622
3.774874	33.969879	31.642914
3.827302	46.024323	42.095184
3.879731	37.212372	34.446716
3.932160	65.994263	61.244965
3.984589	27.160645	26.893616
4.037018	36.849976	35.591125
4.089446	60.119629	54.855347
4.141875	74.806213	68.645477
4.194304	77.495575	70.686340
4.246733	64.258575	57.563782
4.299162	32.920837	30.269623
4.351590	48.294067	44.975281
4.404019	44.593811	39.920807
4.456448	90.484619	79.574585
4.508877	123.748779	112.609863
4.561306	44.002533	40.245056
4.613734	69.141388	62.713623
4.666163	29.029846	27.980804
4.718592	66.623688	61.187744
4.771021	65.898895	60.710907
4.823450	27.561188	25.577545
4.875878	57.277679	53.405762
4.928307	51.479340	44.994354
4.980736	41.427612	39.196014
5.033165	59.947968	56.018829
5.085594	49.781799	47.473907
5.138022	52.318573	48.923492
5.190451	39.653778	36.468506
5.242880	50.106049	47.473907
5.295309	78.353882	70.915222
5.347738	27.465820	26.435852
5.400166	40.893555	38.623810
5.452595	49.171448	46.710968
5.505024	58.994293	55.789948
5.557453	39.958954	37.288666
5.609882	53.710938	49.133301
5.662310	81.100464	72.269440
5.714739	51.631927	45.719147
5.767168	46.653748	41.580200
5.819597	63.247681	59.089661
5.872026	53.482056	48.599243
5.924454	55.427551	52.280426
5.976883	22.811890	20.751953
6.029312	52.013397	48.809052
6.081741	50.411224	49.343109
6.134170	48.007965	42.285919
6.186598	76.122284	67.081451
6.239027	27.656555	26.359558
6.291456	59.890747	53.272247
6.343885	98.323822	92.716217
6.396314	72.078705	67.195892
6.448742	22.354126	20.847321
6.501171	51.803589	46.825409
6.553600	112.247467	104.370117
6.606029	107.669830	95.787048
6.658458	124.816895	113.220215
6.710886	100.822449	92.086792
6.763315	123.538971	113.124847
6.815744	91.552734	83.999634
6.868173	79.517365	74.558258
6.920602	131.397247	121.498108
6.973030	106.391907	98.724365
7.025459	103.988647	95.424652
7.077888	65.822601	60.787201
7.130317	132.560730	121.212006
7.182746	144.004822	129.337311
7.235174	107.936859	100.879669
7.287603	115.013123	105.304718
7.340032	67.005157	64.678192
7.392461	36.296844	35.152435
7.444890	55.274963	48.522949
7.497318	51.288605	45.890808
7.549747	35.228729	32.444000
7.602176	48.828125	45.833588
7.654605	29.869080	26.664734
7.707034	51.116943	47.702789
7.759462	23.117065	19.760132
7.811891	63.056946	57.582855
7.864320	66.432953	61.626434
7.916749	94.852448	87.852478
7.969178	71.582794	68.511963
8.021606	45.623779	40.721893
8.074035	48.980713	46.443939
8.126464	80.966949	72.803497
8.178893	37.765503	36.697388
8.231322	59.623718	54.836273
8.283750	64.029694	59.204102
8.336179	114.135742	104.560852
8.388608	93.517303	87.509155
8.441037	35.915375	32.539368
8.493466	20.389557	18.768311
8.545894	18.291473	16.098022
8.598323	26.302338	24.147034
8.650752	33.779144	30.250549
8.703181	26.760101	22.163391
8.755610	39.978027	37.078857
8.808038	56.896210	53.176880
8.860467	33.779144	30.803680
8.912896	29.392242	28.858185
8.965325	30.784607	28.057098
9.017754	67.939758	63.495636
9.070182	24.642944	22.354126
9.122611	31.890869	28.152466
9.175040	82.302094	75.054169
9.227469	32.577515	30.231476
9.279898	66.337585	60.234070
9.332326	41.275024	39.939880
9.384755	66.375732	62.732697
9.437184	103.492737	97.141266
9.489613	38.394928	34.217834
9.542042	20.275116	18.100739
9.594470	38.337708	35.076141
9.646899	34.580231	32.272339
9.699328	23.689270	21.076202
9.751757	39.520264	35.934448
9.804186	22.621155	20.046234
9.856614	41.885376	39.615631
9.909043	26.149750	26.035309
9.961472	56.877136	52.604675
10.013901	27.980804	25.558472
10.066330	22.182465	21.209717
10.118758	73.108673	69.694519
10.171187	30.727386	27.027130
10.223616	67.710876	62.026978
10.276045	29.945374	26.111603
10.328474	65.135956	57.125092
10.380902	94.909668	86.231232
10.433331	76.541901	70.953369
10.485760	82.283020	75.073242
10.538189	45.871735	41.427612
10.590618	141.391754	129.680634
10.643046	117.588043	105.018616
10.695475	33.531189	30.708313
10.747904	43.239594	39.672852
10.800333	70.686340	65.212250
10.852762	57.125092	54.073334
10.905190	71.258545	64.048767
10.957619	32.997131	30.174255
11.010048	23.841858	22.048950
11.062477	37.899017	37.975311
11.114906	23.555756	22.659302
11.167334	52.738190	49.839020
11.219763	47.073364	43.029785
11.272192	43.697357	39.939880
11.324621	36.792755	33.397675
11.377050	31.852722	30.651093
11.429478	66.070557	61.187744
11.481907	55.904388	52.528381
11.534336	68.092346	63.266754
11.586765	30.384064	28.915405
11.639194	59.185028	54.874420
11.691622	69.637299	63.934326
11.744051	93.097687	86.116791
11.796480	55.484772	51.574707
11.848909	35.934448	32.138824
11.901338	38.776398	36.621094
11.953766	35.533905	31.890869
12.006195	40.416718	36.754608
12.058624	63.171387	58.879852
12.111053	67.882538	62.599182
12.163482	49.591064	45.337677
12.215910	59.947968	55.828094
12.268339	71.964264	66.471100
12.320768	31.871796	29.487610
12.373197	33.378601	32.558441
12.425626	81.024170	78.372955
12.478054	64.048767	58.097839
12.530483	120.887756	111.427307
12.582912	80.509186	74.825287
12.635341	72.269440	65.650940
12.687770	39.463043	36.239624
12.740198	75.721741	73.776245
12.792627	34.103394	32.291412
12.845056	50.010681	45.928955
12.897485	48.732758	44.918060
12.949914	34.770966	33.226013
13.002342	87.738037	79.097748
13.054771	88.539124	82.416534
13.107200	35.514832	32.672882
13.159629	64.983368	58.555603
13.212058	50.163269	47.378540
13.264486	34.675598	31.280518
13.316915	37.994385	36.621094
13.369344	72.746277	68.531036
13.421773	41.790009	39.520264
13.474202	81.977844	74.634552
13.526630	102.100372	92.849731
13.579059	42.514801	37.918091
13.631488	73.375702	67.348480
13.683917	92.124939	84.095001
13.736346	65.269470	60.367584
13.788774	98.648071	90.770721
13.841203	51.231384	48.923492
13.893632	102.443695	91.285706
13.946061	68.511963	63.724518
13.998490	57.315826	51.727295
14.050918	33.187866	33.130646
14.103347	107.688904	101.432800
14.155776	77.381134	70.247650
14.208205	92.639923	84.857941
14.260634	40.168762	36.296844
14.313062	57.010651	54.283142
14.365491	65.917969	60.462952
14.417920	78.487396	70.915222
14.470349	122.699738	116.367340
14.522778	90.389252	83.694458
14.575206	41.885376	38.299561
14.627635	39.405823	34.313202
