3/3/2026	12:54 PM
Pseudo Cross Correlation
Scattering angle:	52.00
Duration (s):	15
Wavelength (nm):	660.0
Refractive index:	1.330
Viscosity (mPas):	0.999
Temperature (K):	293.2
Laser intensity (mW):	0.004161
Average Count rate  A (kHz):	26.8
Average Count rate  B (kHz):	24.7
Intercept:	16.8810
Cumulant 1st	70549.8387
Cumulant 2nd	51252.9400	53057.6031
Cumulant 3rd	33686.5218	56501.2565

Lag time (s)         g2-1
1.25E-08	17.0065
2.5E-08	17.1244
3.75E-08	17.2391
5E-08	17.0363
6.25E-08	17.1329
7.5E-08	17.1435
8.75E-08	17.0755
1E-07	17.0936
1.125E-07	16.9556
1.25E-07	17.0893
1.375E-07	16.8483
1.5E-07	17.1297
1.625E-07	16.9757
1.75E-07	17.2635
1.875E-07	17.0416
2E-07	17.2157
2.125E-07	16.8319
2.375E-07	17.0893
2.625E-07	17.0363
2.875E-07	17.2794
3.125E-07	17.0097
3.375E-07	17.1164
3.625E-07	17.0607
3.875E-07	17.0331
4.125E-07	17.1154
4.625E-07	16.9964
5.125E-07	17.0631
5.625E-07	16.9765
6.125E-07	17.0381
6.625E-07	17.1313
7.125E-07	17.1685
7.625E-07	17.071
8.125E-07	17.113
9.125E-07	16.9834
1.0125E-06	17.1252
1.1125E-06	17.059
1.2125E-06	17.0063
1.3125E-06	17.085
1.4125E-06	17.0961
1.5125E-06	17.1002
1.6125E-06	17.0633
1.8125E-06	17.0754
2.0125E-06	17.086
2.2125E-06	17.075
2.4125E-06	17.0647
2.6125E-06	17.0449
2.8125E-06	17.0793
3.0125E-06	17.0901
3.2125E-06	17.0585
3.6125E-06	17.0803
4.0125E-06	17.037
4.4125E-06	17.0882
4.8125E-06	17.0187
5.2125E-06	17.0803
5.6125E-06	17.035
6.0125E-06	17.0828
6.4125E-06	17.0526
7.2125E-06	17.0708
8.0125E-06	17.0517
8.8125E-06	17.0717
9.6125E-06	17.0474
1.04125E-05	17.0726
1.12125E-05	17.0478
1.20125E-05	17.0557
1.28125E-05	17.0786
1.44125E-05	17.0581
1.60125E-05	17.0763
1.76125E-05	17.0688
1.92125E-05	17.0463
2.08125E-05	17.097
2.24125E-05	17.0701
2.40125E-05	17.0559
2.56125E-05	17.0696
2.88125E-05	17.0604
3.20125E-05	17.0471
3.52125E-05	17.0539
3.84125E-05	17.0599
4.16125E-05	17.06
4.48125E-05	17.0429
4.80125E-05	17.0613
5.12125E-05	17.0615
5.76125E-05	17.0528
6.40125E-05	17.054
7.04125E-05	17.055
7.68125E-05	17.0505
8.32125E-05	17.0508
8.96125E-05	17.0397
9.60125E-05	17.0493
0.000102413	17.0502
0.000115213	17.056
0.000128013	17.0414
0.000140813	17.0379
0.000153613	17.037
0.000166413	17.0351
0.000179213	17.0413
0.000192013	17.0281
0.000204813	17.0216
0.000230413	17.0208
0.000256013	17.0152
0.000281613	17.0127
0.000307213	17.0072
0.000332813	17.0081
0.000358413	17.0041
0.000384013	16.9917
0.000409613	16.9873
0.000460813	16.9829
0.000512013	16.971
0.000563213	16.9648
0.000614413	16.957
0.000665613	16.9431
0.000716813	16.9379
0.000768013	16.9324
0.000819213	16.9228
0.000921613	16.9053
0.00102401	16.8889
0.00112641	16.872
0.00122881	16.8553
0.00133121	16.8414
0.00143361	16.8263
0.00153601	16.8095
0.00163841	16.7954
0.00184321	16.7649
0.00204801	16.7358
0.00225281	16.7101
0.00245761	16.685
0.00266241	16.6613
0.00286721	16.6401
0.00307201	16.6209
0.00327681	16.5994
0.00368641	16.5579
0.00409601	16.5149
0.00450561	16.4749
0.00491521	16.4362
0.00532481	16.4018
0.00573441	16.368
0.00614401	16.336
0.00655361	16.304
0.00737281	16.2413
0.00819201	16.1895
0.00901121	16.1529
0.00983041	16.1212
0.0106496	16.0895
0.0114688	16.0558
0.012288	16.0221
0.0131072	15.9864
0.0147456	15.9142
0.016384	15.8481
0.0180224	15.8034
0.0196608	15.7535
0.0212992	15.7113
0.0229376	15.665
0.024576	15.618
0.0262144	15.5683
0.0294912	15.4567
0.032768	15.374
0.0360448	15.2911
0.0393216	15.2106
0.0425984	15.1554
0.0458752	15.1309
0.049152	15.0753
0.0524288	14.9979
0.0589824	14.8115
0.065536	14.7461
0.0720896	14.6632
0.0786432	14.5232
0.0851968	14.4418
0.0917504	14.3261
0.098304	14.2595
0.104858	14.1736
0.117965	14.0479
0.131072	13.9071
0.144179	13.753
0.157286	13.5512
0.170394	13.3968
0.183501	13.2694
0.196608	13.1576
0.209715	13.003
0.23593	12.6957
0.262144	12.3698
0.288358	12.1602
0.314573	12.1397
0.340787	11.9719
0.367002	11.7677
0.393216	11.6417
0.41943	11.524
0.471859	11.4349
0.524288	11.4636
0.576717	11.4321
0.629146	11.1445
0.681574	11.0016
0.734003	10.6832
0.786432	10.4395
0.838861	10.104
0.943718	9.02396
1.04858	8.08086
1.15343	7.28142
1.25829	6.72965
1.36315	6.49824
1.46801	6.45382
1.57286	6.27303
1.67772	5.53108
1.88744	4.15432
2.09715	3.79177
2.30687	3.82958
2.51658	3.65339
2.7263	3.49076
2.93601	3.24028
3.14573	2.70762
3.35544	2.33863
3.77487	1.63862
4.1943	1.32809
4.61373	0.943383
5.03316	0.58282
5.4526	0.342322
5.87203	0.0273653
6.29146	-0.255382
6.71089	-0.474046
7.54975	-0.66666
8.38861	-0.729026
9.22747	-0.775719
10.0663	-0.791737
10.9052	-0.793434
11.7441	-0.788226
12.5829	-0.774768
13.4218	-0.758068
15.0995	-0.715267
16.7772	-0.671908
18.4549	-0.595422
20.1327	-0.521387
21.8104	-0.503285
23.4881	-0.541406
25.1658	-0.608272
26.8435	-0.682113
30.199	-0.735634
33.5544	-0.729319
36.9099	-0.660342
40.2653	-0.342311
43.6208	0.236488
46.9762	-0.0365414
50.3316	-0.754544
53.6871	-0.86645
60.398	-0.83515
67.1089	-0.861315
73.8198	-0.763063
80.5306	-0.868434
87.2415	-0.990386
93.9524	-0.990534
100.663	-0.990744

Count Rate History (KHz)  CR CHA / CR CHB
0.000000	695.381165	637.893677
0.052429	417.709351	381.107330
0.104858	539.226532	500.259399
0.157286	1032.886505	942.192078
0.209715	881.900787	802.154541
0.262144	673.999786	614.719391
0.314573	663.223267	605.621338
0.367002	654.392242	601.062775
0.419430	480.270386	430.679321
0.471859	698.547363	635.910034
0.524288	639.228821	582.160950
0.576717	766.906738	703.010559
0.629146	467.014313	423.965454
0.681574	896.530151	817.966461
0.734003	925.731659	840.721130
0.786432	986.461639	907.077789
0.838861	1077.594757	982.379913
0.891290	1008.224487	917.816162
0.943718	965.347290	892.047882
0.996147	832.786560	762.443542
1.048576	858.345032	786.418915
1.101005	1047.687531	959.205627
1.153434	949.935913	867.538452
1.205862	620.193481	562.076569
1.258291	698.699951	647.525787
1.310720	505.142212	464.916229
1.363149	553.817749	505.523682
1.415578	390.987396	360.984802
1.468006	141.811371	127.182007
1.520435	361.938477	338.096619
1.572864	962.619781	877.666473
1.625293	1058.959961	975.646973
1.677722	1161.956787	1071.834564
1.730150	1037.292480	948.314667
1.782579	821.628571	745.563507
1.835008	507.926941	466.194153
1.887437	477.352142	438.766479
1.939866	383.262634	357.017517
1.992294	360.240936	327.091217
2.044723	131.626129	124.893188
2.097152	112.895966	102.863312
2.149581	127.696991	115.451813
2.202010	305.957794	275.688171
2.254438	177.478790	162.410736
2.306867	208.187103	190.925598
2.359296	171.604156	156.536102
2.411725	228.462219	205.745697
2.464154	198.879242	183.830261
2.516582	184.097290	173.511505
2.569011	234.794617	213.928223
2.621440	162.734985	144.195557
2.673869	120.429993	111.694336
2.726298	164.737701	150.737762
2.778726	140.838623	131.435394
2.831155	220.031738	200.252533
2.883584	208.301544	192.489624
2.936013	318.164825	280.723572
2.988442	323.238373	297.374725
3.040870	323.657990	295.410156
3.093299	243.244171	224.475861
3.145728	329.456329	301.227570
3.198157	270.462036	246.734619
3.250586	208.892822	194.358826
3.303014	355.205536	324.993134
3.355443	366.210938	334.568024
3.407872	343.704224	318.260193
3.460301	348.320007	318.832397
3.512730	322.799683	294.666290
3.565158	244.274139	220.851898
3.617587	175.533295	158.672333
3.670016	183.162689	167.560577
3.722445	206.432343	188.274384
3.774874	170.555115	155.792236
3.827302	146.827698	130.138397
3.879731	98.781586	91.075897
3.932160	109.138489	96.511841
3.984589	112.762451	101.737976
4.037018	119.209290	112.953186
4.089446	136.051178	122.337341
4.141875	186.824799	170.364380
4.194304	152.168274	142.707825
4.246733	168.018341	153.942108
4.299162	95.195770	88.348389
4.351590	54.512024	47.988892
4.404019	132.141113	120.868683
4.456448	270.481110	246.658325
4.508877	188.941956	171.012878
4.561306	61.969757	56.037903
4.613734	99.296570	92.315674
4.666163	323.162079	292.987823
4.718592	129.413605	119.876862
4.771021	223.808289	204.372406
4.823450	97.675323	89.187622
4.875878	55.847168	49.762726
4.928307	122.013092	113.296509
4.980736	67.367554	60.806274
5.033165	92.258453	87.471008
5.085594	101.280212	92.926025
5.138022	76.789856	69.618225
5.190451	90.465546	83.732605
5.242880	90.312958	82.073212
5.295309	113.849640	104.923248
5.347738	80.337524	74.844360
5.400166	34.809113	32.196045
5.452595	53.405762	49.190521
5.505024	52.413940	46.100616
5.557453	59.318542	54.073334
5.609882	101.203918	89.702606
5.662310	118.103027	107.593536
5.714739	108.661652	97.465515
5.767168	71.659088	65.670013
5.819597	114.612579	106.506348
5.872026	103.607178	94.547272
5.924454	72.879791	66.547394
5.976883	101.490021	92.582703
6.029312	142.917633	132.026672
6.081741	108.318329	97.408295
6.134170	93.269348	84.838867
6.186598	91.037750	86.917877
6.239027	74.863434	70.419312
6.291456	109.558105	100.173950
6.343885	116.958618	105.915070
6.396314	95.691681	87.718964
6.448742	74.176788	66.928864
6.501171	29.926300	29.201508
6.553600	27.580261	24.299622
6.606029	36.945343	32.634735
6.658458	6.694794	6.465912
6.710886	22.430420	22.640228
6.763315	18.367767	17.223358
6.815744	21.972656	18.463135
6.868173	26.073456	23.155212
6.920602	34.580231	31.700134
6.973030	24.623871	20.999908
7.025459	17.261505	15.716553
7.077888	32.920837	32.100677
7.130317	62.217712	58.574677
7.182746	45.280457	42.209625
7.235174	34.503937	31.051636
7.287603	26.435852	25.367737
7.340032	34.542084	31.394958
7.392461	31.738281	28.934479
7.444890	43.830872	39.596558
7.497318	31.700134	30.097961
7.549747	26.607513	24.204254
7.602176	14.667511	14.686584
7.654605	8.907318	8.449554
7.707034	20.675659	18.482208
7.759462	5.970001	5.474091
7.811891	6.980896	7.019043
7.864320	9.193420	8.296967
7.916749	10.242462	9.517670
7.969178	19.798279	17.890930
8.021606	7.801056	7.724762
8.074035	9.574890	8.926392
8.126464	8.296967	7.553101
8.178893	8.277893	8.563995
8.231322	15.697479	15.220642
8.283750	13.675690	12.187958
8.336179	13.408661	12.702942
8.388608	9.841919	9.670258
8.441037	8.258820	7.781982
8.493466	10.013580	9.403229
8.545894	18.997192	18.234253
8.598323	12.111664	11.539459
8.650752	11.978149	11.138916
8.703181	12.645721	11.081696
8.755610	9.994507	9.422302
8.808038	17.471313	16.136169
8.860467	9.975433	9.670258
8.912896	7.629395	7.438660
8.965325	8.468628	7.934570
9.017754	6.217957	6.542206
9.070182	10.929108	10.280609
9.122611	4.978180	4.615784
9.175040	7.915497	6.752014
9.227469	10.070801	9.422302
9.279898	9.746552	8.716583
9.332326	5.493164	5.340576
9.384755	6.027222	5.626678
9.437184	7.209778	7.152557
9.489613	5.550385	5.187988
9.542042	9.098053	8.411407
9.594470	4.920959	4.940033
9.646899	5.207062	5.168915
9.699328	4.978180	4.863739
9.751757	4.310608	4.043579
9.804186	5.893707	5.836487
9.856614	4.272461	4.577637
9.909043	6.313324	6.313324
9.961472	6.370544	6.294250
10.013901	4.615784	4.730225
10.066330	3.814697	3.890991
10.118758	4.177094	3.890991
10.171187	5.722046	5.588531
10.223616	4.901886	4.253387
10.276045	3.433228	3.662109
10.328474	4.310608	4.310608
10.380902	6.160736	5.836487
10.433331	3.890991	3.604889
10.485760	4.329681	4.367828
10.538189	5.455017	4.959106
10.590618	5.702972	5.683899
10.643046	3.814697	3.681183
10.695475	4.806519	4.711151
10.747904	4.272461	4.558563
10.800333	3.032684	3.108978
10.852762	3.643036	2.880096
10.905190	3.719330	3.986359
10.957619	5.702972	5.569458
11.010048	4.100800	4.539490
11.062477	3.337860	3.166199
11.114906	3.433228	2.994537
11.167334	3.986359	3.986359
11.219763	4.825592	4.329681
11.272192	4.405975	3.776550
11.324621	3.356934	3.204346
11.377050	4.596710	3.967285
11.429478	2.574921	2.918243
11.481907	4.444122	3.871918
11.534336	5.378723	5.149841
11.586765	4.501343	4.615784
11.639194	3.395081	3.376007
11.691622	3.566742	3.528595
11.744051	3.929138	3.662109
11.796480	3.643036	3.051758
11.848909	2.536774	2.937317
11.901338	4.310608	4.196167
11.953766	3.852844	3.299713
12.006195	3.395081	3.166199
12.058624	4.844666	4.463196
12.111053	3.604889	4.005432
12.163482	3.814697	3.585815
12.215910	4.444122	4.673004
12.268339	3.185272	3.204346
12.320768	3.776550	3.643036
12.373197	3.795624	3.528595
12.425626	3.776550	3.433228
12.478054	4.100800	3.757477
12.530483	4.119873	3.547668
12.582912	4.367828	4.405975
12.635341	3.585815	3.299713
12.687770	2.765656	2.727509
12.740198	3.681183	3.604889
12.792627	2.784729	2.174377
12.845056	4.768372	4.768372
12.897485	3.318787	3.204346
12.949914	4.844666	4.444122
13.002342	3.376007	3.509521
13.054771	5.702972	4.730225
13.107200	4.024506	4.119873
13.159629	4.272461	4.749298
13.212058	4.215240	3.604889
13.264486	4.539490	3.757477
13.316915	3.776550	3.166199
13.369344	4.177094	3.871918
13.421773	4.940033	5.302429
13.474202	4.177094	3.967285
13.526630	4.615784	4.901886
13.579059	4.749298	4.425049
13.631488	4.653931	4.348755
13.683917	5.779266	6.084442
13.736346	5.397797	4.959106
13.788774	4.405975	4.444122
13.841203	4.844666	4.405975
13.893632	6.427765	6.160736
13.946061	4.577637	4.215240
13.998490	5.111694	3.700256
14.050918	3.643036	3.356934
14.103347	4.043579	3.871918
14.155776	4.539490	4.100800
14.208205	4.367828	4.367828
14.260634	5.207062	5.226135
14.313062	5.683899	4.806519
14.365491	4.501343	4.329681
14.417920	4.959106	4.177094
14.470349	4.444122	4.425049
14.522778	5.741119	5.149841
14.575206	4.482269	3.814697
14.627635	5.340576	5.092621
14.680064	5.226135	4.539490
14.732493	5.607605	4.997253
14.784922	4.501343	3.967285
14.837350	5.722046	5.378723
14.889779	4.539490	5.321503
14.942208	4.062653	4.615784
14.994637	4.291534	3.719330
15.047066	6.847382	5.874634
15.099494	4.692078	4.024506
15.151923	5.207062	5.092621
15.204352	4.158020	4.558563
15.256781	5.531311	4.863739
15.309210	7.495880	6.752014
15.361638	7.152557	6.446838
15.414067	8.468628	6.313324
15.466496	7.877350	7.095337
15.518925	6.484985	6.237030
15.571354	5.912781	5.264282
15.623782	7.019043	6.217957
15.676211	3.719330	3.890991
15.728640	5.702972	4.997253
15.781069	6.103516	5.073547
15.833498	8.029938	8.316040
15.885926	5.931854	5.092621
15.938355	8.621216	7.514954
15.990784	6.504059	5.149841
16.043213	5.531311	5.035400
16.095642	7.495880	7.743835
16.148070	9.784698	9.059906
16.200499	5.283356	5.359650
16.252928	6.237030	5.569458
16.305357	6.103516	5.512238
16.357786	7.915497	6.942749
16.410214	4.405975	4.043579
16.462643	6.580353	6.542206
16.515072	7.171631	6.351471
16.567501	6.904602	6.828308
16.619930	8.449554	8.354187
16.672358	5.874634	5.989075
16.724787	6.656647	6.809235
16.777216	5.493164	5.226135
16.829645	5.931854	5.054474
16.882074	7.514954	6.790161
16.934502	7.171631	6.408691
16.986931	5.817413	5.455017
17.039360	4.749298	4.787445
17.091789	10.032654	9.384155
17.144218	7.743835	7.400513
17.196646	5.187988	4.768372
17.249075	5.397797	4.367828
17.301504	7.362366	7.858276
17.353933	4.901886	5.054474
17.406362	4.558563	4.291534
17.458790	6.637573	5.912781
17.511219	4.482269	3.986359
17.563648	6.828308	6.618500
17.616077	8.487701	7.305145
17.668506	5.702972	4.940033
17.720934	5.016327	4.978180
17.773363	4.062653	3.108978
17.825792	11.272430	9.670258
17.878221	6.446838	6.065369
17.930650	8.144379	7.801056
17.983078	9.593964	8.010864
18.035507	11.100769	10.223389
18.087936	9.479523	9.307861
18.140365	5.283356	5.874634
18.192794	7.286072	6.923676
18.245222	5.912781	5.569458
18.297651	8.640289	7.495880
18.350080	5.912781	5.245209
18.402509	7.877350	6.656647
18.454938	5.741119	5.226135
18.507366	11.520386	10.757446
18.559795	6.561279	6.561279
18.612224	6.294250	6.084442
18.664653	9.632111	8.621216
18.717082	8.449554	8.640289
18.769510	9.098053	8.049011
18.821939	11.196136	10.166168
18.874368	7.991791	7.457733
18.926797	6.828308	6.809235
18.979226	9.040833	8.659363
19.031654	8.087158	7.839203
19.084083	9.250641	8.506775
19.136512	10.910034	10.681152
19.188941	9.918213	9.250641
19.241370	8.029938	7.286072
19.293798	8.640289	8.583069
19.346227	8.869171	7.648468
19.398656	9.059906	7.896423
19.451085	11.138916	10.223389
19.503514	5.130768	4.749298
19.555942	10.318756	9.212494
19.608371	15.716553	14.514923
19.660800	7.457733	7.266998
19.713229	7.781982	7.686615
19.765658	15.602112	14.152527
19.818086	9.174347	8.945465
19.870515	17.471313	16.841888
19.922944	7.915497	7.019043
19.975373	14.190674	11.539459
20.027802	7.629395	7.419586
20.080230	8.506775	7.362366
20.132659	12.111664	11.215210
20.185088	16.956329	17.204285
20.237517	12.168884	11.844635
20.289946	14.553070	14.019012
20.342374	12.588501	12.931824
20.394803	8.296967	8.411407
20.447232	10.547638	10.051727
20.499661	15.316010	14.743805
20.552090	9.670258	9.880066
20.604518	14.266968	13.599396
20.656947	16.708374	15.354156
20.709376	9.403229	8.277893
20.761805	20.389557	18.959045
20.814234	7.953644	7.133484
20.866662	11.425018	11.463165
20.919091	13.542175	12.531281
20.971520	10.967255	10.528564
21.023949	17.585754	14.858246
21.076378	14.591217	13.790131
21.128806	18.539429	17.566681
21.181235	15.792847	13.904572
21.233664	15.563965	14.610291
21.286093	11.444092	11.768341
21.338522	10.032654	9.880066
21.390950	7.400513	6.408691
21.443379	20.160675	19.016266
21.495808	11.730194	12.035370
21.548237	16.498566	14.991760
21.600666	15.487671	13.484955
21.653094	10.089874	9.918213
21.705523	11.901855	10.547638
21.757952	16.307831	14.743805
21.810381	15.296936	12.550354
21.862810	12.836456	11.425018
21.915238	15.487671	15.602112
21.967667	11.367798	10.147095
22.020096	10.719299	10.662079
22.072525	10.681152	8.907318
22.124954	21.438599	19.168854
22.177382	11.787415	11.405945
22.229811	13.713837	11.749268
22.282240	20.523071	19.397736
22.334669	12.683868	12.130737
22.387098	16.174316	15.735626
22.439526	20.885468	18.081665
22.491955	17.108917	16.002655
22.544384	11.138916	11.005402
22.596813	15.926361	16.632080
22.649242	19.435883	16.689301
22.701670	20.599365	19.397736
22.754099	11.196136	10.623932
22.806528	17.337799	16.021729
22.858957	8.182526	8.010864
22.911386	18.787384	17.604828
22.963814	12.168884	10.948181
23.016243	17.223358	16.479492
23.068672	14.820099	12.874603
23.121101	19.359589	17.147064
23.173530	21.686554	19.760132
23.225958	16.822815	15.468597
23.278387	27.236938	25.768280
23.330816	24.967194	21.686554
23.383245	15.087128	13.866425
23.435674	12.378693	11.539459
23.488102	14.343262	12.493134
23.540531	19.359589	17.986298
23.592960	8.850098	8.602142
23.645389	14.972687	14.133453
23.697818	23.193359	21.228790
23.750246	21.629333	18.959045
23.802675	14.972687	13.008118
23.855104	13.370514	12.168884
23.907533	16.174316	14.934540
23.959962	20.160675	20.046234
24.012390	14.629364	14.762878
24.064819	20.465851	17.528534
24.117248	17.681122	14.286041
24.169677	16.937256	16.250610
24.222106	14.934540	13.713837
24.274534	12.359619	11.272430
24.326963	16.002655	13.999939
24.379392	8.754730	8.411407
24.431821	11.329651	11.272430
24.484250	12.931824	12.454987
24.536678	15.010834	13.828278
24.589107	11.234283	10.013580
24.641536	11.463165	9.593964
24.693965	15.125275	13.027191
24.746394	15.411377	15.048981
24.798822	12.283325	11.215210
24.851251	14.743805	14.362335
24.903680	19.416809	18.501282
24.956109	15.468597	14.019012
25.008538	14.324188	12.664795
25.060966	18.882751	17.204285
25.113395	18.463135	17.089844
25.165824	8.659363	8.792877
25.218253	13.141632	12.454987
25.270682	9.193420	8.392334
25.323110	13.179779	12.378693
25.375539	9.975433	8.945465
25.427968	17.452240	15.830994
25.480397	20.713806	19.226074
25.532826	10.147095	9.593964
25.585254	10.929108	9.365082
25.637683	13.370514	12.626648
25.690112	18.062592	16.021729
25.742541	14.171600	13.008118
25.794970	9.937286	9.822845
25.847398	13.065338	12.512207
25.899827	9.136200	8.220673
25.952256	15.621185	14.171600
26.004685	17.204285	15.430450
26.057114	17.910004	18.253326
26.109542	7.820129	7.591248
26.161971	5.073547	5.283356
26.214400	14.400482	12.702942
26.266829	10.890961	10.375977
26.319258	14.953613	13.370514
26.371686	9.613037	9.803772
26.424115	10.089874	9.307861
26.476544	14.057159	13.618469
26.528973	10.032654	9.994507
26.581402	16.899109	15.563965
26.633830	14.019012	12.664795
26.686259	10.337830	10.185242
26.738688	14.762878	13.465881
26.791117	10.643005	8.640289
26.843546	11.234283	9.994507
26.895974	12.855530	11.405945
26.948403	13.847351	12.531281
27.000832	9.269714	9.784698
27.053261	8.640289	7.934570
27.105690	5.970001	5.664825
27.158118	9.727478	8.087158
27.210547	10.070801	9.059906
27.262976	6.523132	6.160736
27.315405	6.179810	5.779266
27.367834	11.272430	9.517670
27.420262	11.501312	10.108948
27.472691	8.811951	8.697510
27.525120	11.768341	10.967255
27.577549	8.678436	8.888245
27.629978	9.384155	8.125305
27.682406	12.264252	12.607574
27.734835	12.702942	11.825562
27.787264	7.476807	6.999969
27.839693	7.743835	7.457733
27.892122	12.454987	11.043549
27.944550	10.929108	9.479523
27.996979	5.722046	5.245209
28.049408	8.087158	7.972717
28.101837	12.187958	11.005402
28.154266	7.495880	7.648468
28.206694	8.449554	9.040833
28.259123	10.261536	9.841919
28.311552	8.602142	9.193420
28.363981	5.493164	4.634857
28.416410	11.863708	11.787415
28.468838	15.964508	15.163422
28.521267	7.305145	6.885529
28.573696	8.907318	7.648468
28.626125	10.948181	9.403229
28.678554	11.253357	10.471344
28.730982	12.550354	11.177063
28.783411	7.724762	7.209778
28.835840	8.335114	7.534027
28.888269	10.795593	10.433197
28.940698	10.089874	9.231567
28.993126	6.332397	6.675720
29.045555	9.593964	9.174347
29.097984	7.839203	8.850098
29.150413	15.392303	13.618469
29.202842	10.070801	9.956360
29.255270	7.114410	7.305145
29.307699	7.572174	6.771088
29.360128	6.980896	5.664825
29.412557	7.381439	7.228851
29.464986	5.912781	5.893707
29.517414	3.299713	2.880096
29.569843	6.599426	6.389618
29.622272	4.806519	4.730225
29.674701	7.743835	7.553101
29.727130	11.138916	10.662079
29.779558	7.419586	7.228851
29.831987	6.332397	5.035400
29.884416	6.160736	5.149841
29.936845	8.735657	8.563995
29.989274	7.457733	7.705688
30.041702	5.073547	4.997253
30.094131	9.460449	8.716583
30.146560	11.577606	11.672974
30.198989	5.931854	4.787445
30.251418	6.217957	6.809235
30.303846	10.585785	10.070801
30.356275	8.678436	7.801056
30.408704	8.678436	8.277893
30.461133	8.411407	7.152557
30.513562	12.187958	11.024475
30.565990	5.607605	5.798340
30.618419	6.065369	5.531311
30.670848	6.084442	6.160736
30.723277	7.019043	4.959106
30.775706	6.408691	6.198883
30.828134	7.705688	6.713867
30.880563	8.144379	7.629395
30.932992	7.324219	7.343292
30.985421	6.427765	5.798340
31.037850	7.095337	6.675720
31.090278	7.629395	7.095337
31.142707	5.207062	5.321503
31.195136	7.286072	6.790161
31.247565	9.365082	8.735657
31.299994	6.408691	5.950928
31.352422	6.027222	5.893707
31.404851	4.673004	5.035400
31.457280	8.583069	7.362366
31.509709	9.250641	8.316040
31.562138	4.425049	4.653931
31.614566	6.484985	6.656647
31.666995	6.732941	6.122589
31.719424	6.637573	6.561279
31.771853	6.675720	5.607605
31.824282	7.991791	6.809235
31.876710	7.629395	7.228851
31.929139	5.989075	5.664825
31.981568	6.618500	6.179810
32.033997	5.245209	5.722046
32.086426	6.427765	6.103516
32.138854	6.179810	5.950928
32.191283	6.427765	6.599426
32.243712	8.506775	7.495880
32.296141	7.686615	6.484985
32.348570	6.828308	6.370544
32.400998	10.471344	9.403229
32.453427	3.986359	3.852844
32.505856	8.029938	7.858276
32.558285	5.893707	5.359650
32.610714	6.866455	6.828308
32.663142	7.686615	6.752014
32.715571	4.386902	4.272461
32.768000	5.512238	5.130768
32.820429	8.850098	8.945465
32.872858	6.790161	6.332397
32.925286	4.882813	4.653931
32.977715	5.779266	5.016327
33.030144	5.512238	5.207062
33.082573	7.610321	6.294250
33.135002	9.136200	7.705688
33.187430	6.504059	5.950928
33.239859	7.820129	6.351471
33.292288	5.035400	5.817413
33.344717	6.389618	5.779266
33.397146	5.760193	5.359650
33.449574	7.629395	7.534027
33.502003	6.408691	6.027222
33.554432	8.964539	8.010864
33.606861	8.239746	7.972717
33.659290	7.343292	7.648468
33.711718	5.493164	4.940033
33.764147	8.335114	7.705688
33.816576	7.991791	6.198883
33.869005	3.738403	3.051758
33.921434	7.629395	6.675720
33.973862	8.525848	7.648468
34.026291	7.114410	6.160736
34.078720	7.266998	6.313324
34.131149	7.286072	7.171631
34.183578	5.645752	4.959106
34.236006	7.133484	6.904602
34.288435	5.512238	5.435944
34.340864	5.950928	5.741119
34.393293	8.678436	6.961823
34.445722	8.926392	8.811951
34.498150	10.986328	10.585785
34.550579	5.931854	5.569458
34.603008	6.484985	5.474091
34.655437	6.637573	5.626678
34.707866	6.370544	6.160736
34.760294	6.084442	5.569458
34.812723	6.732941	5.912781
34.865152	5.836487	5.664825
34.917581	7.495880	8.087158
34.970010	6.752014	5.970001
35.022438	6.847382	5.817413
35.074867	6.217957	5.092621
35.127296	7.781982	6.370544
35.179725	9.212494	8.602142
35.232154	6.046295	6.389618
35.284582	5.817413	5.168915
35.337011	7.743835	7.019043
35.389440	7.476807	8.144379
35.441869	4.730225	4.978180
35.494298	7.572174	6.599426
35.546726	6.198883	4.634857
35.599155	5.702972	5.512238
35.651584	7.858276	8.029938
35.704013	7.057190	7.495880
35.756442	10.147095	8.926392
35.808870	6.484985	6.618500
35.861299	7.877350	8.144379
35.913728	9.002686	7.553101
35.966157	6.427765	5.588531
36.018586	6.122589	5.874634
36.071014	4.463196	4.711151
36.123443	7.419586	6.904602
36.175872	7.877350	7.877350
36.228301	7.228851	6.122589
36.280730	4.978180	5.302429
36.333158	6.046295	6.237030
36.385587	4.901886	4.882813
36.438016	3.986359	4.177094
36.490445	7.839203	7.286072
36.542874	7.915497	8.411407
36.595302	8.449554	8.029938
36.647731	8.316040	6.713867
36.700160	8.640289	6.980896
36.752589	7.743835	9.250641
36.805018	8.258820	8.506775
36.857446	13.694763	12.702942
36.909875	6.484985	6.656647
36.962304	5.035400	4.043579
37.014733	6.771088	6.370544
37.067162	9.403229	8.296967
37.119590	13.122559	11.596680
37.172019	10.719299	9.956360
37.224448	13.504028	12.989044
37.276877	7.553101	5.569458
37.329306	6.275177	5.912781
37.381734	5.741119	6.446838
37.434163	8.773804	9.307861
37.486592	8.792877	8.621216
37.539021	7.400513	6.427765
37.591450	7.934570	7.419586
37.643878	9.994507	8.678436
37.696307	5.950928	5.226135
37.748736	7.915497	6.904602
37.801165	10.089874	8.602142
37.853594	6.885529	6.141663
37.906022	6.942749	5.989075
37.958451	6.637573	6.599426
38.010880	8.296967	7.820129
38.063309	13.713837	12.874603
38.115738	7.648468	7.190704
38.168166	6.637573	6.103516
38.220595	10.452271	10.128021
38.273024	7.629395	7.934570
38.325453	7.514954	7.362366
38.377882	9.040833	8.640289
38.430310	11.100769	9.765625
38.482739	7.247925	6.732941
38.535168	7.038116	7.553101
38.587597	9.822845	8.926392
38.640026	9.994507	9.231567
38.692454	7.534027	7.133484
38.744883	10.681152	9.384155
38.797312	6.580353	5.493164
38.849741	8.544922	9.193420
38.902170	8.392334	8.354187
38.954598	7.324219	7.019043
39.007027	8.602142	7.877350
39.059456	7.171631	6.599426
39.111885	7.438660	6.771088
39.164314	9.307861	8.678436
39.216742	7.324219	6.942749
39.269171	9.326935	8.907318
39.321600	6.141663	5.340576
39.374029	6.732941	6.198883
39.426458	7.953644	7.038116
39.478886	6.446838	6.580353
39.531315	7.972717	6.809235
39.583744	7.877350	7.152557
39.636173	10.776520	11.100769
39.688602	6.008148	6.370544
39.741030	6.313324	5.435944
39.793459	8.335114	7.953644
39.845888	6.885529	6.408691
39.898317	8.640289	7.743835
39.950746	8.831024	7.877350
40.003174	6.732941	6.465912
40.055603	10.757446	10.547638
40.108032	10.299683	10.147095
40.160461	6.408691	4.959106
40.212890	8.602142	7.667542
40.265318	5.741119	6.256104
40.317747	4.673004	4.882813
40.370176	8.926392	8.640289
40.422605	7.305145	6.370544
40.475034	11.844635	10.814667
40.527462	6.675720	6.389618
40.579891	7.133484	6.866455
40.632320	6.961823	7.476807
40.684749	5.588531	5.397797
40.737178	12.340546	11.138916
40.789606	7.438660	7.190704
40.842035	9.613037	8.525848
40.894464	9.136200	9.288788
40.946893	11.501312	10.986328
40.999322	5.493164	4.787445
41.051750	9.326935	8.430481
41.104179	9.117126	8.754730
41.156608	4.634857	5.168915
41.209037	12.912750	12.664795
41.261466	8.449554	7.152557
41.313894	6.694794	5.912781
41.366323	6.790161	6.904602
41.418752	9.441376	8.239746
41.471181	4.787445	4.158020
41.523610	7.991791	7.400513
41.576038	10.738373	9.765625
41.628467	5.722046	4.653931
41.680896	14.266968	13.046265
41.733325	8.296967	8.296967
41.785754	3.128052	3.070831
41.838182	4.673004	4.997253
41.890611	7.858276	8.621216
41.943040	6.561279	5.779266
41.995469	8.125305	8.106232
42.047898	9.689331	8.087158
42.100326	7.457733	7.591248
42.152755	5.340576	4.920959
42.205184	4.920959	4.749298
42.257613	7.266998	7.247925
42.310042	9.670258	8.678436
42.362470	10.871887	10.738373
42.414899	10.242462	10.566711
42.467328	13.065338	12.493134
42.519757	20.847321	18.634796
42.572186	16.098022	15.544891
42.624614	20.198822	18.558502
42.677043	26.092529	24.261475
42.729472	31.814575	28.266907
42.781901	17.280579	15.430450
42.834330	29.182434	29.659271
42.886758	23.021698	20.179749
42.939187	15.850067	16.002655
42.991616	23.593903	20.828247
43.044045	8.487701	9.250641
43.096474	11.711121	10.890961
43.148902	14.553070	13.351440
43.201331	18.348694	16.460419
43.253760	47.321320	43.354034
43.306189	157.833099	145.263672
43.358618	37.860870	34.294128
43.411046	70.552826	65.803528
43.463475	55.503845	51.364899
43.515904	48.122406	45.223236
43.568333	19.741058	18.692017
43.620762	49.324036	44.727325
43.673190	21.400452	20.446777
43.725619	12.531281	11.348724
43.778048	9.765625	8.373260
43.830477	5.569458	5.092621
43.882906	9.632111	10.604858
43.935334	6.465912	6.313324
43.987763	19.359589	16.918182
44.040192	5.855560	6.027222
44.092621	9.403229	7.667542
44.145050	6.675720	6.179810
44.197478	8.316040	6.980896
44.249907	6.980896	6.179810
44.302336	7.572174	6.313324
44.354765	16.517639	14.057159
44.407194	16.002655	14.019012
44.459622	10.318756	9.841919
44.512051	15.754700	15.373230
44.564480	11.081696	11.215210
44.616909	10.147095	10.299683
44.669338	7.667542	6.046295
44.721766	14.553070	12.741089
44.774195	18.539429	16.880035
44.826624	10.108948	8.983612
44.879053	12.245178	11.634827
44.931482	25.787354	23.288727
44.983910	16.555786	15.563965
45.036339	19.931793	19.149780
45.088768	12.474060	11.501312
45.141197	17.032623	15.544891
45.193626	17.890930	16.345978
45.246054	12.245178	10.089874
45.298483	7.762909	6.713867
45.350912	8.163452	8.106232
45.403341	11.539459	11.615753
45.455770	15.888214	14.705658
45.508198	9.250641	7.610321
45.560627	16.784668	15.411377
45.613056	14.190674	13.694763
45.665485	6.313324	6.256104
45.717914	4.558563	4.119873
45.770342	12.187958	10.986328
45.822771	20.751953	18.310547
45.875200	179.424286	164.642334
45.927629	539.455414	499.839783
45.980058	450.649261	410.366058
46.032486	116.252899	107.192993
46.084915	87.909698	83.160400
46.137344	77.266693	71.430206
46.189773	185.489655	166.511536
46.242202	247.802734	224.304199
46.294630	130.386353	120.944977
46.347059	63.171387	55.713654
46.399488	28.820038	26.302338
46.451917	62.484741	59.738159
46.504346	30.403137	27.484894
46.556774	32.939911	30.555725
46.609203	35.896301	33.130646
46.661632	25.005341	23.918152
46.714061	15.182495	14.305115
46.766490	7.476807	7.286072
46.818918	27.351379	23.574829
46.871347	5.836487	5.531311
46.923776	17.585754	16.613007
46.976205	30.784607	29.315948
47.028634	22.144318	19.893646
47.081062	5.397797	5.302429
47.133491	5.226135	4.844666
47.185920	4.558563	4.348755
47.238349	7.781982	6.046295
47.290778	11.329651	10.757446
47.343206	10.166168	8.716583
47.395635	29.945374	28.247833
47.448064	33.683777	30.155182
47.500493	34.160614	32.405853
47.552922	57.067871	52.490234
47.605350	19.760132	17.929077
47.657779	21.438599	20.160675
47.710208	62.255859	57.506561
47.762637	66.795349	64.849854
47.815066	67.176819	62.103271
47.867494	57.048798	51.479340
47.919923	32.806396	30.879974
47.972352	49.324036	44.593811
48.024781	61.855316	58.097839
48.077210	18.882751	17.051697
48.129638	28.800964	25.711060
48.182067	37.651062	34.618378
48.234496	28.038025	25.482178
48.286925	12.817383	11.024475
48.339354	95.252991	86.917877
48.391782	122.356415	113.086700
48.444211	79.307556	70.838928
48.496640	127.258301	117.225647
48.549069	26.302338	25.157928
48.601498	12.340546	10.929108
48.653926	11.348724	10.814667
48.706355	41.751862	38.547516
48.758784	78.430176	69.580078
48.811213	13.103485	12.378693
48.863642	16.212463	15.640259
48.916070	12.855530	13.103485
48.968499	19.874573	18.043518
49.020928	8.373260	8.792877
49.073357	9.593964	9.632111
49.125786	16.517639	15.048981
49.178214	12.779236	13.351440
49.230643	16.403198	17.223358
49.283072	6.675720	5.702972
49.335501	27.046204	24.757385
49.387930	38.566589	34.255981
49.440358	37.727356	35.305023
49.492787	33.473969	29.144287
49.545216	66.280365	59.623718
49.597645	43.792725	40.283203
49.650074	91.838837	83.332062
49.702502	51.765442	47.473907
49.754931	91.609955	83.770752
49.807360	38.948059	36.067963
49.859789	107.231140	97.713470
49.912218	129.241943	116.577148
49.964646	144.901276	131.530762
50.017075	60.310364	54.683685
50.069504	6.656647	6.351471
50.121933	30.822754	29.010773
50.174362	31.032562	27.065277
50.226790	32.463074	29.697418
50.279219	13.504028	13.408661
50.331648	6.542206	6.103516
50.384077	9.174347	9.288788
50.436506	4.787445	4.272461
50.488934	5.950928	6.046295
50.541363	5.435944	4.634857
50.593792	5.607605	5.760193
50.646221	5.207062	5.130768
50.698650	9.098053	7.991791
50.751078	11.711121	12.416840
50.803507	15.029907	14.247894
50.855936	15.220642	13.599396
50.908365	12.054443	11.024475
50.960794	12.531281	11.940002
51.013222	11.882782	10.795593
51.065651	11.062622	10.890961
51.118080	15.945435	14.743805
51.170509	14.610291	13.847351
51.222938	6.446838	6.504059
51.275366	4.730225	4.558563
51.327795	12.645721	11.043549
51.380224	18.920898	16.002655
51.432653	13.561249	11.978149
51.485082	15.716553	14.362335
51.537510	8.831024	8.525848
51.589939	6.504059	6.294250
51.642368	4.844666	4.673004
51.694797	9.708405	8.258820
51.747226	7.228851	6.961823
51.799654	7.476807	6.904602
51.852083	5.989075	5.054474
51.904512	5.931854	5.722046
51.956941	3.795624	4.272461
52.009370	4.119873	3.986359
52.061798	4.234314	3.757477
52.114227	9.479523	9.479523
52.166656	7.381439	7.209778
52.219085	3.662109	4.158020
52.271514	5.016327	5.435944
52.323942	4.863739	3.852844
52.376371	8.220673	8.144379
52.428800	8.277893	7.781982
52.481229	5.130768	4.425049
52.533658	12.950897	11.730194
52.586086	19.931793	19.264221
52.638515	10.623932	9.956360
52.690944	8.029938	7.495880
52.743373	6.752014	6.790161
52.795802	4.463196	4.501343
52.848230	6.732941	6.275177
52.900659	25.043488	24.375916
52.953088	21.057129	20.008087
53.005517	8.487701	7.438660
53.057946	6.256104	5.893707
53.110374	9.441376	8.220673
53.162803	11.367798	11.825562
53.215232	9.422302	8.792877
53.267661	7.572174	6.599426
53.320090	5.359650	5.226135
53.372518	5.359650	4.882813
53.424947	5.970001	5.817413
53.477376	5.664825	6.256104
53.529805	4.272461	4.615784
53.582234	5.855560	5.512238
53.634662	7.190704	6.713867
53.687091	5.531311	4.730225
53.739520	4.405975	4.482269
53.791949	4.062653	3.547668
53.844378	5.626678	5.416870
53.896806	3.108978	2.937317
53.949235	3.738403	2.841949
54.001664	2.841949	3.204346
54.054093	4.196167	3.643036
54.106522	5.607605	5.245209
54.158950	4.825592	4.520416
54.211379	6.046295	5.855560
54.263808	5.989075	5.435944
54.316237	3.261566	3.376007
54.368666	3.566742	4.253387
54.421094	4.291534	3.738403
54.473523	3.833771	3.852844
54.525952	4.997253	4.692078
54.578381	5.664825	5.035400
54.630810	3.528595	3.299713
54.683238	4.081726	4.673004
54.735667	4.100800	4.024506
54.788096	3.776550	3.871918
54.840525	3.833771	4.215240
54.892954	3.147125	3.414154
54.945382	6.160736	6.694794
54.997811	4.692078	4.692078
55.050240	3.299713	3.662109
55.102669	3.623962	4.215240
55.155098	3.910065	4.177094
55.207526	4.711151	4.711151
55.259955	3.528595	3.185272
55.312384	4.177094	4.253387
55.364813	3.757477	3.738403
55.417242	4.711151	3.681183
55.469670	4.501343	4.005432
55.522099	4.539490	3.890991
55.574528	3.471375	3.185272
55.626957	4.291534	3.986359
55.679386	4.940033	4.215240
55.731814	3.967285	3.089905
55.784243	3.318787	2.841949
55.836672	3.929138	3.318787
55.889101	3.681183	3.681183
55.941530	4.692078	5.187988
55.993958	3.910065	3.681183
56.046387	4.558563	4.024506
56.098816	3.757477	3.547668
56.151245	3.986359	4.081726
56.203674	5.073547	5.187988
56.256102	3.890991	3.566742
56.308531	6.675720	5.264282
56.360960	3.986359	3.890991
56.413389	4.253387	4.081726
56.465818	4.005432	3.566742
56.518246	5.683899	5.187988
56.570675	4.215240	3.967285
56.623104	4.215240	4.177094
56.675533	5.817413	5.664825
56.727962	4.024506	3.757477
56.780390	3.471375	2.727509
56.832819	4.882813	4.901886
56.885248	4.768372	4.539490
56.937677	3.528595	3.070831
56.990106	5.950928	4.997253
57.042534	2.593994	3.089905
57.094963	4.844666	4.386902
57.147392	4.405975	4.177094
57.199821	5.226135	5.016327
57.252250	3.471375	3.032684
57.304678	3.471375	3.395081
57.357107	3.223419	3.089905
57.409536	4.196167	3.814697
57.461965	5.035400	4.673004
57.514394	3.452301	3.719330
57.566822	4.787445	3.948212
57.619251	2.670288	2.822876
57.671680	4.329681	4.692078
57.724109	4.062653	4.348755
57.776538	4.425049	4.272461
57.828966	3.128052	3.318787
57.881395	4.177094	4.005432
57.933824	4.501343	3.929138
57.986253	2.803802	2.479553
58.038682	3.700256	3.414154
58.091110	3.089905	2.956390
58.143539	3.833771	3.280640
58.195968	3.452301	3.223419
58.248397	3.890991	3.299713
58.300826	3.242493	2.918243
58.353254	3.070831	2.632141
58.405683	4.653931	4.653931
58.458112	4.539490	4.158020
58.510541	3.662109	3.032684
58.562970	2.861023	2.803802
58.615398	3.032684	3.070831
58.667827	3.166199	3.013611
58.720256	4.062653	3.547668
58.772685	2.307892	2.632141
58.825114	4.158020	3.776550
58.877542	4.558563	4.825592
58.929971	3.757477	4.463196
58.982400	3.147125	3.833771
59.034829	3.681183	3.547668
59.087258	3.414154	3.261566
59.139686	3.452301	2.727509
59.192115	3.528595	3.623962
59.244544	3.662109	3.299713
59.296973	5.435944	4.825592
59.349402	3.147125	3.738403
59.401830	4.425049	3.833771
59.454259	5.455017	4.444122
59.506688	4.673004	3.604889
59.559117	3.318787	3.547668
59.611546	3.967285	4.024506
59.663974	4.196167	4.138947
59.716403	4.749298	4.463196
59.768832	4.138947	4.291534
59.821261	4.024506	3.376007
59.873690	3.490448	3.433228
59.926118	4.024506	3.623962
59.978547	3.967285	3.681183
60.030976	4.367828	4.272461
60.083405	3.356934	3.681183
60.135834	4.940033	4.196167
60.188262	4.673004	4.482269
60.240691	3.280640	3.166199
60.293120	4.825592	4.425049
60.345549	4.196167	4.425049
60.397978	3.280640	3.376007
60.450406	4.253387	3.929138
60.502835	3.585815	3.108978
60.555264	3.471375	3.452301
60.607693	5.550385	4.653931
60.660122	3.776550	3.280640
60.712550	4.577637	5.340576
60.764979	4.119873	4.196167
60.817408	4.367828	4.501343
60.869837	3.719330	3.490448
60.922266	4.158020	3.986359
60.974694	3.757477	3.185272
61.027123	2.822876	2.822876
61.079552	5.168915	5.359650
61.131981	5.073547	4.653931
61.184410	4.673004	4.920959
61.236838	5.493164	5.149841
61.289267	3.032684	2.593994
61.341696	3.452301	3.242493
61.394125	3.566742	3.433228
61.446554	3.623962	3.757477
61.498982	3.395081	3.280640
61.551411	3.032684	2.803802
61.603840	3.414154	3.032684
61.656269	3.547668	3.261566
61.708698	4.634857	4.291534
61.761126	4.444122	4.425049
61.813555	4.558563	5.130768
61.865984	4.692078	4.386902
61.918413	4.596710	4.386902
61.970842	3.852844	3.566742
62.023270	3.986359	3.852844
62.075699	5.397797	4.482269
62.128128	4.615784	4.730225
62.180557	5.550385	5.016327
62.232986	4.711151	4.768372
62.285414	2.994537	3.261566
62.337843	4.615784	4.520416
62.390272	4.730225	4.787445
62.442701	4.558563	4.463196
62.495130	5.855560	5.512238
62.547558	4.158020	4.634857
62.599987	4.673004	4.215240
62.652416	4.024506	3.528595
62.704845	6.656647	5.893707
62.757274	7.190704	6.408691
62.809702	4.539490	4.615784
62.862131	2.803802	3.108978
62.914560	3.337860	3.128052
62.966989	5.073547	3.433228
63.019418	4.596710	4.558563
63.071846	3.757477	3.776550
63.124275	4.100800	3.738403
63.176704	4.844666	4.463196
63.229133	4.329681	4.119873
63.281562	4.062653	4.310608
63.333990	3.719330	4.215240
63.386419	5.111694	5.016327
63.438848	4.348755	4.367828
63.491277	3.395081	2.632141
63.543706	6.446838	5.321503
63.596134	5.416870	4.901886
63.648563	4.348755	4.081726
63.700992	5.378723	5.550385
63.753421	4.405975	3.986359
63.805850	6.084442	6.637573
63.858278	3.681183	3.662109
63.910707	3.967285	3.585815
63.963136	5.474091	4.997253
64.015565	6.427765	4.749298
64.067994	5.340576	4.882813
64.120422	4.081726	3.490448
64.172851	6.847382	6.504059
64.225280	6.923676	7.648468
64.277709	4.272461	4.024506
64.330138	5.855560	4.959106
64.382566	5.893707	5.931854
64.434995	8.716583	7.896423
64.487424	6.427765	5.321503
64.539853	5.073547	5.092621
64.592282	7.228851	6.504059
64.644710	5.054474	5.340576
64.697139	6.904602	6.942749
64.749568	6.027222	5.779266
64.801997	4.024506	3.795624
64.854426	4.920959	4.405975
64.906854	5.168915	4.711151
64.959283	6.504059	5.683899
65.011712	6.160736	6.179810
65.064141	4.940033	4.692078
65.116570	6.713867	5.817413
65.168998	4.253387	3.280640
65.221427	5.683899	5.073547
65.273856	6.179810	5.741119
65.326285	5.245209	5.111694
65.378714	8.525848	9.250641
65.431142	5.207062	5.321503
65.483571	5.912781	6.179810
65.536000	6.198883	6.484985
65.588429	5.817413	5.321503
65.640858	4.997253	4.577637
65.693286	5.588531	5.607605
65.745715	7.686615	6.999969
65.798144	5.035400	5.264282
65.850573	7.247925	6.885529
65.903002	3.356934	3.261566
65.955430	6.294250	6.256104
66.007859	10.223389	8.716583
66.060288	6.790161	6.446838
66.112717	8.563995	8.125305
66.165146	4.806519	4.692078
66.217574	7.133484	6.885529
66.270003	6.179810	6.122589
66.322432	5.245209	5.016327
66.374861	5.874634	5.207062
66.427290	6.484985	6.179810
66.479718	3.604889	3.490448
66.532147	5.283356	4.653931
66.584576	6.561279	5.817413
66.637005	5.149841	5.111694
66.689434	8.106232	7.820129
66.741862	4.711151	4.558563
66.794291	6.237030	6.065369
66.846720	6.332397	6.446838
66.899149	4.520416	4.634857
66.951578	7.896423	6.523132
67.004006	5.149841	5.073547
67.056435	6.084442	6.866455
67.108864	5.130768	4.844666
67.161293	3.280640	3.166199
67.213722	4.596710	4.253387
67.266150	5.493164	4.768372
67.318579	5.512238	5.416870
67.371008	5.321503	4.577637
67.423437	5.970001	5.702972
67.475866	4.119873	3.108978
67.528294	6.141663	5.378723
67.580723	3.433228	3.871918
67.633152	4.673004	4.100800
67.685581	7.209778	6.523132
67.738010	3.623962	4.024506
67.790438	5.798340	5.321503
67.842867	3.395081	3.242493
67.895296	5.016327	4.558563
67.947725	3.776550	3.681183
68.000154	3.452301	3.299713
68.052582	5.168915	4.100800
68.105011	4.920959	4.806519
68.157440	5.054474	4.634857
68.209869	4.539490	4.482269
68.262298	3.395081	3.452301
68.314726	2.956390	2.765656
68.367155	3.948212	3.795624
68.419584	4.539490	4.825592
68.472013	4.520416	4.978180
68.524442	3.547668	3.337860
68.576870	4.119873	4.024506
68.629299	4.940033	4.196167
68.681728	4.348755	4.215240
68.734157	3.986359	3.662109
68.786586	3.566742	4.043579
68.839014	3.128052	3.185272
68.891443	3.814697	3.089905
68.943872	3.623962	3.356934
68.996301	4.749298	4.310608
69.048730	3.623962	2.937317
69.101158	3.204346	2.994537
69.153587	3.032684	2.784729
69.206016	3.948212	3.433228
69.258445	4.692078	4.901886
69.310874	3.852844	3.986359
69.363302	3.738403	3.089905
69.415731	2.574921	3.051758
69.468160	4.138947	3.643036
69.520589	4.405975	4.577637
69.573018	4.253387	3.890991
69.625446	3.299713	3.147125
69.677875	3.833771	3.414154
69.730304	3.204346	3.490448
69.782733	3.528595	3.280640
69.835162	3.833771	3.852844
69.887590	3.757477	3.185272
69.940019	3.261566	3.204346
69.992448	3.261566	4.138947
70.044877	3.910065	3.509521
70.097306	3.318787	3.147125
70.149734	3.070831	2.956390
70.202163	4.100800	4.177094
70.254592	3.261566	2.803802
70.307021	2.899170	2.956390
70.359450	2.670288	2.994537
70.411878	2.880096	2.708435
70.464307	2.975464	2.593994
70.516736	3.280640	3.662109
70.569165	3.204346	2.994537
70.621594	2.822876	3.204346
70.674022	2.574921	2.346039
70.726451	2.460480	2.784729
70.778880	2.708435	2.384186
70.831309	2.861023	2.975464
70.883738	4.463196	4.234314
70.936166	3.223419	3.395081
70.988595	2.746582	3.166199
71.041024	2.765656	2.555847
71.093453	2.346039	2.841949
71.145882	3.814697	3.128052
71.198310	4.386902	3.795624
71.250739	2.956390	3.204346
71.303168	2.841949	2.727509
71.355597	2.670288	2.326965
71.408026	3.108978	3.242493
71.460454	4.005432	3.719330
71.512883	2.822876	3.032684
71.565312	3.795624	4.177094
71.617741	4.482269	4.196167
71.670170	3.185272	2.727509
71.722598	3.070831	3.204346
71.775027	3.242493	3.147125
71.827456	4.158020	4.310608
71.879885	4.196167	3.337860
71.932314	3.604889	3.547668
71.984742	3.566742	3.490448
72.037171	4.615784	4.444122
72.089600	3.395081	2.765656
72.142029	4.386902	3.814697
72.194458	4.196167	4.081726
72.246886	3.490448	3.471375
72.299315	3.852844	3.547668
72.351744	4.081726	3.967285
72.404173	4.348755	4.520416
72.456602	4.062653	3.986359
72.509030	4.730225	3.585815
72.561459	4.367828	4.673004
72.613888	3.242493	3.700256
72.666317	2.956390	2.841949
72.718746	3.910065	3.509521
72.771174	4.310608	4.043579
72.823603	3.890991	3.566742
72.876032	5.245209	4.673004
72.928461	4.081726	4.043579
72.980890	5.435944	4.405975
73.033318	7.476807	7.286072
73.085747	5.512238	4.692078
73.138176	4.920959	4.234314
73.190605	5.264282	5.111694
73.243034	3.566742	3.604889
73.295462	5.340576	5.111694
73.347891	5.226135	4.825592
73.400320	5.397797	5.054474
73.452749	4.959106	4.577637
73.505178	5.207062	5.378723
73.557606	3.681183	3.566742
73.610035	4.711151	4.596710
73.662464	4.558563	4.653931
73.714893	6.351471	6.103516
73.767322	5.416870	5.416870
73.819750	4.978180	4.024506
73.872179	4.444122	4.062653
73.924608	5.912781	6.389618
73.977037	3.471375	3.929138
74.029466	4.959106	4.577637
74.081894	4.673004	4.901886
74.134323	4.272461	4.978180
74.186752	5.016327	4.920959
74.239181	5.321503	5.187988
74.291610	5.245209	4.749298
74.344038	5.340576	5.817413
74.396467	8.525848	8.144379
74.448896	5.111694	5.035400
74.501325	4.844666	4.234314
74.553754	5.970001	5.855560
74.606182	5.187988	5.931854
74.658611	5.168915	4.749298
74.711040	3.833771	3.910065
74.763469	4.062653	4.215240
74.815898	7.514954	7.095337
74.868326	5.893707	6.256104
74.920755	6.580353	6.446838
74.973184	7.495880	6.999969
75.025613	5.302429	5.435944
75.078042	6.599426	6.237030
75.130470	3.185272	3.204346
75.182899	5.512238	4.844666
75.235328	8.602142	8.716583
75.287757	10.490417	8.983612
75.340186	4.940033	4.482269
75.392614	4.901886	4.634857
75.445043	5.054474	4.177094
75.497472	8.811951	7.457733
75.549901	8.411407	7.781982
75.602330	7.915497	7.629395
75.654758	5.722046	6.141663
75.707187	6.275177	5.569458
75.759616	4.425049	4.043579
75.812045	5.588531	5.092621
75.864474	7.915497	6.599426
75.916902	8.354187	9.632111
75.969331	7.781982	8.163452
76.021760	9.651184	9.803772
76.074189	7.553101	6.961823
76.126618	5.569458	5.874634
76.179046	5.874634	5.149841
76.231475	7.228851	6.980896
76.283904	5.836487	5.130768
76.336333	13.122559	11.425018
76.388762	6.771088	6.084442
76.441190	8.735657	8.621216
76.493619	10.509491	8.506775
76.546048	6.332397	6.656647
76.598477	6.160736	6.141663
76.650906	9.593964	8.869171
76.703334	6.370544	6.198883
76.755763	7.915497	7.629395
76.808192	7.820129	6.408691
76.860621	5.550385	5.493164
76.913050	8.831024	7.972717
76.965478	11.577606	11.539459
77.017907	6.465912	5.607605
77.070336	9.651184	8.869171
77.122765	8.792877	7.190704
77.175194	7.419586	7.343292
77.227622	6.885529	5.245209
77.280051	6.160736	6.313324
77.332480	7.591248	6.828308
77.384909	8.525848	8.125305
77.437338	6.351471	6.294250
77.489766	12.073517	10.185242
77.542195	10.700226	10.471344
77.594624	10.204315	9.632111
77.647053	8.487701	7.934570
77.699482	9.956360	8.640289
77.751910	6.980896	6.103516
77.804339	7.495880	8.029938
77.856768	9.078979	8.602142
77.909197	8.716583	7.724762
77.961626	9.479523	9.078979
78.014054	12.569427	11.291504
78.066483	7.572174	7.648468
78.118912	4.405975	4.425049
78.171341	7.400513	7.381439
78.223770	9.078979	8.640289
78.276198	6.732941	6.313324
78.328627	5.989075	5.073547
78.381056	8.735657	7.457733
78.433485	6.771088	7.324219
78.485914	6.828308	6.713867
78.538342	4.768372	4.882813
78.590771	5.378723	4.768372
78.643200	9.403229	9.040833
78.695629	8.621216	8.354187
78.748058	6.713867	7.038116
78.800486	7.038116	6.713867
78.852915	11.482239	11.711121
78.905344	8.316040	7.724762
78.957773	9.346008	7.629395
79.010202	7.934570	8.411407
79.062630	6.847382	5.970001
79.115059	5.760193	4.806519
79.167488	5.626678	5.760193
79.219917	5.359650	4.749298
79.272346	6.542206	6.408691
79.324774	11.844635	12.187958
79.377203	6.999969	5.950928
79.429632	6.599426	5.741119
79.482061	11.558533	9.117126
79.534490	7.858276	7.572174
79.586918	8.468628	8.049011
79.639347	11.501312	9.403229
79.691776	7.305145	6.446838
79.744205	6.732941	6.427765
79.796634	8.049011	7.591248
79.849062	6.275177	5.798340
79.901491	5.970001	5.874634
79.953920	6.752014	6.217957
80.006349	5.874634	5.817413
80.058778	8.773804	7.724762
80.111206	9.460449	9.059906
80.163635	9.117126	8.525848
80.216064	4.806519	4.997253
80.268493	6.732941	6.389618
80.320922	8.087158	7.801056
80.373350	6.008148	5.149841
80.425779	5.569458	5.111694
80.478208	6.160736	6.599426
80.530637	9.078979	9.059906
80.583066	5.130768	4.787445
80.635494	8.373260	8.125305
80.687923	5.245209	5.149841
80.740352	6.160736	5.760193
80.792781	7.362366	7.247925
80.845210	5.970001	5.855560
80.897638	3.757477	3.547668
80.950067	4.959106	5.149841
81.002496	4.386902	4.692078
81.054925	6.961823	6.122589
81.107354	4.177094	3.929138
81.159782	6.542206	6.542206
81.212211	7.381439	6.713867
81.264640	5.989075	4.997253
81.317069	6.008148	6.103516
81.369498	6.275177	6.160736
81.421926	5.130768	4.959106
81.474355	3.662109	3.929138
81.526784	7.171631	6.771088
81.579213	5.168915	4.920959
81.631642	5.187988	4.940033
81.684070	5.722046	4.997253
81.736499	3.910065	3.948212
81.788928	3.833771	3.814697
81.841357	4.024506	4.138947
81.893786	6.504059	6.504059
81.946214	5.722046	5.111694
81.998643	4.997253	5.092621
82.051072	3.795624	3.452301
82.103501	4.997253	4.711151
82.155930	4.787445	4.310608
82.208358	8.888245	7.381439
82.260787	6.198883	6.370544
82.313216	5.073547	4.959106
82.365645	4.501343	4.692078
82.418074	4.863739	4.558563
82.470502	4.558563	3.910065
82.522931	4.882813	4.444122
82.575360	5.111694	5.016327
82.627789	4.673004	4.138947
82.680218	4.158020	3.757477
82.732646	4.882813	4.520416
82.785075	5.855560	5.226135
82.837504	3.852844	3.013611
82.889933	5.359650	5.359650
82.942362	5.531311	4.405975
82.994790	5.149841	4.348755
83.047219	4.367828	4.100800
83.099648	3.719330	4.100800
83.152077	4.634857	4.768372
83.204506	4.539490	3.833771
83.256934	4.100800	3.814697
83.309363	6.198883	5.874634
83.361792	4.329681	4.863739
83.414221	3.166199	2.975464
83.466650	5.474091	5.512238
83.519078	3.948212	4.329681
83.571507	4.043579	4.100800
83.623936	3.337860	4.253387
83.676365	6.999969	6.828308
83.728794	4.310608	4.501343
83.781222	5.130768	4.501343
83.833651	2.994537	2.784729
83.886080	3.890991	4.405975
83.938509	4.520416	3.833771
83.990938	4.081726	4.405975
84.043366	4.577637	4.215240
84.095795	3.032684	3.108978
84.148224	3.833771	4.291534
84.200653	3.376007	3.242493
84.253082	3.623962	3.318787
84.305510	4.482269	3.757477
84.357939	5.989075	5.512238
84.410368	3.528595	3.700256
84.462797	3.509521	3.509521
84.515226	4.806519	4.119873
84.567654	4.367828	3.604889
84.620083	5.016327	4.692078
84.672512	2.899170	3.299713
84.724941	5.054474	5.245209
84.777370	5.073547	5.779266
84.829798	4.558563	4.215240
84.882227	4.005432	3.509521
84.934656	3.585815	4.158020
84.987085	3.032684	3.108978
85.039514	3.681183	3.223419
85.091942	3.890991	3.852844
85.144371	3.890991	3.929138
85.196800	3.852844	3.166199
85.249229	5.340576	4.997253
85.301658	4.882813	4.367828
85.354086	4.177094	4.653931
85.406515	4.463196	4.234314
85.458944	3.776550	3.700256
85.511373	4.329681	4.425049
85.563802	4.215240	4.215240
85.616230	4.825592	5.016327
85.668659	3.356934	3.318787
85.721088	0.133514	0.171661
85.773517	0.152588	0.286102
85.825946	2.155304	2.231598
85.878374	1.506805	1.678467
85.930803	1.754761	1.564026
85.983232	1.640320	1.544952
86.035661	0.896454	0.820160
86.088090	0.152588	0.190735
86.140518	0.362396	0.457764
86.192947	0.648499	0.762939
86.245376	0.591278	0.705719
86.297805	0.514984	1.182556
86.350234	0.514984	0.724792
86.402662	0.324249	0.514984
86.455091	0.152588	0.324249
86.507520	0.267029	0.324249
86.559949	0.591278	0.705719
86.612378	0.476837	0.534058
86.664806	0.457764	0.362396
86.717235	0.343323	0.247955
86.769664	0.267029	0.362396
86.822093	0.076294	0.438690
86.874522	0.190735	0.324249
86.926950	0.190735	0.286102
86.979379	0.286102	0.267029
87.031808	0.228882	0.343323
87.084237	0.324249	0.381470
87.136666	0.267029	0.228882
87.189094	0.095367	0.228882
87.241523	0.133514	0.362396
87.293952	0.095367	0.209808
87.346381	0.152588	0.152588
87.398810	0.209808	0.286102
87.451238	0.095367	0.152588
87.503667	0.133514	0.286102
87.556096	0.133514	0.305176
87.608525	0.190735	0.267029
87.660954	0.095367	0.343323
87.713382	0.286102	0.247955
87.765811	0.171661	0.343323
87.818240	0.152588	0.133514
87.870669	0.190735	0.324249
87.923098	0.133514	0.152588
87.975526	0.228882	0.381470
88.027955	0.209808	0.152588
88.080384	0.095367	0.095367
88.132813	0.095367	0.286102
88.185242	0.171661	0.305176
88.237670	0.095367	0.228882
88.290099	0.190735	0.228882
88.342528	0.133514	0.286102
88.394957	0.095367	0.362396
88.447386	0.057220	0.209808
88.499814	0.286102	0.190735
88.552243	0.171661	0.343323
88.604672	0.114441	0.247955
88.657101	0.152588	0.267029
88.709530	0.095367	0.324249
88.761958	0.247955	0.305176
88.814387	0.095367	0.228882
88.866816	0.267029	0.209808
88.919245	0.076294	0.228882
88.971674	0.209808	0.209808
89.024102	0.209808	0.209808
89.076531	0.095367	0.286102
89.128960	0.076294	0.247955
89.181389	0.114441	0.190735
89.233818	0.114441	0.171661
89.286246	0.076294	0.247955
89.338675	0.171661	0.228882
89.391104	0.133514	0.133514
89.443533	0.247955	0.305176
89.495962	0.133514	0.267029
89.548390	0.247955	0.305176
89.600819	0.152588	0.305176
89.653248	0.209808	0.133514
89.705677	0.190735	0.247955
89.758106	0.057220	0.286102
89.810534	0.114441	0.267029
89.862963	0.133514	0.190735
89.915392	0.247955	0.209808
89.967821	0.133514	0.381470
90.020250	0.133514	0.209808
90.072678	0.076294	0.381470
90.125107	0.114441	0.286102
90.177536	0.114441	0.114441
90.229965	0.152588	0.228882
90.282394	0.152588	0.324249
90.334822	0.152588	0.228882
90.387251	0.190735	0.133514
90.439680	0.038147	0.362396
90.492109	0.152588	0.209808
90.544538	0.228882	0.228882
90.596966	0.133514	0.305176
90.649395	0.209808	0.305176
90.701824	0.190735	0.190735
90.754253	0.133514	0.209808
90.806682	0.095367	0.305176
90.859110	0.133514	0.190735
90.911539	0.190735	0.228882
90.963968	0.114441	0.228882
91.016397	0.133514	0.209808
91.068826	0.057220	0.381470
91.121254	0.171661	0.305176
91.173683	0.076294	0.209808
91.226112	0.190735	0.247955
91.278541	0.152588	0.209808
91.330970	0.114441	0.286102
91.383398	0.190735	0.209808
91.435827	0.076294	0.267029
91.488256	0.076294	0.209808
91.540685	0.286102	0.495911
91.593114	0.095367	0.343323
91.645542	0.057220	0.267029
91.697971	0.228882	0.190735
91.750400	0.267029	0.171661
91.802829	0.133514	0.152588
91.855258	0.114441	0.305176
91.907686	0.190735	0.228882
91.960115	0.228882	0.267029
92.012544	0.171661	0.343323
92.064973	0.171661	0.114441
92.117402	0.190735	0.209808
92.169830	0.133514	0.247955
92.222259	0.152588	0.286102
92.274688	0.152588	0.267029
92.327117	0.095367	0.286102
92.379546	0.133514	0.209808
92.431974	0.095367	0.209808
92.484403	0.114441	0.247955
92.536832	0.152588	0.247955
92.589261	0.114441	0.247955
92.641690	0.057220	0.247955
92.694118	0.095367	0.190735
92.746547	0.095367	0.190735
92.798976	0.209808	0.286102
92.851405	0.114441	0.286102
92.903834	0.171661	0.286102
92.956262	0.171661	0.381470
93.008691	0.133514	0.171661
93.061120	0.095367	0.267029
93.113549	0.114441	0.247955
93.165978	0.095367	0.247955
93.218406	0.171661	0.228882
93.270835	0.305176	0.381470
93.323264	0.095367	0.209808
93.375693	0.228882	0.209808
93.428122	0.267029	0.286102
93.480550	0.133514	0.305176
93.532979	0.133514	0.267029
93.585408	0.019073	0.286102
93.637837	0.152588	0.267029
93.690266	0.190735	0.209808
93.742694	0.152588	0.305176
93.795123	0.152588	0.247955
93.847552	0.171661	0.228882
93.899981	0.095367	0.152588
93.952410	0.247955	0.324249
94.004838	0.133514	0.209808
94.057267	0.228882	0.267029
94.109696	0.095367	0.247955
94.162125	0.190735	0.286102
94.214554	0.019073	0.228882
94.266982	0.171661	0.152588
94.319411	0.209808	0.400543
94.371840	0.057220	0.286102
94.424269	0.133514	0.228882
94.476698	0.133514	0.305176
94.529126	0.247955	0.114441
94.581555	0.152588	0.171661
94.633984	0.247955	0.209808
94.686413	0.209808	0.171661
94.738842	0.171661	0.190735
94.791270	0.095367	0.324249
94.843699	0.152588	0.247955
94.896128	0.209808	0.171661
94.948557	0.133514	0.228882
95.000986	0.114441	0.267029
95.053414	0.095367	0.324249
95.105843	0.095367	0.267029
95.158272	0.114441	0.228882
95.210701	0.095367	0.305176
95.263130	0.114441	0.247955
95.315558	0.171661	0.305176
95.367987	0.190735	0.209808
95.420416	0.114441	0.133514
95.472845	0.190735	0.190735
95.525274	0.095367	0.305176
95.577702	0.133514	0.247955
95.630131	0.095367	0.171661
95.682560	0.209808	0.190735
95.734989	0.152588	0.324249
95.787418	0.095367	0.324249
95.839846	0.190735	0.228882
95.892275	0.114441	0.228882
95.944704	0.171661	0.171661
95.997133	0.228882	0.267029
96.049562	0.171661	0.362396
96.101990	0.133514	0.095367
96.154419	0.228882	0.267029
96.206848	0.038147	0.190735
96.259277	0.209808	0.343323
96.311706	0.171661	0.228882
96.364134	0.095367	0.228882
96.416563	0.076294	0.247955
96.468992	0.114441	0.114441
96.521421	0.076294	0.343323
96.573850	0.286102	0.247955
96.626278	0.171661	0.190735
96.678707	0.152588	0.171661
96.731136	0.076294	0.305176
96.783565	0.152588	0.228882
96.835994	0.152588	0.228882
96.888422	0.114441	0.247955
96.940851	0.114441	0.190735
96.993280	0.095367	0.209808
97.045709	0.114441	0.209808
97.098138	0.171661	0.247955
97.150566	0.171661	0.190735
97.202995	0.114441	0.286102
97.255424	0.152588	0.362396
97.307853	0.114441	0.305176
97.360282	0.171661	0.267029
97.412710	0.133514	0.152588
97.465139	0.095367	0.190735
97.517568	0.267029	0.247955
97.569997	0.247955	0.190735
97.622426	0.152588	0.343323
97.674854	0.057220	0.209808
97.727283	0.095367	0.324249
97.779712	0.133514	0.305176
97.832141	0.133514	0.190735
97.884570	0.114441	0.286102
97.936998	0.019073	0.362396
97.989427	0.114441	0.343323
98.041856	0.095367	0.247955
98.094285	0.190735	0.286102
98.146714	0.171661	0.190735
98.199142	0.114441	0.152588
98.251571	0.114441	0.324249
98.304000	0.076294	0.286102
98.356429	0.152588	0.324249
98.408858	0.171661	0.286102
98.461286	0.228882	0.114441
98.513715	0.038147	0.247955
98.566144	0.209808	0.286102
98.618573	0.114441	0.190735
98.671002	0.152588	0.209808
98.723430	0.209808	0.305176
98.775859	0.095367	0.228882
98.828288	0.209808	0.247955
98.880717	0.171661	0.228882
98.933146	0.286102	0.228882
98.985574	0.114441	0.267029
99.038003	0.095367	0.324249
99.090432	0.038147	0.228882
99.142861	0.209808	0.247955
99.195290	0.286102	0.228882
99.247718	0.114441	0.228882
99.300147	0.209808	0.190735
99.352576	0.133514	0.171661
99.405005	0.114441	0.324249
99.457434	0.114441	0.209808
99.509862	0.076294	0.152588
99.562291	0.133514	0.286102
99.614720	0.152588	0.190735
99.667149	0.114441	0.343323
99.719578	0.152588	0.286102
99.772006	0.133514	0.267029
99.824435	0.095367	0.267029
99.876864	0.228882	0.267029
99.929293	0.133514	0.247955
99.981722	0.190735	0.209808
100.034150	0.057220	0.343323
100.086579	0.171661	0.324249
100.139008	0.267029	0.267029
100.191437	0.267029	0.267029
100.243866	0.095367	0.133514
100.296294	0.209808	0.362396
100.348723	0.152588	0.209808
100.401152	0.114441	0.228882
100.453581	0.209808	0.324249
100.506010	0.152588	0.324249
100.558438	0.076294	0.209808
100.610867	0.133514	0.209808
100.663296	0.095367	0.267029
100.715725	0.171661	0.171661
100.768154	0.152588	0.324249
100.820582	0.133514	0.190735
100.873011	0.114441	0.209808
100.925440	0.133514	0.286102
100.977869	0.209808	0.171661
101.030298	0.247955	0.133514
101.082726	0.209808	0.228882
101.135155	0.076294	0.190735
101.187584	0.247955	0.152588
101.240013	0.209808	0.305176
101.292442	0.133514	0.419617
101.344870	0.114441	0.152588
101.397299	0.133514	0.267029
101.449728	0.152588	0.305176
101.502157	0.171661	0.228882
101.554586	0.057220	0.152588
101.607014	0.267029	0.190735
101.659443	0.171661	0.305176
101.711872	0.171661	0.190735
101.764301	0.247955	0.400543
101.816730	0.057220	0.267029
101.869158	0.152588	0.190735
101.921587	0.152588	0.190735
101.974016	0.076294	0.400543
102.026445	0.114441	0.190735
102.078874	0.171661	0.267029
102.131302	0.095367	0.362396
102.183731	0.133514	0.362396
102.236160	0.152588	0.209808
102.288589	0.133514	0.247955
102.341018	0.190735	0.343323
102.393446	0.076294	0.228882
102.445875	0.152588	0.228882
102.498304	0.152588	0.324249
102.550733	0.133514	0.209808
102.603162	0.190735	0.171661
102.655590	0.076294	0.209808
102.708019	0.190735	0.228882
102.760448	0.267029	0.381470
102.812877	0.152588	0.343323
102.865306	0.171661	0.362396
102.917734	0.133514	0.324249
102.970163	0.171661	0.209808
103.022592	0.095367	0.190735
103.075021	0.133514	0.171661
103.127450	0.152588	0.228882
103.179878	0.190735	0.228882
103.232307	0.228882	0.267029
103.284736	0.152588	0.267029
103.337165	0.114441	0.286102
103.389594	0.095367	0.209808
103.442022	0.190735	0.209808
103.494451	0.171661	0.228882
103.546880	0.190735	0.228882
103.599309	0.114441	0.247955
103.651738	0.057220	0.228882
103.704166	0.152588	0.324249
103.756595	0.133514	0.267029
103.809024	0.095367	0.209808
103.861453	0.114441	0.133514
103.913882	0.057220	0.286102
103.966310	0.076294	0.305176
104.018739	0.114441	0.286102
104.071168	0.133514	0.171661
104.123597	0.190735	0.190735
104.176026	0.247955	0.152588
104.228454	0.247955	0.343323
104.280883	0.133514	0.228882
104.333312	0.038147	0.247955
104.385741	0.114441	0.286102
104.438170	0.076294	0.114441
104.490598	0.152588	0.286102
104.543027	0.171661	0.324249
104.595456	0.171661	0.190735
104.647885	0.152588	0.171661
104.700314	0.076294	0.190735
104.752742	0.152588	0.209808
104.805171	0.209808	0.247955
104.857600	0.133514	0.133514
104.910029	0.152588	0.247955
104.962458	0.152588	0.247955
105.014886	0.095367	0.247955
105.067315	0.190735	0.171661
105.119744	0.171661	0.286102
105.172173	0.152588	0.324249
105.224602	0.095367	0.171661
105.277030	0.133514	0.133514
105.329459	0.190735	0.286102
105.381888	0.152588	0.305176
105.434317	0.286102	0.267029
105.486746	0.095367	0.228882
105.539174	0.190735	0.362396
105.591603	0.171661	0.171661
105.644032	0.228882	0.305176
105.696461	0.152588	0.133514
105.748890	0.133514	0.247955
105.801318	0.133514	0.152588
105.853747	0.133514	0.133514
105.906176	0.171661	0.152588
105.958605	0.095367	0.267029
106.011034	0.133514	0.324249
106.063462	0.095367	0.305176
106.115891	0.133514	0.324249
106.168320	0.152588	0.286102
106.220749	0.095367	0.171661
106.273178	0.152588	0.247955
106.325606	0.114441	0.247955
106.378035	0.209808	0.171661
106.430464	0.171661	0.209808
106.482893	0.209808	0.247955
106.535322	0.095367	0.324249
106.587750	0.095367	0.209808
106.640179	0.095367	0.247955
106.692608	0.209808	0.267029
106.745037	0.095367	0.209808
106.797466	0.152588	0.305176
106.849894	0.228882	0.209808
106.902323	0.095367	0.209808
106.954752	0.133514	0.267029
107.007181	0.057220	0.152588
107.059610	0.133514	0.171661
107.112038	0.152588	0.286102
107.164467	0.190735	0.267029
107.216896	0.190735	0.171661
107.269325	0.076294	0.190735
107.321754	0.171661	0.305176
107.374182	0.057220	0.228882
107.426611	0.114441	0.209808
107.479040	0.190735	0.419617
107.531469	0.114441	0.267029
107.583898	0.190735	0.190735
107.636326	0.152588	0.267029
107.688755	0.286102	0.305176
107.741184	0.095367	0.209808
107.793613	0.133514	0.286102
107.846042	0.114441	0.228882
107.898470	0.133514	0.267029
107.950899	0.114441	0.324249
108.003328	0.171661	0.171661
108.055757	0.095367	0.247955
108.108186	0.133514	0.247955
108.160614	0.095367	0.362396
108.213043	0.152588	0.190735
108.265472	0.171661	0.228882
108.317901	0.114441	0.190735
108.370330	0.152588	0.209808
108.422758	0.190735	0.343323
108.475187	0.171661	0.381470
108.527616	0.133514	0.324249
108.580045	0.095367	0.209808
108.632474	0.133514	0.381470
108.684902	0.171661	0.228882
108.737331	0.152588	0.267029
108.789760	0.076294	0.171661
108.842189	0.152588	0.286102
108.894618	0.133514	0.247955
108.947046	0.114441	0.343323
108.999475	0.171661	0.114441
109.051904	0.076294	0.343323
109.104333	0.076294	0.247955
109.156762	0.114441	0.286102
109.209190	0.133514	0.133514
109.261619	0.095367	0.305176
109.314048	0.114441	0.324249
109.366477	0.095367	0.362396
109.418906	0.114441	0.305176
109.471334	0.152588	0.228882
109.523763	0.095367	0.190735
109.576192	0.171661	0.247955
109.628621	0.190735	0.305176
109.681050	0.133514	0.228882
109.733478	0.133514	0.228882
109.785907	0.152588	0.133514
109.838336	0.228882	0.190735
109.890765	0.171661	0.209808
109.943194	0.228882	0.247955
109.995622	0.038147	0.152588
110.048051	0.114441	0.247955
110.100480	0.171661	0.267029
110.152909	0.076294	0.324249
110.205338	0.095367	0.171661
110.257766	0.190735	0.209808
110.310195	0.190735	0.209808
110.362624	0.171661	0.362396
110.415053	0.095367	0.324249
110.467482	0.076294	0.152588
110.519910	0.133514	0.171661
110.572339	0.133514	0.133514
110.624768	0.076294	0.209808
110.677197	0.171661	0.228882
110.729626	0.133514	0.228882
110.782054	0.133514	0.247955
110.834483	0.267029	0.247955
110.886912	0.228882	0.267029
110.939341	0.114441	0.400543
110.991770	0.133514	0.267029
111.044198	0.171661	0.171661
111.096627	0.114441	0.286102
111.149056	0.057220	0.228882
111.201485	0.209808	0.286102
111.253914	0.133514	0.286102
111.306342	0.114441	0.286102
111.358771	0.190735	0.152588
111.411200	0.209808	0.247955
111.463629	0.171661	0.228882
111.516058	0.133514	0.247955
111.568486	0.190735	0.209808
111.620915	0.133514	0.209808
111.673344	0.190735	0.267029
111.725773	0.095367	0.247955
111.778202	0.190735	0.152588
111.830630	0.133514	0.190735
111.883059	0.190735	0.190735
111.935488	0.267029	0.343323
111.987917	0.171661	0.267029
112.040346	0.076294	0.190735
112.092774	0.171661	0.133514
112.145203	0.171661	0.114441
112.197632	0.076294	0.209808
112.250061	0.114441	0.286102
112.302490	0.114441	0.267029
112.354918	0.114441	0.286102
112.407347	0.076294	0.286102
112.459776	0.114441	0.171661
112.512205	0.133514	0.228882
112.564634	0.228882	0.247955
112.617062	0.267029	0.247955
112.669491	0.228882	0.190735
112.721920	0.190735	0.305176
112.774349	0.095367	0.152588
112.826778	0.114441	0.247955
112.879206	0.095367	0.152588
112.931635	0.114441	0.133514
112.984064	0.114441	0.286102
113.036493	0.152588	0.247955
113.088922	0.133514	0.286102
113.141350	0.133514	0.228882
113.193779	0.114441	0.228882
113.246208	0.019073	0.343323
113.298637	0.114441	0.305176
113.351066	0.152588	0.209808
113.403494	0.114441	0.190735
113.455923	0.209808	0.190735
113.508352	0.152588	0.267029
113.560781	0.209808	0.171661
113.613210	0.133514	0.209808
113.665638	0.076294	0.286102
113.718067	0.095367	0.305176
