3/3/2026	1:9 PM
Pseudo Cross Correlation
Scattering angle:	84.99
Duration (s):	15
Wavelength (nm):	660.0
Refractive index:	1.330
Viscosity (mPas):	0.999
Temperature (K):	293.2
Laser intensity (mW):	84.000000
Average Count rate  A (kHz):	5.8
Average Count rate  B (kHz):	5.6
Intercept:	0.0000
Cumulant 1st	-Inf
Cumulant 2nd	-Inf	NaN
Cumulant 3rd	-Inf	NaN

Lag time (s)         g2-1
1.25E-08	-0.00705887
2.5E-08	0.489412
3.75E-08	-0.00705887
5E-08	0.654902
6.25E-08	-0.503529
7.5E-08	-0.172549
8.75E-08	0.820392
1E-07	0.489412
1.125E-07	0.489412
1.25E-07	0.985882
1.375E-07	0.820392
1.5E-07	-0.172549
1.625E-07	0.323922
1.75E-07	-0.172549
1.875E-07	0.654902
2E-07	0.158431
2.125E-07	0.241176
2.375E-07	-0.089804
2.625E-07	0.406667
2.875E-07	-0.00705887
3.125E-07	0.489412
3.375E-07	0.158431
3.625E-07	0.158431
3.875E-07	0.406667
4.125E-07	0.406667
4.625E-07	0.365294
5.125E-07	-0.00705888
5.625E-07	0.199804
6.125E-07	-0.00705888
6.625E-07	0.323921
7.125E-07	0.117059
7.625E-07	0.0756862
8.125E-07	0.0136274
9.125E-07	0.199804
1.0125E-06	0.241176
1.1125E-06	0.365294
1.2125E-06	0.158431
1.3125E-06	0.572157
1.4125E-06	0.282549
1.5125E-06	0.365294
1.6125E-06	0.406667
1.8125E-06	0.199804
2.0125E-06	0.38598
2.2125E-06	0.199804
2.4125E-06	0.323921
2.6125E-06	0.168774
2.8125E-06	0.282549
3.0125E-06	0.22049
3.2125E-06	0.246348
3.6125E-06	0.520441
4.0125E-06	0.225662
4.4125E-06	0.22049
4.8125E-06	0.25152
5.2125E-06	0.432524
5.6125E-06	0.267034
6.0125E-06	0.25152
6.4125E-06	0.204975
7.2125E-06	0.308407
8.0125E-06	0.303235
8.8125E-06	0.393738
9.6125E-06	0.295478
1.04125E-05	0.163603
1.12125E-05	0.373051
1.20125E-05	0.246348
1.28125E-05	0.307114
1.44125E-05	0.343315
1.60125E-05	0.312285
1.76125E-05	0.332972
1.92125E-05	0.360122
2.08125E-05	0.250227
2.24125E-05	0.308407
2.40125E-05	0.236005
2.56125E-05	0.273498
2.88125E-05	0.24958
3.20125E-05	0.26057
3.52125E-05	0.216611
3.84125E-05	0.272206
4.16125E-05	0.283842
4.48125E-05	0.299356
4.80125E-05	0.270266
5.12125E-05	0.265094
5.76125E-05	0.281256
6.40125E-05	0.236004
7.04125E-05	0.294184
7.68125E-05	0.244408
8.32125E-05	0.2596
8.96125E-05	0.246347
9.60125E-05	0.244085
0.000102413	0.224059
0.000115213	0.214201
0.000128013	0.235049
0.000140813	0.23618
0.000153613	0.221165
0.000166413	0.233609
0.000179213	0.215185
0.000192013	0.240558
0.000204813	0.225365
0.000230413	0.202497
0.000256013	0.196194
0.000281613	0.180275
0.000307213	0.157662
0.000332813	0.143602
0.000358413	0.159615
0.000384013	0.154443
0.000409613	0.142562
0.000460813	0.140111
0.000512013	0.114454
0.000563213	0.124191
0.000614413	0.110292
0.000665613	0.0986149
0.000716813	0.09413
0.000768013	0.0924329
0.000819213	0.081391
0.000921613	0.0780979
0.00102401	0.0617865
0.00112641	0.0680494
0.00122881	0.0505659
0.00133121	0.0492447
0.00143361	0.0533258
0.00153601	0.0376884
0.00163841	0.0347921
0.00184321	0.0239484
0.00204801	0.0192563
0.00225281	0.0174194
0.00245761	0.0215228
0.00266241	0.0195445
0.00286721	0.0157226
0.00307201	0.0155626
0.00327681	0.0169895
0.00368641	0.00925489
0.00409601	0.0108614
0.00450561	0.00881686
0.00491521	0.0147234
0.00532481	0.00715444
0.00573441	0.0118181
0.00614401	0.00997886
0.00655361	0.0100879
0.00737281	0.0132125
0.00819201	0.0130702
0.00901121	0.00841592
0.00983041	0.00669544
0.0106496	0.0132114
0.0114688	0.00981627
0.012288	0.0141099
0.0131072	0.0117377
0.0147456	0.00784683
0.016384	0.0128334
0.0180224	0.0139081
0.0196608	0.0146654
0.0212992	0.0116756
0.0229376	0.0105106
0.024576	0.0105211
0.0262144	0.0124645
0.0294912	0.0106059
0.032768	0.0125902
0.0360448	0.00952816
0.0393216	0.00947025
0.0425984	0.00848613
0.0458752	0.00734942
0.049152	0.0104539
0.0524288	0.011748
0.0589824	0.00936046
0.065536	0.0105008
0.0720896	0.00904669
0.0786432	0.0101059
0.0851968	0.0091101
0.0917504	0.00879375
0.098304	0.00766537
0.104858	0.00783531
0.117965	0.00685792
0.131072	0.00893269
0.144179	0.00615102
0.157286	0.00650076
0.170394	0.00766242
0.183501	0.00620993
0.196608	0.0072739
0.209715	0.00573774
0.23593	0.00332836
0.262144	0.00415039
0.288358	0.00402954
0.314573	0.00284116
0.340787	0.00371243
0.367002	0.00555499
0.393216	0.00465392
0.41943	0.00289931
0.471859	0.00303835
0.524288	0.0037941
0.576717	0.00288417
0.629146	0.00033834
0.681574	-0.00316046
0.734003	-0.00455001
0.786432	-0.00695863
0.838861	-0.00799864
0.943718	-0.0081719
1.04858	-0.0102044
1.15343	-0.0102123
1.25829	-0.0116293
1.36315	-0.0114167
1.46801	-0.0129839
1.57286	-0.0151874
1.67772	-0.016456
1.88744	-0.0155129
2.09715	-0.020301
2.30687	-0.0252696
2.51658	-0.0287824
2.7263	-0.031829
2.93601	-0.031134
3.14573	-0.0369488
3.35544	-0.0399084
3.77487	-0.0438634
4.1943	-0.0514957
4.61373	-0.0576917
5.03316	-0.06243
5.4526	-0.0657098
5.87203	-0.068574
6.29146	-0.0737853
6.71089	-0.0772119
7.54975	-0.0765713
8.38861	-0.0820922
9.22747	-0.0930516
10.0663	-0.0949946
10.9052	-0.0994257
11.7441	-0.112308
12.5829	-0.126988

Count Rate History (KHz)  CR CHA / CR CHB
0.000000	7.038116	6.790161
0.052429	6.961823	7.305145
0.104858	7.324219	6.504059
0.157286	9.269714	7.915497
0.209715	6.637573	6.427765
0.262144	8.201599	7.419586
0.314573	5.512238	5.130768
0.367002	7.095337	7.114410
0.419430	6.618500	5.760193
0.471859	5.817413	5.970001
0.524288	6.065369	6.732941
0.576717	8.163452	8.602142
0.629146	8.811951	8.716583
0.681574	7.534027	7.934570
0.734003	8.964539	8.525848
0.786432	7.438660	6.923676
0.838861	6.198883	6.275177
0.891290	6.942749	5.722046
0.943718	7.057190	6.904602
0.996147	7.152557	5.817413
1.048576	6.046295	5.283356
1.101005	6.027222	5.760193
1.153434	6.866455	6.332397
1.205862	6.961823	6.809235
1.258291	5.664825	5.455017
1.310720	7.457733	6.675720
1.363149	7.190704	6.999969
1.415578	5.798340	5.874634
1.468006	6.542206	5.397797
1.520435	6.465912	6.389618
1.572864	7.209778	7.114410
1.625293	5.741119	6.198883
1.677722	5.970001	5.455017
1.730150	6.484985	5.645752
1.782579	5.607605	4.730225
1.835008	6.256104	5.931854
1.887437	6.275177	6.256104
1.939866	6.847382	6.942749
1.992294	8.182526	8.163452
2.044723	6.160736	6.179810
2.097152	6.961823	6.542206
2.149581	8.258820	7.877350
2.202010	8.335114	7.781982
2.254438	6.160736	5.455017
2.306867	6.694794	6.141663
2.359296	8.106232	7.629395
2.411725	6.523132	5.912781
2.464154	6.885529	6.408691
2.516582	5.340576	5.626678
2.569011	6.237030	5.588531
2.621440	6.103516	6.122589
2.673869	7.266998	6.790161
2.726298	6.465912	5.989075
2.778726	5.245209	5.035400
2.831155	6.103516	6.122589
2.883584	6.160736	5.893707
2.936013	7.343292	6.809235
2.988442	7.038116	7.228851
3.040870	6.332397	5.989075
3.093299	5.817413	6.637573
3.145728	6.046295	5.435944
3.198157	6.980896	6.313324
3.250586	6.542206	6.084442
3.303014	6.389618	6.885529
3.355443	5.664825	6.217957
3.407872	6.008148	5.702972
3.460301	6.446838	5.970001
3.512730	5.512238	5.321503
3.565158	6.866455	6.599426
3.617587	6.542206	5.760193
3.670016	6.179810	5.760193
3.722445	7.266998	6.885529
3.774874	5.874634	5.779266
3.827302	5.931854	5.035400
3.879731	6.542206	5.817413
3.932160	7.419586	7.095337
3.984589	6.790161	5.607605
4.037018	7.362366	7.095337
4.089446	6.618500	7.076263
4.141875	5.931854	6.198883
4.194304	5.168915	5.245209
4.246733	6.198883	6.484985
4.299162	7.076263	6.465912
4.351590	6.008148	6.484985
4.404019	5.245209	6.141663
4.456448	7.171631	6.942749
4.508877	5.130768	4.997253
4.561306	5.836487	5.836487
4.613734	6.046295	5.683899
4.666163	6.237030	6.103516
4.718592	5.340576	4.615784
4.771021	6.675720	5.702972
4.823450	6.732941	6.866455
4.875878	5.760193	6.065369
4.928307	6.027222	5.245209
4.980736	6.275177	6.122589
5.033165	6.446838	6.275177
5.085594	5.741119	5.378723
5.138022	5.512238	5.607605
5.190451	5.569458	5.970001
5.242880	7.801056	6.065369
5.295309	6.084442	5.455017
5.347738	6.656647	5.607605
5.400166	5.741119	5.664825
5.452595	5.531311	5.359650
5.505024	5.245209	5.226135
5.557453	5.340576	4.997253
5.609882	5.722046	5.626678
5.662310	5.187988	4.806519
5.714739	6.961823	6.446838
5.767168	5.702972	5.817413
5.819597	7.133484	5.416870
5.872026	6.561279	6.694794
5.924454	6.561279	6.484985
5.976883	6.141663	5.683899
6.029312	5.722046	5.054474
6.081741	6.313324	6.408691
6.134170	5.245209	4.825592
6.186598	6.504059	5.950928
6.239027	4.615784	5.264282
6.291456	5.912781	5.264282
6.343885	5.588531	5.702972
6.396314	5.779266	5.264282
6.448742	5.722046	5.474091
6.501171	6.656647	6.256104
6.553600	5.455017	5.054474
6.606029	5.741119	6.179810
6.658458	4.577637	4.806519
6.710886	4.978180	4.959106
6.763315	5.950928	5.702972
6.815744	5.226135	5.264282
6.868173	5.664825	5.340576
6.920602	5.798340	5.493164
6.973030	5.283356	4.825592
7.025459	5.226135	4.615784
7.077888	6.122589	5.054474
7.130317	4.558563	4.825592
7.182746	5.168915	4.673004
7.235174	6.046295	5.722046
7.287603	5.874634	5.302429
7.340032	4.920959	4.272461
7.392461	5.550385	6.294250
7.444890	4.825592	4.901886
7.497318	5.760193	5.664825
7.549747	5.111694	5.187988
7.602176	6.370544	6.065369
7.654605	4.978180	4.749298
7.707034	5.607605	5.931854
7.759462	5.187988	5.702972
7.811891	6.771088	6.370544
7.864320	5.245209	5.416870
7.916749	6.713867	6.217957
7.969178	4.825592	4.673004
8.021606	4.940033	5.474091
8.074035	4.882813	4.463196
8.126464	5.092621	4.749298
8.178893	5.569458	6.065369
8.231322	5.073547	5.435944
8.283750	5.588531	5.054474
8.336179	6.141663	5.340576
8.388608	5.493164	5.474091
8.441037	4.997253	4.844666
8.493466	5.073547	5.054474
8.545894	5.435944	5.779266
8.598323	5.989075	6.237030
8.650752	4.825592	5.321503
8.703181	5.550385	5.893707
8.755610	5.722046	6.046295
8.808038	4.196167	4.386902
8.860467	5.760193	5.817413
8.912896	6.065369	6.351471
8.965325	6.275177	5.912781
9.017754	6.027222	5.836487
9.070182	5.378723	5.092621
9.122611	5.397797	5.207062
9.175040	5.378723	4.901886
9.227469	5.264282	5.874634
9.279898	5.874634	5.893707
9.332326	5.416870	5.302429
9.384755	4.940033	3.929138
9.437184	5.092621	4.673004
9.489613	5.512238	5.893707
9.542042	5.950928	4.787445
9.594470	5.817413	5.073547
9.646899	5.588531	5.378723
9.699328	5.054474	4.692078
9.751757	5.569458	4.863739
9.804186	4.577637	5.111694
9.856614	5.455017	5.989075
9.909043	5.931854	5.168915
9.961472	5.550385	4.749298
10.013901	4.653931	5.455017
10.066330	4.692078	4.901886
10.118758	4.749298	5.435944
10.171187	5.474091	5.092621
10.223616	5.073547	5.016327
10.276045	6.008148	4.901886
10.328474	6.217957	6.027222
10.380902	5.397797	5.817413
10.433331	6.427765	5.607605
10.485760	5.569458	4.386902
10.538189	5.397797	4.577637
10.590618	4.577637	4.711151
10.643046	4.863739	5.264282
10.695475	5.550385	4.920959
10.747904	5.989075	5.493164
10.800333	6.256104	5.474091
10.852762	5.893707	5.683899
10.905190	5.569458	5.416870
10.957619	5.989075	5.970001
11.010048	5.760193	5.798340
11.062477	5.054474	4.596710
11.114906	4.959106	4.386902
11.167334	4.577637	5.207062
11.219763	5.645752	5.207062
11.272192	5.035400	4.959106
11.324621	5.683899	6.046295
11.377050	6.809235	5.760193
11.429478	6.694794	5.779266
11.481907	5.531311	5.187988
11.534336	4.806519	5.035400
11.586765	5.397797	5.054474
11.639194	5.779266	5.073547
11.691622	5.435944	5.416870
11.744051	5.435944	5.741119
11.796480	4.539490	4.863739
11.848909	4.882813	5.130768
11.901338	5.855560	5.435944
11.953766	5.512238	5.455017
12.006195	5.283356	4.310608
12.058624	5.149841	4.787445
12.111053	5.302429	4.730225
12.163482	5.416870	4.692078
12.215910	5.245209	4.901886
12.268339	5.130768	4.920959
12.320768	5.340576	5.645752
12.373197	4.940033	5.016327
12.425626	5.455017	6.103516
12.478054	5.302429	5.245209
12.530483	4.348755	5.512238
12.582912	4.291534	4.596710
12.635341	5.054474	5.149841
12.687770	4.768372	5.168915
12.740198	5.149841	5.035400
12.792627	5.149841	4.901886
12.845056	5.073547	5.340576
12.897485	4.386902	3.967285
12.949914	5.264282	4.882813
13.002342	4.806519	5.092621
13.054771	4.959106	4.634857
13.107200	5.493164	4.882813
13.159629	5.073547	4.215240
13.212058	5.645752	5.741119
13.264486	4.291534	4.348755
13.316915	5.283356	4.749298
13.369344	5.149841	4.901886
13.421773	5.111694	4.673004
13.474202	4.711151	4.711151
13.526630	4.901886	4.768372
13.579059	4.901886	4.615784
13.631488	4.806519	4.806519
13.683917	4.539490	5.493164
13.736346	5.607605	5.378723
13.788774	5.493164	4.844666
13.841203	4.959106	5.340576
13.893632	5.111694	5.207062
13.946061	6.256104	5.588531
13.998490	5.054474	5.569458
14.050918	5.359650	4.501343
14.103347	6.179810	5.130768
14.155776	5.264282	5.130768
14.208205	5.321503	4.634857
14.260634	4.329681	4.081726
14.313062	5.245209	5.149841
14.365491	5.187988	6.389618
14.417920	4.997253	4.997253
14.470349	6.103516	4.959106
14.522778	4.653931	5.416870
14.575206	4.940033	4.501343
14.627635	5.435944	5.187988
