3/3/2026	1:9 PM
Pseudo Cross Correlation
Scattering angle:	84.99
Duration (s):	15
Wavelength (nm):	660.0
Refractive index:	1.330
Viscosity (mPas):	0.999
Temperature (K):	293.1
Laser intensity (mW):	84.000000
Average Count rate  A (kHz):	6.5
Average Count rate  B (kHz):	6.2
Intercept:	0.0000
Cumulant 1st	-Inf
Cumulant 2nd	-Inf	NaN
Cumulant 3rd	-Inf	NaN

Lag time (s)         g2-1
1.25E-08	0.221905
2.5E-08	1.17228
3.75E-08	0.629206
5E-08	0.493439
6.25E-08	-0.185397
7.5E-08	0.629206
8.75E-08	0.764974
1E-07	0.629206
1.125E-07	0.0861376
1.25E-07	-0.185397
1.375E-07	0.0861376
1.5E-07	1.03651
1.625E-07	0.357672
1.75E-07	-0.0496296
1.875E-07	0.764974
2E-07	0.0861376
2.125E-07	0.221905
2.375E-07	0.154021
2.625E-07	0.289788
2.875E-07	0.289788
3.125E-07	-0.117513
3.375E-07	0.561323
3.625E-07	0.629206
3.875E-07	0.018254
4.125E-07	0.357672
4.625E-07	0.289788
5.125E-07	0.255847
5.625E-07	0.900741
6.125E-07	0.357672
6.625E-07	0.32373
7.125E-07	0.0861376
7.625E-07	0.255847
8.125E-07	0.51041
9.125E-07	0.018254
1.0125E-06	0.221905
1.1125E-06	0.13705
1.2125E-06	0.187963
1.3125E-06	0.476468
1.4125E-06	0.476468
1.5125E-06	0.493439
1.6125E-06	0.272817
1.8125E-06	0.391614
2.0125E-06	0.51041
2.2125E-06	0.298274
2.4125E-06	0.374643
2.6125E-06	0.32373
2.8125E-06	0.518896
3.0125E-06	0.476468
3.2125E-06	0.332216
3.6125E-06	0.361915
4.0125E-06	0.374643
4.4125E-06	0.3704
4.8125E-06	0.3704
5.2125E-06	0.425556
5.6125E-06	0.383128
6.0125E-06	0.336458
6.4125E-06	0.344944
7.2125E-06	0.251604
8.0125E-06	0.336458
8.8125E-06	0.368279
9.6125E-06	0.308881
1.04125E-05	0.3704
1.12125E-05	0.327973
1.20125E-05	0.336458
1.28125E-05	0.392674
1.44125E-05	0.344944
1.60125E-05	0.322669
1.76125E-05	0.362975
1.92125E-05	0.44889
2.08125E-05	0.437223
2.24125E-05	0.304638
2.40125E-05	0.290849
2.56125E-05	0.300925
2.88125E-05	0.32426
3.20125E-05	0.352368
3.52125E-05	0.321078
3.84125E-05	0.35555
4.16125E-05	0.332215
4.48125E-05	0.318957
4.80125E-05	0.34017
5.12125E-05	0.334867
5.76125E-05	0.310736
6.40125E-05	0.287932
7.04125E-05	0.321078
7.68125E-05	0.30888
8.32125E-05	0.271756
8.96125E-05	0.280242
9.60125E-05	0.268839
0.000102413	0.25916
0.000115213	0.275601
0.000128013	0.279976
0.000140813	0.279711
0.000153613	0.25916
0.000166413	0.229063
0.000179213	0.248819
0.000192013	0.219915
0.000204813	0.229526
0.000230413	0.230786
0.000256013	0.195783
0.000281613	0.209771
0.000307213	0.196712
0.000332813	0.205992
0.000358413	0.176824
0.000384013	0.155677
0.000409613	0.168581
0.000460813	0.161288
0.000512013	0.157675
0.000563213	0.136263
0.000614413	0.140108
0.000665613	0.117866
0.000716813	0.113723
0.000768013	0.105006
0.000819213	0.104554
0.000921613	0.0954888
0.00102401	0.0783024
0.00112641	0.0726788
0.00122881	0.0568015
0.00133121	0.0537908
0.00143361	0.0475094
0.00153601	0.0477193
0.00163841	0.0407813
0.00184321	0.0243026
0.00204801	0.0308021
0.00225281	0.0233207
0.00245761	0.0181183
0.00266241	0.017466
0.00286721	0.0175596
0.00307201	0.0222417
0.00327681	0.0149982
0.00368641	0.00788496
0.00409601	0.00284139
0.00450561	0.00772154
0.00491521	0.00617856
0.00532481	0.00760894
0.00573441	0.00421091
0.00614401	0.00499108
0.00655361	0.00491251
0.00737281	0.00326963
0.00819201	0.00463466
0.00901121	0.00463405
0.00983041	0.0108908
0.0106496	0.00847884
0.0114688	0.0104532
0.012288	0.00594173
0.0131072	0.00841523
0.0147456	0.0121886
0.016384	0.00653094
0.0180224	0.00874673
0.0196608	0.00865302
0.0212992	0.00884857
0.0229376	0.0102454
0.024576	0.00749132
0.0262144	0.00493492
0.0294912	0.0124791
0.032768	0.007529
0.0360448	0.00727759
0.0393216	0.00990291
0.0425984	0.00651217
0.0458752	0.00750741
0.049152	0.00560507
0.0524288	0.00300996
0.0589824	0.00568858
0.065536	0.00485105
0.0720896	0.0056809
0.0786432	0.00365506
0.0851968	0.00348326
0.0917504	0.0053287
0.098304	0.00390212
0.104858	0.0037402
0.117965	0.00273844
0.131072	0.00279944
0.144179	0.00349481
0.157286	0.000276799
0.170394	0.0022141
0.183501	0.00224307
0.196608	0.00056661
0.209715	0.00101197
0.23593	0.00232871
0.262144	-0.00224078
0.288358	-0.000785825
0.314573	-0.0010263
0.340787	-0.00204759
0.367002	-0.000759904
0.393216	-0.00184702
0.41943	-0.00232835
0.471859	-0.00378105
0.524288	-0.00495068
0.576717	-0.00696904
0.629146	-0.0080365
0.681574	-0.0080626
0.734003	-0.0103877
0.786432	-0.00747628
0.838861	-0.00983707
0.943718	-0.0117507
1.04858	-0.0144224
1.15343	-0.0172379
1.25829	-0.017292
1.36315	-0.0183242
1.46801	-0.019226
1.57286	-0.0214941
1.67772	-0.0218487
1.88744	-0.02326
2.09715	-0.0247256
2.30687	-0.0272708
2.51658	-0.0252407
2.7263	-0.0252073
2.93601	-0.027305
3.14573	-0.0279778
3.35544	-0.0306603
3.77487	-0.0322595
4.1943	-0.0328333
4.61373	-0.0348778
5.03316	-0.0355723
5.4526	-0.0365198
5.87203	-0.0408266
6.29146	-0.0516251
6.71089	-0.0559349
7.54975	-0.060635
8.38861	-0.0693703
9.22747	-0.0812764
10.0663	-0.0729783
10.9052	-0.0692415
11.7441	-0.0862345
12.5829	-0.0613466

Count Rate History (KHz)  CR CHA / CR CHB
0.000000	7.648468	8.335114
0.052429	8.945465	9.212494
0.104858	8.411407	8.201599
0.157286	8.373260	6.866455
0.209715	8.850098	9.002686
0.262144	8.678436	7.705688
0.314573	8.335114	7.171631
0.367002	7.286072	7.305145
0.419430	9.346008	8.697510
0.471859	9.098053	8.125305
0.524288	7.915497	7.266998
0.576717	8.220673	7.553101
0.629146	6.980896	7.057190
0.681574	6.885529	6.599426
0.734003	6.713867	5.970001
0.786432	7.057190	6.675720
0.838861	7.858276	8.335114
0.891290	8.468628	7.820129
0.943718	7.801056	8.087158
0.996147	8.068085	8.049011
1.048576	6.561279	6.179810
1.101005	8.563995	8.888245
1.153434	7.019043	6.351471
1.205862	6.389618	6.046295
1.258291	6.179810	6.198883
1.310720	6.980896	7.381439
1.363149	7.686615	7.801056
1.415578	5.474091	5.626678
1.468006	6.904602	7.324219
1.520435	8.525848	7.667542
1.572864	7.572174	6.084442
1.625293	7.476807	6.904602
1.677722	7.133484	7.495880
1.730150	6.732941	7.419586
1.782579	5.970001	5.245209
1.835008	5.798340	5.722046
1.887437	6.294250	6.027222
1.939866	6.961823	6.847382
1.992294	7.190704	7.152557
2.044723	7.228851	6.923676
2.097152	5.378723	5.359650
2.149581	6.961823	6.713867
2.202010	6.713867	7.495880
2.254438	6.504059	6.504059
2.306867	6.351471	5.741119
2.359296	5.741119	6.046295
2.411725	5.798340	5.512238
2.464154	6.237030	5.645752
2.516582	5.493164	6.237030
2.569011	6.675720	5.989075
2.621440	5.664825	5.359650
2.673869	6.198883	6.446838
2.726298	5.874634	6.141663
2.778726	6.942749	7.228851
2.831155	6.599426	6.217957
2.883584	5.893707	5.950928
2.936013	6.828308	7.553101
2.988442	5.989075	6.141663
3.040870	5.569458	5.836487
3.093299	6.370544	6.275177
3.145728	7.762909	7.305145
3.198157	7.648468	6.847382
3.250586	5.683899	5.931854
3.303014	6.332397	5.588531
3.355443	7.228851	6.904602
3.407872	5.970001	5.435944
3.460301	7.266998	6.465912
3.512730	6.179810	6.217957
3.565158	7.343292	6.065369
3.617587	6.160736	5.550385
3.670016	5.836487	6.217957
3.722445	8.029938	6.847382
3.774874	5.855560	6.580353
3.827302	6.370544	5.931854
3.879731	5.741119	6.103516
3.932160	5.798340	5.912781
3.984589	6.694794	6.046295
4.037018	6.523132	5.970001
4.089446	6.809235	6.961823
4.141875	7.419586	6.885529
4.194304	6.637573	6.446838
4.246733	7.610321	6.504059
4.299162	6.942749	6.122589
4.351590	5.493164	5.931854
4.404019	5.474091	5.798340
4.456448	6.198883	6.160736
4.508877	7.495880	7.266998
4.561306	6.675720	6.504059
4.613734	6.294250	6.465912
4.666163	5.512238	6.198883
4.718592	7.381439	6.732941
4.771021	7.934570	6.752014
4.823450	5.569458	4.940033
4.875878	6.046295	5.340576
4.928307	6.122589	5.950928
4.980736	6.580353	7.152557
5.033165	6.942749	7.133484
5.085594	6.675720	7.686615
5.138022	6.752014	5.779266
5.190451	6.160736	5.702972
5.242880	6.427765	6.008148
5.295309	5.722046	5.416870
5.347738	5.874634	5.989075
5.400166	6.523132	6.027222
5.452595	6.637573	6.065369
5.505024	6.561279	5.798340
5.557453	7.400513	6.179810
5.609882	5.474091	4.997253
5.662310	7.114410	6.847382
5.714739	7.820129	7.190704
5.767168	7.495880	7.324219
5.819597	7.896423	6.980896
5.872026	6.771088	6.332397
5.924454	6.961823	7.591248
5.976883	6.446838	5.626678
6.029312	7.877350	7.190704
6.081741	6.294250	5.970001
6.134170	7.343292	7.266998
6.186598	7.820129	8.392334
6.239027	10.070801	8.182526
6.291456	6.008148	5.283356
6.343885	7.553101	7.476807
6.396314	7.019043	6.904602
6.448742	6.885529	7.038116
6.501171	6.332397	6.752014
6.553600	7.305145	6.160736
6.606029	6.732941	6.141663
6.658458	6.256104	5.912781
6.710886	5.779266	5.302429
6.763315	6.580353	5.607605
6.815744	7.057190	5.817413
6.868173	7.019043	6.828308
6.920602	7.438660	7.057190
6.973030	5.283356	5.073547
7.025459	8.811951	7.934570
7.077888	5.645752	5.607605
7.130317	7.038116	7.877350
7.182746	6.179810	5.531311
7.235174	5.302429	5.073547
7.287603	7.076263	5.760193
7.340032	6.027222	6.275177
7.392461	7.362366	6.980896
7.444890	5.779266	5.702972
7.497318	5.760193	5.817413
7.549747	5.569458	5.779266
7.602176	6.389618	5.722046
7.654605	5.531311	4.787445
7.707034	7.095337	6.866455
7.759462	6.809235	6.694794
7.811891	6.179810	6.446838
7.864320	5.855560	5.569458
7.916749	7.095337	6.580353
7.969178	5.550385	5.512238
8.021606	5.874634	5.912781
8.074035	6.351471	6.275177
8.126464	6.256104	5.550385
8.178893	6.141663	7.438660
8.231322	6.465912	6.065369
8.283750	6.408691	5.989075
8.336179	7.820129	7.324219
8.388608	6.904602	6.942749
8.441037	6.160736	4.787445
8.493466	6.065369	5.722046
8.545894	5.588531	5.302429
8.598323	5.836487	5.893707
8.650752	5.359650	5.340576
8.703181	6.599426	6.923676
8.755610	7.286072	6.904602
8.808038	8.354187	8.487701
8.860467	8.029938	7.934570
8.912896	6.198883	5.626678
8.965325	5.683899	5.340576
9.017754	7.476807	6.675720
9.070182	5.760193	6.160736
9.122611	6.027222	5.493164
9.175040	6.351471	4.997253
9.227469	5.588531	5.397797
9.279898	5.531311	5.073547
9.332326	5.302429	5.416870
9.384755	7.114410	6.542206
9.437184	6.237030	5.817413
9.489613	5.531311	5.092621
9.542042	6.427765	5.245209
9.594470	6.427765	5.702972
9.646899	6.046295	5.378723
9.699328	6.008148	5.512238
9.751757	4.940033	5.302429
9.804186	5.626678	5.016327
9.856614	7.114410	6.790161
9.909043	5.474091	6.237030
9.961472	4.367828	4.310608
10.013901	6.790161	5.588531
10.066330	6.618500	7.286072
10.118758	6.179810	5.817413
10.171187	5.836487	6.046295
10.223616	5.893707	5.455017
10.276045	5.283356	5.455017
10.328474	5.760193	5.054474
10.380902	6.484985	6.027222
10.433331	5.550385	5.836487
10.485760	5.149841	5.035400
10.538189	5.931854	5.626678
10.590618	7.534027	6.618500
10.643046	5.893707	5.226135
10.695475	5.607605	5.168915
10.747904	4.234314	5.416870
10.800333	5.722046	4.806519
10.852762	6.561279	6.046295
10.905190	6.294250	6.103516
10.957619	7.019043	7.648468
11.010048	6.160736	6.580353
11.062477	6.675720	6.198883
11.114906	5.702972	5.817413
11.167334	6.160736	6.389618
11.219763	6.694794	5.531311
11.272192	5.931854	5.378723
11.324621	6.465912	5.931854
11.377050	6.999969	7.247925
11.429478	6.237030	6.351471
11.481907	5.893707	6.237030
11.534336	5.168915	4.825592
11.586765	5.435944	5.664825
11.639194	5.760193	5.512238
11.691622	5.950928	5.683899
11.744051	4.959106	4.405975
11.796480	5.702972	5.664825
11.848909	6.179810	6.046295
11.901338	4.882813	4.901886
11.953766	5.931854	5.207062
12.006195	6.275177	6.027222
12.058624	5.893707	4.825592
12.111053	5.512238	5.550385
12.163482	5.950928	6.027222
12.215910	5.664825	5.474091
12.268339	5.435944	5.626678
12.320768	5.378723	6.389618
12.373197	5.550385	5.626678
12.425626	5.817413	5.111694
12.478054	5.111694	5.054474
12.530483	5.283356	4.844666
12.582912	6.103516	5.683899
12.635341	6.046295	5.817413
12.687770	5.493164	5.683899
12.740198	5.760193	5.054474
12.792627	5.092621	4.901886
12.845056	5.321503	5.855560
12.897485	5.702972	5.855560
12.949914	6.504059	6.065369
13.002342	6.389618	6.465912
13.054771	6.103516	6.847382
13.107200	6.027222	5.970001
13.159629	6.637573	6.027222
13.212058	5.321503	4.730225
13.264486	6.389618	6.217957
13.316915	5.836487	5.683899
13.369344	7.801056	8.201599
13.421773	5.893707	6.065369
13.474202	4.997253	4.959106
13.526630	5.683899	5.912781
13.579059	7.209778	6.713867
13.631488	5.569458	5.226135
13.683917	6.465912	6.561279
13.736346	5.931854	5.664825
13.788774	6.179810	5.264282
13.841203	5.855560	5.226135
13.893632	5.741119	4.882813
13.946061	5.264282	5.512238
13.998490	6.885529	6.275177
14.050918	5.474091	5.664825
14.103347	6.427765	6.294250
14.155776	5.722046	5.531311
14.208205	5.836487	6.179810
14.260634	5.168915	4.730225
14.313062	6.542206	6.275177
14.365491	6.332397	6.122589
14.417920	5.893707	5.035400
14.470349	6.256104	6.084442
14.522778	5.893707	5.168915
14.575206	5.989075	6.389618
14.627635	6.580353	6.523132
