3/3/2026	12:50 PM
Pseudo Cross Correlation
Scattering angle:	48.01
Duration (s):	15
Wavelength (nm):	660.0
Refractive index:	1.330
Viscosity (mPas):	0.999
Temperature (K):	293.2
Laser intensity (mW):	84.000000
Average Count rate  A (kHz):	74.2
Average Count rate  B (kHz):	68.0
Intercept:	1.0222
Cumulant 1st	3594.2718
Cumulant 2nd	2097.8156	2014.1894
Cumulant 3rd	1296.1601	1638.2172

Lag time (s)         g2-1
1.25E-08	1.091
2.5E-08	1.03164
3.75E-08	1.01596
5E-08	1.00588
6.25E-08	0.990201
7.5E-08	1.02156
8.75E-08	1.119
1E-07	1.05516
1.125E-07	1.01036
1.25E-07	1.06076
1.375E-07	1.08204
1.5E-07	0.984601
1.625E-07	1.08988
1.75E-07	1.00812
1.875E-07	1.06188
2E-07	1.05628
2.125E-07	1.05684
2.375E-07	1.021
2.625E-07	1.09044
2.875E-07	1.04396
3.125E-07	1.0826
3.375E-07	1.049
3.625E-07	1.07476
3.875E-07	1.01148
4.125E-07	1.0574
4.625E-07	1.02912
5.125E-07	1.03836
5.625E-07	1.04032
6.125E-07	1.00056
6.625E-07	0.990761
7.125E-07	1.0434
7.625E-07	1.07924
8.125E-07	1.06062
9.125E-07	1.08078
1.0125E-06	1.01652
1.1125E-06	1.03962
1.2125E-06	1.05292
1.3125E-06	1.02562
1.4125E-06	1.07406
1.5125E-06	1.04648
1.6125E-06	1.03682
1.8125E-06	1.03206
2.0125E-06	1.04914
2.2125E-06	1.02646
2.4125E-06	1.03913
2.6125E-06	1.04389
2.8125E-06	1.03402
3.0125E-06	1.03899
3.2125E-06	1.04568
3.6125E-06	1.04624
4.0125E-06	1.0385
4.4125E-06	1.04827
4.8125E-06	1.04522
5.2125E-06	1.04179
5.6125E-06	1.04081
6.0125E-06	1.03553
6.4125E-06	1.03726
7.2125E-06	1.04331
8.0125E-06	1.05063
8.8125E-06	1.05302
9.6125E-06	1.03826
1.04125E-05	1.03833
1.12125E-05	1.03684
1.20125E-05	1.04541
1.28125E-05	1.04491
1.44125E-05	1.03784
1.60125E-05	1.03796
1.76125E-05	1.03867
1.92125E-05	1.03284
2.08125E-05	1.04071
2.24125E-05	1.03159
2.40125E-05	1.03346
2.56125E-05	1.03742
2.88125E-05	1.03345
3.20125E-05	1.03754
3.52125E-05	1.03818
3.84125E-05	1.03722
4.16125E-05	1.04079
4.48125E-05	1.03441
4.80125E-05	1.0361
5.12125E-05	1.03819
5.76125E-05	1.03605
6.40125E-05	1.03686
7.04125E-05	1.03484
7.68125E-05	1.0347
8.32125E-05	1.03354
8.96125E-05	1.03425
9.60125E-05	1.02587
0.000102413	1.02949
0.000115213	1.02753
0.000128013	1.027
0.000140813	1.02661
0.000153613	1.02645
0.000166413	1.02413
0.000179213	1.02461
0.000192013	1.02205
0.000204813	1.02132
0.000230413	1.01636
0.000256013	1.01386
0.000281613	1.00934
0.000307213	1.00908
0.000332813	1.00532
0.000358413	1.00461
0.000384013	0.998993
0.000409613	0.998893
0.000460813	0.993072
0.000512013	0.990046
0.000563213	0.9859
0.000614413	0.981914
0.000665613	0.976152
0.000716813	0.973243
0.000768013	0.966996
0.000819213	0.963796
0.000921613	0.956153
0.00102401	0.949199
0.00112641	0.940381
0.00122881	0.933511
0.00133121	0.926031
0.00143361	0.919164
0.00153601	0.912958
0.00163841	0.90723
0.00184321	0.894852
0.00204801	0.884409
0.00225281	0.873243
0.00245761	0.863114
0.00266241	0.853628
0.00286721	0.845001
0.00307201	0.835747
0.00327681	0.82736
0.00368641	0.811382
0.00409601	0.797353
0.00450561	0.782995
0.00491521	0.770832
0.00532481	0.759102
0.00573441	0.748405
0.00614401	0.738492
0.00655361	0.730276
0.00737281	0.71642
0.00819201	0.704596
0.00901121	0.694201
0.00983041	0.684285
0.0106496	0.677179
0.0114688	0.669441
0.012288	0.663101
0.0131072	0.657109
0.0147456	0.649322
0.016384	0.643372
0.0180224	0.635237
0.0196608	0.629999
0.0212992	0.625151
0.0229376	0.620134
0.024576	0.615925
0.0262144	0.613778
0.0294912	0.606969
0.032768	0.594637
0.0360448	0.582898
0.0393216	0.572181
0.0425984	0.563188
0.0458752	0.559125
0.049152	0.563708
0.0524288	0.558779
0.0589824	0.529694
0.065536	0.513247
0.0720896	0.487847
0.0786432	0.470031
0.0851968	0.454221
0.0917504	0.444279
0.098304	0.425863
0.104858	0.417152
0.117965	0.396139
0.131072	0.376687
0.144179	0.359299
0.157286	0.332003
0.170394	0.309689
0.183501	0.31633
0.196608	0.323162
0.209715	0.320951
0.23593	0.310488
0.262144	0.304522
0.288358	0.295815
0.314573	0.277131
0.340787	0.266128
0.367002	0.232129
0.393216	0.20981
0.41943	0.191843
0.471859	0.172456
0.524288	0.160631
0.576717	0.154356
0.629146	0.161619
0.681574	0.181375
0.734003	0.184101
0.786432	0.185814
0.838861	0.186021
0.943718	0.210822
1.04858	0.23713
1.15343	0.270466
1.25829	0.298132
1.36315	0.279223
1.46801	0.22344
1.57286	0.131934
1.67772	0.100753
1.88744	0.0763527
2.09715	0.133532
2.30687	0.237779
2.51658	0.257101
2.7263	0.191843
2.93601	0.187434
3.14573	0.126264
3.35544	0.155897
3.77487	0.156968
4.1943	0.0773394
4.61373	0.103393
5.03316	0.159285
5.4526	0.15689
5.87203	0.228231
6.29146	0.275742
6.71089	0.291989
7.54975	0.359246
8.38861	0.304769
9.22747	0.232356
10.0663	0.067598
10.9052	-0.0555579
11.7441	0.103393
12.5829	-0.230384

Count Rate History (KHz)  CR CHA / CR CHB
0.000000	23.536682	22.411346
0.052429	32.997131	29.468536
0.104858	26.779175	25.730133
0.157286	34.313202	30.918121
0.209715	43.144226	41.351318
0.262144	23.288727	21.877289
0.314573	28.514862	25.539398
0.367002	48.198700	45.261383
0.419430	50.201416	44.097900
0.471859	42.705536	39.901733
0.524288	39.367676	38.318634
0.576717	28.476715	25.043488
0.629146	32.386780	29.735565
0.681574	34.370422	30.784607
0.734003	30.536652	29.335022
0.786432	18.959045	17.719269
0.838861	31.223297	29.067993
0.891290	39.768219	36.487579
0.943718	42.991638	38.757324
0.996147	28.285980	25.959015
1.048576	23.422241	20.790100
1.101005	52.928925	47.378540
1.153434	26.645660	24.242401
1.205862	31.547546	29.888153
1.258291	24.185181	21.648407
1.310720	45.337677	40.473938
1.363149	43.888092	41.313171
1.415578	18.978119	17.604828
1.468006	43.048859	41.122437
1.520435	30.250549	28.343201
1.572864	23.288727	21.266937
1.625293	34.732819	31.051636
1.677722	48.942566	44.898987
1.730150	44.975281	39.672852
1.782579	51.136017	44.708252
1.835008	53.710938	48.770905
1.887437	36.430359	34.332275
1.939866	54.531097	50.640106
1.992294	42.819977	40.225983
2.044723	65.746307	59.967041
2.097152	15.583038	15.010834
2.149581	35.686493	33.645630
2.202010	30.937195	28.018951
2.254438	32.215118	31.280518
2.306867	41.122437	36.945343
2.359296	58.650970	53.100586
2.411725	40.016174	36.010742
2.464154	37.536621	35.629272
2.516582	44.269562	38.185120
2.569011	23.345947	19.969940
2.621440	35.705566	31.356812
2.673869	40.779114	37.708282
2.726298	47.111511	45.089722
2.778726	32.768250	30.536652
2.831155	44.326782	40.225983
2.883584	50.983429	44.765472
2.936013	44.631958	41.694641
2.988442	29.220581	27.160645
3.040870	52.700043	46.920776
3.093299	41.599274	38.871765
3.145728	69.046021	65.250397
3.198157	51.307678	46.844482
3.250586	50.945282	46.253204
3.303014	83.923340	78.964233
3.355443	27.465820	26.111603
3.407872	40.149689	37.670135
3.460301	29.163361	26.874542
3.512730	54.683685	50.506592
3.565158	43.411255	40.645599
3.617587	44.155121	39.920807
3.670016	53.615570	47.740936
3.722445	50.163269	45.337677
3.774874	31.719208	29.697418
3.827302	36.964417	32.310486
3.879731	45.661926	41.942596
3.932160	43.659210	38.642883
3.984589	43.010712	40.836334
4.037018	74.329376	69.656372
4.089446	51.994324	46.730042
4.141875	43.087006	38.890839
4.194304	85.048676	74.748993
4.246733	66.757202	61.683655
4.299162	59.452057	55.751801
4.351590	38.948059	35.457611
4.404019	49.571991	46.119690
4.456448	65.841675	61.702728
4.508877	32.081604	31.757355
4.561306	35.629272	33.359528
4.613734	61.264038	56.209564
4.666163	36.888123	34.122467
4.718592	83.312988	76.560974
4.771021	55.541992	49.266815
4.823450	27.198792	24.223328
4.875878	54.855347	50.468445
4.928307	72.078705	66.661835
4.980736	40.512085	36.907196
5.033165	36.163330	34.618378
5.085594	51.097870	49.934387
5.138022	62.026978	58.460236
5.190451	44.536591	39.710999
5.242880	56.629181	51.593781
5.295309	73.242188	65.193176
5.347738	51.307678	46.920776
5.400166	90.141296	81.100464
5.452595	44.937134	40.855408
5.505024	68.321228	63.838959
5.557453	102.558136	89.206696
5.609882	94.699860	89.435577
5.662310	51.193237	45.757294
5.714739	63.877106	59.604645
5.767168	42.457581	39.978027
5.819597	38.852692	35.591125
5.872026	68.225861	61.454773
5.924454	136.642456	125.122070
5.976883	80.280304	70.247650
6.029312	62.561035	55.694580
6.081741	52.528381	47.988892
6.134170	37.574768	35.343170
6.186598	66.852570	60.367584
6.239027	54.340363	51.155090
6.291456	93.364716	82.721710
6.343885	35.820007	32.844543
6.396314	41.198730	37.536621
6.448742	102.005005	92.334747
6.501171	111.446381	105.476379
6.553600	109.882355	103.778839
6.606029	145.149231	131.053925
6.658458	119.667053	107.803345
6.710886	72.364807	67.882538
6.763315	33.855438	32.062531
6.815744	36.926270	33.740997
6.868173	26.035309	23.975372
6.920602	130.043030	120.010376
6.973030	129.318237	118.598938
7.025459	151.462555	134.449005
7.077888	57.792664	52.185059
7.130317	42.648315	37.975311
7.182746	52.223206	49.724579
7.235174	62.065125	56.743622
7.287603	41.923523	37.479401
7.340032	56.133270	55.313110
7.392461	54.817200	50.125122
7.444890	96.588135	87.757111
7.497318	50.506592	44.288635
7.549747	82.206726	73.223114
7.602176	178.737640	163.936615
7.654605	63.095093	57.716370
7.707034	63.362122	57.411194
7.759462	28.610229	27.961731
7.811891	191.020966	175.189972
7.864320	86.231232	77.304840
7.916749	92.773438	88.253021
7.969178	89.302063	85.926056
8.021606	99.544525	88.825226
8.074035	224.285126	203.704834
8.126464	211.334229	190.753937
8.178893	145.587921	132.999420
8.231322	126.552582	112.972260
8.283750	141.220093	131.187439
8.336179	168.399811	156.250000
8.388608	141.906738	127.773285
8.441037	126.457214	119.056702
8.493466	90.980530	83.732605
8.545894	49.209595	43.315887
8.598323	58.135986	53.710938
8.650752	101.890564	94.852448
8.703181	124.416351	114.822388
8.755610	139.083862	128.192902
8.808038	146.751404	133.552551
8.860467	170.612335	157.775879
8.912896	134.315491	118.865967
8.965325	170.116425	158.882141
9.017754	152.244568	139.389038
9.070182	237.388611	218.601227
9.122611	228.118896	211.486816
9.175040	297.565460	273.838043
9.227469	405.178070	368.118286
9.279898	221.214294	204.601288
9.332326	101.833344	93.784332
9.384755	175.457001	159.931183
9.437184	234.050751	214.195251
9.489613	324.497223	297.718048
9.542042	322.284698	295.963287
9.594470	157.127380	144.901276
9.646899	97.904205	90.789795
9.699328	93.688965	88.882446
9.751757	89.130402	81.901550
9.804186	91.400146	85.887909
9.856614	77.590942	69.179535
9.909043	72.422028	65.746307
9.961472	81.195831	75.778961
10.013901	50.449371	46.730042
10.066330	42.266846	35.610199
10.118758	26.473999	26.054382
10.171187	47.378540	44.841766
10.223616	60.386658	53.825378
10.276045	94.909668	90.637207
10.328474	71.411133	65.917969
10.380902	176.467896	160.255432
10.433331	206.470490	188.388824
10.485760	285.129547	263.099670
10.538189	275.020599	251.255035
10.590618	117.149353	107.402802
10.643046	74.024200	67.710876
10.695475	98.724365	88.939667
10.747904	96.759796	88.844299
10.800333	34.294128	31.242371
10.852762	20.523071	17.604828
10.905190	51.231384	44.803619
10.957619	41.294098	38.108826
11.010048	50.373077	46.939850
11.062477	31.604767	30.746460
11.114906	52.700043	51.021576
11.167334	44.155121	40.740967
11.219763	28.476715	26.073456
11.272192	18.863678	17.185211
11.324621	47.969818	44.269562
11.377050	40.836334	37.174225
11.429478	45.814514	43.449402
11.481907	23.918152	21.057129
11.534336	35.419464	32.234192
11.586765	48.408508	44.689178
11.639194	107.212067	98.571777
11.691622	157.413483	141.620636
11.744051	222.053528	200.748444
11.796480	243.492126	228.176117
11.848909	154.342651	141.754150
11.901338	124.988556	115.261078
11.953766	103.874207	96.035004
12.006195	153.675079	139.560699
12.058624	81.329346	75.149536
12.111053	54.435730	48.637390
12.163482	58.174133	53.653717
12.215910	16.918182	15.773773
12.268339	31.204224	28.095245
12.320768	33.378601	29.506683
12.373197	35.552979	34.275055
12.425626	111.484528	103.302002
12.478054	184.841156	171.623230
12.530483	158.653259	143.394470
12.582912	149.974823	136.661530
12.635341	118.103027	105.876923
12.687770	113.792419	100.822449
12.740198	70.228577	65.803528
12.792627	60.443878	57.144165
12.845056	85.010529	78.830719
12.897485	26.378632	23.784637
12.949914	33.321381	31.147003
13.002342	18.062592	17.089844
13.054771	57.487488	50.601959
13.107200	67.672729	58.822632
13.159629	49.247742	46.672821
13.212058	39.024353	37.860870
13.264486	12.245178	13.065338
13.316915	19.702911	19.550323
13.369344	26.226044	25.405884
13.421773	21.667480	20.427704
13.474202	24.070740	23.574829
13.526630	22.735596	20.427704
13.579059	14.381409	12.779236
13.631488	24.337769	23.040771
13.683917	32.100677	30.021667
13.736346	24.337769	22.258759
13.788774	32.463074	29.926300
13.841203	32.424927	29.659271
13.893632	24.585724	24.662018
13.946061	16.403198	14.934540
13.998490	15.411377	14.190674
14.050918	22.010803	20.313263
14.103347	16.899109	16.574860
