3/3/2026	1:8 PM
Pseudo Cross Correlation
Scattering angle:	80.00
Duration (s):	15
Wavelength (nm):	660.0
Refractive index:	1.330
Viscosity (mPas):	0.999
Temperature (K):	293.2
Laser intensity (mW):	84.000000
Average Count rate  A (kHz):	8.4
Average Count rate  B (kHz):	7.9
Intercept:	0.7107
Cumulant 1st	0.0408
Cumulant 2nd	0.0110	0.0209
Cumulant 3rd	-Inf	NaN

Lag time (s)         g2-1
1.25E-08	0.3973
2.5E-08	1.13705
3.75E-08	0.890465
5E-08	0.150718
6.25E-08	0.315106
7.5E-08	0.890465
8.75E-08	-0.0958645
1E-07	0.726077
1.125E-07	0.561689
1.25E-07	0.972659
1.375E-07	0.479494
1.5E-07	0.972659
1.625E-07	0.643883
1.75E-07	0.232912
1.875E-07	0.561689
2E-07	0.726077
2.125E-07	-0.0547674
2.375E-07	0.520592
2.625E-07	0.150718
2.875E-07	0.767174
3.125E-07	0.191815
3.375E-07	0.561689
3.625E-07	0.0685238
3.875E-07	0.0274267
4.125E-07	0.376752
4.625E-07	0.458946
5.125E-07	0.520592
5.625E-07	0.500043
6.125E-07	0.315106
6.625E-07	0.417849
7.125E-07	0.869917
7.625E-07	0.294558
8.125E-07	0.345929
9.125E-07	0.520592
1.0125E-06	0.366478
1.1125E-06	0.356203
1.2125E-06	0.582237
1.3125E-06	0.571963
1.4125E-06	0.356203
1.5125E-06	0.489769
1.6125E-06	0.422986
1.8125E-06	0.392163
2.0125E-06	0.479494
2.2125E-06	0.412712
2.4125E-06	0.571963
2.6125E-06	0.54114
2.8125E-06	0.387026
3.0125E-06	0.330518
3.2125E-06	0.492337
3.6125E-06	0.589943
4.0125E-06	0.52316
4.4125E-06	0.410143
4.8125E-06	0.461514
5.2125E-06	0.448672
5.6125E-06	0.466652
6.0125E-06	0.3973
6.4125E-06	0.434544
7.2125E-06	0.408859
8.0125E-06	0.43584
8.8125E-06	0.410155
9.6125E-06	0.446115
1.04125E-05	0.425566
1.12125E-05	0.415292
1.20125E-05	0.469232
1.28125E-05	0.431345
1.44125E-05	0.416576
1.60125E-05	0.478222
1.76125E-05	0.471158
1.92125E-05	0.437767
2.08125E-05	0.442262
2.24125E-05	0.43263
2.40125E-05	0.431345
2.56125E-05	0.399559
2.88125E-05	0.418181
3.20125E-05	0.451894
3.52125E-05	0.431024
3.84125E-05	0.410475
4.16125E-05	0.410475
4.48125E-05	0.425566
4.80125E-05	0.433272
5.12125E-05	0.436643
5.76125E-05	0.411759
6.40125E-05	0.428776
7.04125E-05	0.403733
7.68125E-05	0.408881
8.32125E-05	0.409684
8.96125E-05	0.389617
9.60125E-05	0.365375
0.000102413	0.385041
0.000115213	0.386646
0.000128013	0.366178
0.000140813	0.36385
0.000153613	0.366178
0.000166413	0.349803
0.000179213	0.326043
0.000192013	0.333588
0.000204813	0.328009
0.000230413	0.324998
0.000256013	0.307901
0.000281613	0.311393
0.000307213	0.299633
0.000332813	0.281343
0.000358413	0.265861
0.000384013	0.272403
0.000409613	0.257651
0.000460813	0.246684
0.000512013	0.223757
0.000563213	0.211275
0.000614413	0.205776
0.000665613	0.204221
0.000716813	0.184674
0.000768013	0.178213
0.000819213	0.167131
0.000921613	0.153783
0.00102401	0.138009
0.00112641	0.122084
0.00122881	0.111417
0.00133121	0.103951
0.00143361	0.0953618
0.00153601	0.0847318
0.00163841	0.0829659
0.00184321	0.0704799
0.00204801	0.0574451
0.00225281	0.052431
0.00245761	0.0479091
0.00266241	0.0410597
0.00286721	0.0346403
0.00307201	0.0324826
0.00327681	0.0283767
0.00368641	0.0132709
0.00409601	0.0100977
0.00450561	0.00399456
0.00491521	0.0037274
0.00532481	0.00710282
0.00573441	0.00811399
0.00614401	0.0140295
0.00655361	0.0143192
0.00737281	0.0142344
0.00819201	0.0188053
0.00901121	0.0189124
0.00983041	0.0167839
0.0106496	0.0157469
0.0114688	0.0188115
0.012288	0.0198312
0.0131072	0.0223949
0.0147456	0.0252965
0.016384	0.0164589
0.0180224	0.0122193
0.0196608	0.0127933
0.0212992	0.0171755
0.0229376	0.0140535
0.024576	0.0138377
0.0262144	0.0131052
0.0294912	0.0131485
0.032768	0.0139384
0.0360448	0.015635
0.0393216	0.0150389
0.0425984	0.0184115
0.0458752	0.0142005
0.049152	0.013699
0.0524288	0.0107301
0.0589824	0.0138449
0.065536	0.0142836
0.0720896	0.0137547
0.0786432	0.0178851
0.0851968	0.0148953
0.0917504	0.0164093
0.098304	0.019386
0.104858	0.015715
0.117965	0.016834
0.131072	0.0132528
0.144179	0.0122234
0.157286	0.0144939
0.170394	0.0141463
0.183501	0.0172288
0.196608	0.0188234
0.209715	0.0193126
0.23593	0.0142152
0.262144	0.0184303
0.288358	0.0180192
0.314573	0.0185283
0.340787	0.0183265
0.367002	0.0191244
0.393216	0.0210083
0.41943	0.0200284
0.471859	0.020519
0.524288	0.0216583
0.576717	0.0232425
0.629146	0.024563
0.681574	0.0236185
0.734003	0.0236207
0.786432	0.0247689
0.838861	0.0265911
0.943718	0.028013
1.04858	0.0309607
1.15343	0.0303629
1.25829	0.0327726
1.36315	0.0335358
1.46801	0.0347413
1.57286	0.0358316
1.67772	0.0375832
1.88744	0.0407467
2.09715	0.0421214
2.30687	0.0463329
2.51658	0.0479411
2.7263	0.0493237
2.93601	0.0511644
3.14573	0.0548188
3.35544	0.0559928
3.77487	0.0598713
4.1943	0.0601902
4.61373	0.0592787
5.03316	0.0598918
5.4526	0.0594696
5.87203	0.054848
6.29146	0.0523065
6.71089	0.0522783
7.54975	0.0443807
8.38861	0.0320687
9.22747	0.0245752
10.0663	0.0162561
10.9052	0.0129341
11.7441	0.0211275
12.5829	0.0386234

Count Rate History (KHz)  CR CHA / CR CHB
0.000000	5.187988	5.016327
0.052429	5.702972	6.084442
0.104858	6.790161	6.732941
0.157286	6.885529	6.523132
0.209715	5.302429	5.664825
0.262144	5.970001	5.493164
0.314573	7.152557	6.580353
0.367002	8.049011	6.656647
0.419430	6.237030	6.084442
0.471859	6.427765	7.724762
0.524288	5.702972	5.474091
0.576717	7.781982	6.752014
0.629146	5.130768	4.558563
0.681574	6.504059	5.683899
0.734003	6.790161	6.389618
0.786432	5.397797	5.455017
0.838861	7.114410	5.931854
0.891290	5.531311	5.626678
0.943718	7.591248	7.190704
0.996147	5.092621	6.484985
1.048576	6.732941	6.523132
1.101005	5.607605	5.359650
1.153434	6.732941	5.378723
1.205862	6.141663	5.874634
1.258291	6.999969	5.817413
1.310720	6.961823	7.476807
1.363149	6.275177	5.722046
1.415578	6.160736	6.103516
1.468006	7.629395	8.029938
1.520435	6.561279	6.179810
1.572864	6.656647	6.752014
1.625293	7.457733	6.866455
1.677722	7.266998	6.561279
1.730150	6.465912	5.893707
1.782579	7.724762	7.438660
1.835008	5.817413	5.760193
1.887437	6.351471	6.446838
1.939866	5.989075	5.722046
1.992294	8.239746	7.305145
2.044723	6.046295	5.817413
2.097152	5.588531	5.836487
2.149581	7.076263	7.171631
2.202010	6.446838	5.817413
2.254438	6.923676	6.904602
2.306867	6.332397	6.141663
2.359296	7.343292	7.457733
2.411725	7.286072	6.351471
2.464154	6.618500	6.103516
2.516582	6.828308	6.542206
2.569011	7.114410	7.419586
2.621440	7.019043	7.438660
2.673869	6.694794	6.504059
2.726298	7.381439	7.209778
2.778726	6.408691	6.465912
2.831155	7.133484	8.087158
2.883584	8.850098	8.029938
2.936013	6.313324	6.370544
2.988442	6.828308	6.027222
3.040870	5.970001	5.645752
3.093299	6.580353	6.790161
3.145728	6.752014	6.370544
3.198157	7.705688	7.495880
3.250586	8.068085	7.438660
3.303014	7.839203	7.171631
3.355443	6.847382	6.313324
3.407872	7.228851	7.438660
3.460301	8.106232	7.839203
3.512730	7.648468	7.991791
3.565158	7.591248	6.771088
3.617587	6.618500	6.275177
3.670016	7.514954	7.457733
3.722445	8.544922	7.438660
3.774874	9.269714	8.621216
3.827302	9.231567	8.163452
3.879731	7.915497	8.106232
3.932160	9.727478	8.754730
3.984589	8.392334	8.296967
4.037018	8.754730	7.839203
4.089446	8.277893	7.820129
4.141875	7.953644	6.771088
4.194304	6.179810	6.599426
4.246733	6.942749	6.809235
4.299162	8.277893	7.991791
4.351590	10.242462	9.899139
4.404019	9.040833	9.326935
4.456448	7.686615	7.591248
4.508877	9.441376	8.964539
4.561306	8.888245	8.888245
4.613734	9.250641	8.907318
4.666163	10.089874	8.983612
4.718592	9.346008	8.430481
4.771021	7.610321	8.144379
4.823450	7.038116	6.713867
4.875878	9.174347	8.163452
4.928307	7.934570	7.839203
4.980736	8.392334	8.277893
5.033165	8.182526	8.563995
5.085594	11.081696	10.318756
5.138022	9.937286	8.831024
5.190451	8.277893	7.438660
5.242880	9.021759	9.326935
5.295309	9.155273	7.419586
5.347738	8.373260	7.324219
5.400166	9.441376	8.277893
5.452595	9.956360	9.670258
5.505024	10.509491	10.147095
5.557453	11.272430	9.574890
5.609882	7.247925	5.836487
5.662310	8.945465	8.888245
5.714739	8.869171	8.869171
5.767168	9.574890	10.070801
5.819597	10.299683	9.822845
5.872026	10.032654	8.392334
5.924454	10.585785	9.613037
5.976883	9.098053	8.964539
6.029312	9.746552	8.392334
6.081741	9.346008	8.544922
6.134170	9.574890	8.926392
6.186598	9.460449	9.136200
6.239027	8.964539	8.869171
6.291456	8.583069	7.476807
6.343885	9.651184	8.831024
6.396314	8.220673	8.659363
6.448742	9.346008	9.269714
6.501171	8.811951	8.335114
6.553600	11.062622	10.871887
6.606029	8.602142	8.106232
6.658458	7.915497	5.874634
6.710886	9.193420	9.040833
6.763315	9.174347	8.201599
6.815744	9.326935	9.040833
6.868173	7.724762	8.544922
6.920602	9.040833	7.896423
6.973030	12.226105	11.405945
7.025459	8.506775	8.563995
7.077888	10.547638	10.185242
7.130317	9.918213	8.449554
7.182746	9.288788	8.125305
7.235174	9.555817	9.078979
7.287603	9.651184	9.384155
7.340032	9.689331	8.506775
7.392461	9.994507	10.032654
7.444890	8.735657	8.049011
7.497318	9.822845	9.822845
7.549747	8.258820	8.964539
7.602176	9.899139	8.506775
7.654605	7.972717	7.801056
7.707034	9.498596	9.212494
7.759462	10.242462	10.871887
7.811891	10.204315	9.689331
7.864320	9.269714	8.640289
7.916749	11.234283	10.566711
7.969178	9.918213	8.888245
8.021606	11.291504	9.956360
8.074035	8.029938	8.239746
8.126464	9.727478	8.468628
8.178893	8.392334	6.885529
8.231322	11.806488	12.092590
8.283750	9.346008	8.487701
8.336179	10.719299	9.536743
8.388608	10.910034	10.223389
8.441037	7.915497	7.247925
8.493466	7.534027	7.953644
8.545894	9.346008	9.117126
8.598323	9.651184	8.983612
8.650752	10.528564	11.272430
8.703181	10.070801	8.792877
8.755610	8.831024	8.144379
8.808038	8.926392	7.781982
8.860467	8.792877	8.392334
8.912896	9.479523	9.288788
8.965325	8.850098	8.506775
9.017754	7.972717	7.476807
9.070182	7.438660	7.858276
9.122611	8.983612	8.831024
9.175040	8.125305	8.029938
9.227469	10.566711	10.719299
9.279898	10.089874	8.621216
9.332326	9.651184	8.563995
9.384755	8.831024	8.831024
9.437184	7.324219	7.343292
9.489613	10.452271	9.136200
9.542042	7.972717	7.991791
9.594470	9.918213	9.651184
9.646899	7.839203	7.038116
9.699328	8.563995	7.762909
9.751757	7.915497	7.686615
9.804186	9.498596	10.089874
9.856614	9.098053	8.773804
9.909043	10.108948	9.422302
9.961472	7.190704	7.438660
10.013901	6.694794	6.465912
10.066330	8.335114	7.228851
10.118758	8.583069	8.335114
10.171187	8.907318	8.258820
10.223616	9.841919	8.811951
10.276045	8.640289	9.117126
10.328474	10.051727	8.926392
10.380902	8.068085	7.591248
10.433331	8.029938	7.171631
10.485760	8.907318	7.934570
10.538189	9.574890	8.678436
10.590618	8.144379	6.771088
10.643046	10.108948	9.250641
10.695475	6.980896	6.504059
10.747904	9.098053	8.926392
10.800333	7.362366	7.190704
10.852762	8.735657	9.155273
10.905190	6.999969	7.572174
10.957619	9.841919	9.860992
11.010048	8.907318	8.869171
11.062477	7.381439	6.427765
11.114906	10.566711	9.632111
11.167334	8.106232	7.915497
11.219763	7.915497	8.468628
11.272192	6.484985	6.847382
11.324621	7.781982	7.629395
11.377050	7.171631	6.332397
11.429478	9.460449	8.068085
11.481907	8.659363	8.411407
11.534336	8.621216	7.762909
11.586765	7.362366	7.247925
11.639194	7.534027	7.209778
11.691622	7.362366	6.504059
11.744051	8.754730	9.021759
11.796480	8.583069	7.305145
11.848909	8.754730	8.277893
11.901338	7.171631	7.076263
11.953766	5.722046	5.931854
12.006195	7.762909	7.457733
12.058624	7.896423	7.190704
12.111053	7.953644	6.904602
12.163482	7.934570	6.904602
12.215910	7.953644	7.858276
12.268339	8.296967	8.716583
12.320768	8.316040	7.762909
12.373197	8.373260	8.659363
12.425626	9.365082	9.155273
12.478054	7.991791	8.277893
12.530483	9.593964	8.029938
12.582912	8.010864	8.125305
12.635341	12.741089	10.166168
12.687770	6.847382	6.389618
12.740198	8.049011	7.190704
12.792627	7.286072	6.961823
12.845056	8.220673	7.953644
12.897485	8.525848	7.858276
12.949914	6.713867	6.599426
13.002342	8.010864	6.809235
13.054771	8.087158	6.942749
13.107200	14.820099	12.378693
13.159629	11.425018	9.975433
13.212058	7.381439	6.999969
13.264486	7.343292	7.915497
13.316915	9.555817	9.746552
13.369344	8.125305	8.220673
13.421773	9.250641	8.621216
13.474202	8.296967	8.201599
13.526630	8.506775	8.163452
13.579059	10.013580	8.296967
13.631488	10.280609	9.689331
13.683917	8.697510	8.201599
13.736346	8.983612	8.220673
13.788774	7.972717	7.686615
13.841203	6.446838	6.256104
13.893632	7.457733	6.694794
13.946061	7.572174	7.286072
13.998490	8.964539	8.239746
14.050918	8.487701	8.373260
14.103347	6.904602	7.152557
14.155776	9.899139	9.479523
14.208205	11.940002	11.920929
14.260634	8.182526	7.705688
14.313062	9.651184	8.525848
14.365491	9.994507	9.689331
14.417920	10.051727	8.983612
14.470349	9.460449	9.212494
14.522778	9.632111	8.659363
14.575206	10.490417	10.604858
14.627635	7.553101	6.942749
