3/3/2026	1:7 PM
Pseudo Cross Correlation
Scattering angle:	80.00
Duration (s):	15
Wavelength (nm):	660.0
Refractive index:	1.330
Viscosity (mPas):	0.999
Temperature (K):	293.2
Laser intensity (mW):	84.000000
Average Count rate  A (kHz):	8.1
Average Count rate  B (kHz):	7.7
Intercept:	0.2452
Cumulant 1st	-0.0073
Cumulant 2nd	-0.0021	0.0017
Cumulant 3rd	-Inf	NaN

Lag time (s)         g2-1
1.25E-08	0.229
2.5E-08	0.404571
3.75E-08	0.404571
5E-08	0.667929
6.25E-08	0.580143
7.5E-08	-0.0343572
8.75E-08	0.316786
1E-07	1.10686
1.125E-07	0.580143
1.25E-07	0.0534286
1.375E-07	0.667929
1.5E-07	0.931286
1.625E-07	-0.3855
1.75E-07	0.931286
1.875E-07	0.492357
2E-07	0.404571
2.125E-07	0.272893
2.375E-07	0.755714
2.625E-07	0.448464
2.875E-07	0.755714
3.125E-07	0.755714
3.375E-07	0.141214
3.625E-07	0.0973214
3.875E-07	0.272893
4.125E-07	0.514304
4.625E-07	0.404571
5.125E-07	0.338732
5.625E-07	0.448464
6.125E-07	0.602089
6.625E-07	0.250946
7.125E-07	0.207054
7.625E-07	0.711821
8.125E-07	0.404571
9.125E-07	0.371652
1.0125E-06	0.415545
1.1125E-06	0.141214
1.2125E-06	0.349705
1.3125E-06	0.50333
1.4125E-06	0.349705
1.5125E-06	0.415545
1.6125E-06	0.388112
1.8125E-06	0.333245
2.0125E-06	0.316786
2.2125E-06	0.51979
2.4125E-06	0.338732
2.6125E-06	0.464924
2.8125E-06	0.316786
3.0125E-06	0.541737
3.2125E-06	0.432004
3.6125E-06	0.371652
4.0125E-06	0.322272
4.4125E-06	0.459437
4.8125E-06	0.421031
5.2125E-06	0.292096
5.6125E-06	0.270149
6.0125E-06	0.377138
6.4125E-06	0.427889
7.2125E-06	0.381253
8.0125E-06	0.311299
8.8125E-06	0.359307
9.6125E-06	0.234487
1.04125E-05	0.407315
1.12125E-05	0.381253
1.20125E-05	0.400456
1.28125E-05	0.376452
1.44125E-05	0.333931
1.60125E-05	0.379196
1.76125E-05	0.374395
1.92125E-05	0.368908
2.08125E-05	0.339418
2.24125E-05	0.348334
2.40125E-05	0.359307
2.56125E-05	0.315071
2.88125E-05	0.400456
3.20125E-05	0.341475
3.52125E-05	0.377481
3.84125E-05	0.365822
4.16125E-05	0.37268
4.48125E-05	0.400799
4.80125E-05	0.324672
5.12125E-05	0.327415
5.76125E-05	0.319014
6.40125E-05	0.346276
7.04125E-05	0.358792
7.68125E-05	0.319871
8.32125E-05	0.328616
8.96125E-05	0.333759
9.60125E-05	0.326044
0.000102413	0.3215
0.000115213	0.324414
0.000128013	0.305983
0.000140813	0.288323
0.000153613	0.311041
0.000166413	0.278035
0.000179213	0.274349
0.000192013	0.279493
0.000204813	0.280488
0.000230413	0.260085
0.000256013	0.268315
0.000281613	0.248297
0.000307213	0.228537
0.000332813	0.22739
0.000358413	0.215945
0.000384013	0.238406
0.000409613	0.2153
0.000460813	0.198591
0.000512013	0.192686
0.000563213	0.171777
0.000614413	0.158294
0.000665613	0.152764
0.000716813	0.154767
0.000768013	0.126067
0.000819213	0.127122
0.000921613	0.114581
0.00102401	0.110432
0.00112641	0.0954712
0.00122881	0.0881069
0.00133121	0.079107
0.00143361	0.0704578
0.00153601	0.0609154
0.00163841	0.0539466
0.00184321	0.0531945
0.00204801	0.0391195
0.00225281	0.0373543
0.00245761	0.0248814
0.00266241	0.0261078
0.00286721	0.0206971
0.00307201	0.0189521
0.00327681	0.0156928
0.00368641	0.00949793
0.00409601	0.00966108
0.00450561	0.00738915
0.00491521	0.0036836
0.00532481	0.00415083
0.00573441	0.00840995
0.00614401	0.00186112
0.00655361	0.00411114
0.00737281	0.00309792
0.00819201	0.00380203
0.00901121	0.0103792
0.00983041	0.0115346
0.0106496	0.00677038
0.0114688	0.00786673
0.012288	0.0107923
0.0131072	0.0101589
0.0147456	0.00177533
0.016384	0.00374051
0.0180224	0.00328589
0.0196608	0.00601742
0.0212992	-0.00137678
0.0229376	-0.00670793
0.024576	0.00326476
0.0262144	0.00222313
0.0294912	0.00336972
0.032768	-0.0016661
0.0360448	0.00340861
0.0393216	-0.000372175
0.0425984	0.0051182
0.0458752	0.00536249
0.049152	0.0071611
0.0524288	0.00607226
0.0589824	0.00586186
0.065536	0.00127006
0.0720896	0.005254
0.0786432	0.00631632
0.0851968	0.00401469
0.0917504	0.00630526
0.098304	0.00165056
0.104858	0.00361202
0.117965	0.00590318
0.131072	0.0062914
0.144179	0.00753964
0.157286	0.00693712
0.170394	0.00609141
0.183501	0.00542498
0.196608	0.0052318
0.209715	0.00625765
0.23593	0.00572622
0.262144	0.00666702
0.288358	0.00331108
0.314573	0.00655258
0.340787	0.00411268
0.367002	0.00611792
0.393216	0.00528128
0.41943	0.00530899
0.471859	0.00687281
0.524288	0.00650824
0.576717	0.00768552
0.629146	0.00863487
0.681574	0.00791789
0.734003	0.00853001
0.786432	0.00751203
0.838861	0.00777812
0.943718	0.00742167
1.04858	0.00829355
1.15343	0.00947313
1.25829	0.00873845
1.36315	0.00896348
1.46801	0.00991746
1.57286	0.0105797
1.67772	0.0107395
1.88744	0.0100765
2.09715	0.00847778
2.30687	0.0082451
2.51658	0.00808769
2.7263	0.00681248
2.93601	0.00304419
3.14573	0.00217473
3.35544	0.00298695
3.77487	0.000897487
4.1943	0.000200666
4.61373	-0.000807671
5.03316	-0.00192234
5.4526	-0.00279489
5.87203	-0.00350939
6.29146	-0.000707266
6.71089	0.0030893
7.54975	0.00944827
8.38861	0.0230943
9.22747	0.0455394
10.0663	0.0585773
10.9052	0.0658625
11.7441	0.0763065
12.5829	0.053819

Count Rate History (KHz)  CR CHA / CR CHB
0.000000	6.885529	6.027222
0.052429	6.771088	6.389618
0.104858	6.408691	5.474091
0.157286	8.087158	7.972717
0.209715	6.732941	6.599426
0.262144	7.572174	7.400513
0.314573	8.831024	7.629395
0.367002	7.476807	7.648468
0.419430	8.087158	7.972717
0.471859	6.084442	6.065369
0.524288	6.637573	6.065369
0.576717	6.523132	6.065369
0.629146	7.953644	7.686615
0.681574	7.610321	6.427765
0.734003	6.465912	7.266998
0.786432	9.803772	8.983612
0.838861	7.553101	7.343292
0.891290	8.506775	8.144379
0.943718	7.820129	7.572174
0.996147	5.455017	5.683899
1.048576	6.160736	5.950928
1.101005	7.305145	7.915497
1.153434	10.585785	9.860992
1.205862	6.923676	6.313324
1.258291	8.602142	7.286072
1.310720	6.980896	7.362366
1.363149	6.370544	6.427765
1.415578	6.656647	7.038116
1.468006	7.953644	6.656647
1.520435	6.713867	7.247925
1.572864	7.038116	6.160736
1.625293	7.419586	7.572174
1.677722	8.125305	7.362366
1.730150	8.754730	8.258820
1.782579	8.068085	8.316040
1.835008	7.667542	7.572174
1.887437	8.983612	9.822845
1.939866	7.705688	7.438660
1.992294	7.820129	7.896423
2.044723	8.392334	7.801056
2.097152	8.716583	8.220673
2.149581	7.495880	8.125305
2.202010	8.087158	7.724762
2.254438	7.343292	7.019043
2.306867	8.792877	9.288788
2.359296	7.705688	7.495880
2.411725	6.103516	6.752014
2.464154	6.656647	6.542206
2.516582	8.792877	8.964539
2.569011	8.831024	8.258820
2.621440	9.822845	8.888245
2.673869	8.106232	7.419586
2.726298	9.078979	9.193420
2.778726	10.662079	10.108948
2.831155	8.716583	8.239746
2.883584	8.163452	8.049011
2.936013	9.193420	8.468628
2.988442	8.716583	8.430481
3.040870	8.525848	7.286072
3.093299	9.117126	8.411407
3.145728	7.953644	6.847382
3.198157	8.010864	6.713867
3.250586	7.953644	6.656647
3.303014	9.269714	8.010864
3.355443	8.945465	8.144379
3.407872	10.204315	9.574890
3.460301	9.536743	10.204315
3.512730	6.370544	6.694794
3.565158	9.708405	7.953644
3.617587	7.743835	7.057190
3.670016	7.343292	6.771088
3.722445	8.716583	8.430481
3.774874	8.850098	9.059906
3.827302	7.400513	6.504059
3.879731	7.553101	7.514954
3.932160	9.288788	8.563995
3.984589	8.506775	7.877350
4.037018	9.689331	9.651184
4.089446	8.220673	7.247925
4.141875	7.476807	6.790161
4.194304	7.324219	7.514954
4.246733	9.002686	8.487701
4.299162	7.915497	7.419586
4.351590	7.839203	8.106232
4.404019	6.904602	6.561279
4.456448	8.544922	7.705688
4.508877	7.438660	7.991791
4.561306	8.373260	7.877350
4.613734	9.403229	9.994507
4.666163	9.365082	8.106232
4.718592	8.411407	7.438660
4.771021	8.239746	7.171631
4.823450	7.495880	6.999969
4.875878	8.811951	7.991791
4.928307	9.803772	9.021759
4.980736	7.762909	7.629395
5.033165	8.373260	7.629395
5.085594	9.365082	8.792877
5.138022	8.888245	8.087158
5.190451	9.441376	9.269714
5.242880	8.258820	7.495880
5.295309	6.942749	6.885529
5.347738	8.850098	9.212494
5.400166	7.781982	7.133484
5.452595	9.288788	8.487701
5.505024	9.174347	8.354187
5.557453	7.553101	7.820129
5.609882	7.534027	7.896423
5.662310	9.021759	8.220673
5.714739	8.392334	7.553101
5.767168	8.029938	7.286072
5.819597	8.411407	7.495880
5.872026	8.430481	7.190704
5.924454	8.316040	7.896423
5.976883	6.904602	6.179810
6.029312	8.182526	8.811951
6.081741	9.880066	8.373260
6.134170	7.152557	7.019043
6.186598	7.686615	7.438660
6.239027	8.468628	7.305145
6.291456	8.506775	6.885529
6.343885	6.866455	6.198883
6.396314	7.495880	6.713867
6.448742	8.125305	7.343292
6.501171	8.926392	8.373260
6.553600	8.544922	7.667542
6.606029	8.201599	7.343292
6.658458	7.896423	7.591248
6.710886	8.163452	7.915497
6.763315	9.536743	8.506775
6.815744	7.209778	6.732941
6.868173	7.324219	7.133484
6.920602	8.544922	9.155273
6.973030	6.904602	6.961823
7.025459	7.591248	6.942749
7.077888	8.811951	8.430481
7.130317	8.029938	7.915497
7.182746	6.008148	6.599426
7.235174	7.514954	7.133484
7.287603	7.495880	6.847382
7.340032	6.275177	6.408691
7.392461	6.504059	6.122589
7.444890	6.885529	7.572174
7.497318	9.174347	8.029938
7.549747	5.455017	6.217957
7.602176	7.286072	6.122589
7.654605	8.716583	7.686615
7.707034	8.754730	7.190704
7.759462	8.926392	7.877350
7.811891	6.427765	6.198883
7.864320	7.038116	6.313324
7.916749	6.675720	6.942749
7.969178	8.487701	8.087158
8.021606	7.152557	6.790161
8.074035	6.370544	5.989075
8.126464	7.019043	6.675720
8.178893	7.610321	7.686615
8.231322	7.991791	7.820129
8.283750	8.010864	6.961823
8.336179	7.171631	7.076263
8.388608	6.141663	6.904602
8.441037	6.542206	6.675720
8.493466	8.754730	7.266998
8.545894	7.877350	7.381439
8.598323	7.705688	7.209778
8.650752	6.008148	5.588531
8.703181	6.771088	5.493164
8.755610	5.950928	5.683899
8.808038	7.991791	7.343292
8.860467	6.561279	6.580353
8.912896	6.980896	5.760193
8.965325	8.258820	7.400513
9.017754	7.419586	7.438660
9.070182	6.179810	6.256104
9.122611	9.403229	7.839203
9.175040	8.831024	7.591248
9.227469	7.514954	7.324219
9.279898	8.697510	8.602142
9.332326	9.403229	9.460449
9.384755	7.038116	6.847382
9.437184	7.877350	7.495880
9.489613	8.125305	7.495880
9.542042	6.809235	6.179810
9.594470	8.602142	7.209778
9.646899	8.735657	7.228851
9.699328	7.209778	7.038116
9.751757	6.523132	7.934570
9.804186	7.858276	6.980896
9.856614	5.970001	5.970001
9.909043	7.934570	8.125305
9.961472	9.155273	7.324219
10.013901	8.983612	7.610321
10.066330	7.457733	7.209778
10.118758	6.465912	6.103516
10.171187	9.269714	9.059906
10.223616	7.972717	7.228851
10.276045	7.286072	7.247925
10.328474	7.343292	6.561279
10.380902	7.743835	8.182526
10.433331	9.059906	8.354187
10.485760	8.449554	7.991791
10.538189	7.591248	7.286072
10.590618	10.681152	9.689331
10.643046	7.667542	7.362366
10.695475	9.746552	9.918213
10.747904	5.588531	5.989075
10.800333	9.784698	8.964539
10.852762	9.269714	7.419586
10.905190	8.316040	7.743835
10.957619	9.231567	8.811951
11.010048	8.621216	8.239746
11.062477	6.771088	6.465912
11.114906	9.059906	8.678436
11.167334	10.585785	9.460449
11.219763	8.583069	8.430481
11.272192	7.057190	6.885529
11.324621	8.544922	9.460449
11.377050	8.068085	7.781982
11.429478	8.678436	7.705688
11.481907	7.019043	6.694794
11.534336	8.487701	7.705688
11.586765	8.010864	7.247925
11.639194	7.972717	8.049011
11.691622	7.934570	8.277893
11.744051	8.087158	7.877350
11.796480	10.070801	8.869171
11.848909	8.468628	8.106232
11.901338	9.994507	9.441376
11.953766	8.487701	8.506775
12.006195	9.708405	9.250641
12.058624	9.517670	8.640289
12.111053	9.555817	8.525848
12.163482	9.326935	8.716583
12.215910	8.106232	8.106232
12.268339	9.231567	9.155273
12.320768	9.479523	8.430481
12.373197	7.495880	8.087158
12.425626	8.029938	7.972717
12.478054	10.070801	9.975433
12.530483	8.449554	8.773804
12.582912	11.653900	10.967255
12.635341	7.457733	7.209778
12.687770	9.937286	9.002686
12.740198	9.136200	9.212494
12.792627	8.125305	8.449554
12.845056	8.697510	7.438660
12.897485	8.659363	7.476807
12.949914	7.266998	7.743835
13.002342	8.964539	7.553101
13.054771	7.667542	7.877350
13.107200	9.765625	10.108948
13.159629	10.128021	9.346008
13.212058	9.708405	8.773804
13.264486	9.078979	8.544922
13.316915	7.953644	8.602142
13.369344	8.697510	7.858276
13.421773	9.193420	9.174347
13.474202	7.858276	8.277893
13.526630	7.419586	7.305145
13.579059	8.983612	9.155273
13.631488	6.885529	6.885529
13.683917	9.136200	8.487701
13.736346	7.648468	6.732941
13.788774	9.117126	8.640289
13.841203	8.907318	8.888245
13.893632	6.790161	6.980896
13.946061	7.514954	7.438660
13.998490	6.847382	6.465912
14.050918	7.915497	6.885529
14.103347	6.961823	6.446838
14.155776	8.106232	8.678436
14.208205	6.198883	6.351471
14.260634	7.915497	7.572174
14.313062	8.544922	7.038116
14.365491	7.743835	7.095337
14.417920	8.697510	8.468628
14.470349	8.316040	7.362366
14.522778	8.068085	7.686615
14.575206	8.583069	7.953644
14.627635	8.068085	7.820129
