3/3/2026	12:54 PM
Pseudo Cross Correlation
Scattering angle:	52.00
Duration (s):	15
Wavelength (nm):	660.0
Refractive index:	1.330
Viscosity (mPas):	0.999
Temperature (K):	293.2
Laser intensity (mW):	0.004161
Average Count rate  A (kHz):	0.1
Average Count rate  B (kHz):	0.2
Intercept:	0.0000
Cumulant 1st	-Inf
Cumulant 2nd	-Inf	NaN
Cumulant 3rd	-Inf	NaN

Lag time (s)         g2-1
1.25E-08	156.719
2.5E-08	-1
3.75E-08	-1
5E-08	-1
6.25E-08	-1
7.5E-08	-1
8.75E-08	-1
1E-07	-1
1.125E-07	-1
1.25E-07	-1
1.375E-07	-1
1.5E-07	-1
1.625E-07	-1
1.75E-07	-1
1.875E-07	-1
2E-07	-1
2.125E-07	-1
2.375E-07	-1
2.625E-07	-1
2.875E-07	-1
3.125E-07	-1
3.375E-07	-1
3.625E-07	-1
3.875E-07	-1
4.125E-07	-1
4.625E-07	-1
5.125E-07	-1
5.625E-07	-1
6.125E-07	-1
6.625E-07	-1
7.125E-07	-1
7.625E-07	-1
8.125E-07	-1
9.125E-07	-1
1.0125E-06	-1
1.1125E-06	-1
1.2125E-06	18.7148
1.3125E-06	-1
1.4125E-06	-1
1.5125E-06	-1
1.6125E-06	-1
1.8125E-06	-1
2.0125E-06	-1
2.2125E-06	-1
2.4125E-06	-1
2.6125E-06	-1
2.8125E-06	-1
3.0125E-06	-1
3.2125E-06	-1
3.6125E-06	-1
4.0125E-06	-1
4.4125E-06	-1
4.8125E-06	-1
5.2125E-06	-1
5.6125E-06	-1
6.0125E-06	-1
6.4125E-06	-1
7.2125E-06	-1
8.0125E-06	-1
8.8125E-06	-1
9.6125E-06	6.39306
1.04125E-05	-1
1.12125E-05	-1
1.20125E-05	-1
1.28125E-05	-1
1.44125E-05	-1
1.60125E-05	1.46435
1.76125E-05	-1
1.92125E-05	-1
2.08125E-05	-1
2.24125E-05	1.46435
2.40125E-05	-1
2.56125E-05	1.46435
2.88125E-05	0.232176
3.20125E-05	-0.383912
3.52125E-05	-1
3.84125E-05	-0.383912
4.16125E-05	-1
4.48125E-05	0.232176
4.80125E-05	-0.383912
5.12125E-05	0.540219
5.76125E-05	-0.383912
6.40125E-05	1.15631
7.04125E-05	0.232175
7.68125E-05	0.848263
8.32125E-05	0.232175
8.96125E-05	-0.0758684
9.60125E-05	0.232175
0.000102413	-0.0758688
0.000115213	0.078153
0.000128013	-0.537934
0.000140813	0.232175
0.000153613	-0.383913
0.000166413	0.386197
0.000179213	0.078153
0.000192013	-0.229891
0.000204813	0.00114122
0.000230413	0.386196
0.000256013	-0.152881
0.000281613	-0.306902
0.000307213	-0.152881
0.000332813	-0.0758696
0.000358413	0.232174
0.000384013	-0.152881
0.000409613	-0.229893
0.000460813	0.0396448
0.000512013	-0.229893
0.000563213	0.193666
0.000614413	0.116656
0.000665613	-0.114377
0.000716813	0.0396448
0.000768013	0.00113944
0.000819213	-0.19139
0.000921613	-0.0758746
0.00102401	-0.0181167
0.00112641	-0.0181167
0.00122881	0.0203885
0.00133121	-0.19139
0.00143361	-0.0951272
0.00153601	-0.133632
0.00163841	-0.229901
0.00184321	0.0973912
0.00204801	-0.0181237
0.00225281	-0.0662549
0.00245761	0.0203813
0.00266241	0.0685124
0.00286721	0.00112877
0.00307201	0.0300075
0.00327681	0.0636842
0.00368641	0.116628
0.00409601	0.0973756
0.00450561	0.0829364
0.00491521	0.0930735
0.00532481	-0.176583
0.00573441	0.150857
0.00614401	0.0256593
0.00655361	0.0159998
0.00737281	-0.0172467
0.00819201	0.0212927
0.00901121	0.000550718
0.00983041	0.0343042
0.0106496	0.0246604
0.0114688	-0.103121
0.012288	-0.018737
0.0131072	-0.0175873
0.0147456	0.0197805
0.016384	0.0282184
0.0180224	0.0462996
0.0196608	0.0238763
0.0212992	0.0009627
0.0229376	0.0009627
0.024576	0.0672916
0.0262144	-0.0190473
0.0294912	-0.0453166
0.032768	-0.0326277
0.0360448	0.00543876
0.0393216	0.00543876
0.0425984	0.0314206
0.0458752	-0.0181262
0.049152	-0.0079928
0.0524288	0.00360326
0.0589824	-0.0115204
0.065536	-0.0614283
0.0720896	0.0305233
0.0786432	0.00965271
0.0851968	-0.000933827
0.0917504	0.00740408
0.098304	0.00195702
0.104858	-0.0114988
0.117965	0.0254108
0.131072	-0.00625213
0.144179	-0.00593439
0.157286	0.0296908
0.170394	-0.0183844
0.183501	-0.0179194
0.196608	-0.00983024
0.209715	-0.00741216
0.23593	0.00787283
0.262144	-0.0075782
0.288358	-0.00949186
0.314573	-0.00280557
0.340787	0.00243692
0.367002	0.00231046
0.393216	0.00123259
0.41943	0.00281172
0.471859	0.00340315
0.524288	0.0143307
0.576717	0.000723484
0.629146	0.00372891
0.681574	0.00364507
0.734003	-0.00870996
0.786432	0.0125327
0.838861	0.00379954
0.943718	0.0026679
1.04858	0.00108968
1.15343	-0.00154506
1.25829	-0.00268558
1.36315	0.00736623
1.46801	0.00958152
1.57286	0.00448409
1.67772	0.00021876
1.88744	0.00643064
2.09715	0.00971493
2.30687	0.00794991
2.51658	0.00415699
2.7263	0.008294
2.93601	0.00193989
3.14573	0.00144936
3.35544	0.00848139
3.77487	0.00436463
4.1943	0.014355
4.61373	0.0161653
5.03316	0.0280814
5.4526	0.0147281
5.87203	0.0150521
6.29146	0.00835571
6.71089	0.0137557
7.54975	0.026685
8.38861	0.0301554
9.22747	0.0135912
10.0663	0.0148075
10.9052	-0.0240853
11.7441	-0.0485638
12.5829	-0.0485638

Count Rate History (KHz)  CR CHA / CR CHB
0.000000	0.038147	0.286102
0.052429	0.095367	0.209808
0.104858	0.190735	0.286102
0.157286	0.114441	0.171661
0.209715	0.114441	0.190735
0.262144	0.133514	0.209808
0.314573	0.152588	0.286102
0.367002	0.076294	0.133514
0.419430	0.133514	0.267029
0.471859	0.152588	0.133514
0.524288	0.114441	0.152588
0.576717	0.133514	0.228882
0.629146	0.152588	0.209808
0.681574	0.267029	0.343323
0.734003	0.152588	0.209808
0.786432	0.171661	0.419617
0.838861	0.133514	0.133514
0.891290	0.152588	0.209808
0.943718	0.057220	0.228882
0.996147	0.038147	0.267029
1.048576	0.133514	0.190735
1.101005	0.133514	0.267029
1.153434	0.133514	0.190735
1.205862	0.133514	0.171661
1.258291	0.095367	0.228882
1.310720	0.190735	0.228882
1.363149	0.152588	0.133514
1.415578	0.095367	0.209808
1.468006	0.114441	0.228882
1.520435	0.095367	0.228882
1.572864	0.152588	0.362396
1.625293	0.152588	0.247955
1.677722	0.114441	0.362396
1.730150	0.228882	0.286102
1.782579	0.114441	0.095367
1.835008	0.076294	0.114441
1.887437	0.171661	0.267029
1.939866	0.133514	0.267029
1.992294	0.133514	0.286102
2.044723	0.190735	0.267029
2.097152	0.114441	0.267029
2.149581	0.171661	0.247955
2.202010	0.095367	0.247955
2.254438	0.133514	0.171661
2.306867	0.095367	0.228882
2.359296	0.095367	0.286102
2.411725	0.209808	0.305176
2.464154	0.152588	0.209808
2.516582	0.228882	0.362396
2.569011	0.171661	0.305176
2.621440	0.076294	0.267029
2.673869	0.171661	0.228882
2.726298	0.190735	0.247955
2.778726	0.133514	0.190735
2.831155	0.209808	0.171661
2.883584	0.190735	0.247955
2.936013	0.209808	0.209808
2.988442	0.152588	0.209808
3.040870	0.228882	0.209808
3.093299	0.152588	0.152588
3.145728	0.076294	0.228882
3.198157	0.152588	0.190735
3.250586	0.171661	0.190735
3.303014	0.114441	0.247955
3.355443	0.095367	0.305176
3.407872	0.190735	0.247955
3.460301	0.228882	0.305176
3.512730	0.114441	0.133514
3.565158	0.095367	0.305176
3.617587	0.114441	0.114441
3.670016	0.267029	0.209808
3.722445	0.171661	0.228882
3.774874	0.133514	0.286102
3.827302	0.057220	0.190735
3.879731	0.190735	0.190735
3.932160	0.152588	0.324249
3.984589	0.247955	0.133514
4.037018	0.038147	0.209808
4.089446	0.114441	0.171661
4.141875	0.076294	0.171661
4.194304	0.114441	0.171661
4.246733	0.152588	0.305176
4.299162	0.190735	0.152588
4.351590	0.190735	0.305176
4.404019	0.076294	0.190735
4.456448	0.133514	0.152588
4.508877	0.114441	0.228882
4.561306	0.076294	0.190735
4.613734	0.057220	0.286102
4.666163	0.286102	0.247955
4.718592	0.133514	0.190735
4.771021	0.209808	0.267029
4.823450	0.190735	0.247955
4.875878	0.152588	0.228882
4.928307	0.133514	0.057220
4.980736	0.057220	0.171661
5.033165	0.152588	0.286102
5.085594	0.076294	0.171661
5.138022	0.114441	0.324249
5.190451	0.171661	0.190735
5.242880	0.076294	0.267029
5.295309	0.267029	0.286102
5.347738	0.133514	0.247955
5.400166	0.114441	0.343323
5.452595	0.286102	0.305176
5.505024	0.133514	0.305176
5.557453	0.209808	0.152588
5.609882	0.228882	0.190735
5.662310	0.171661	0.247955
5.714739	0.095367	0.305176
5.767168	0.057220	0.286102
5.819597	0.171661	0.400543
5.872026	0.209808	0.286102
5.924454	0.114441	0.171661
5.976883	0.152588	0.228882
6.029312	0.114441	0.305176
6.081741	0.190735	0.286102
6.134170	0.152588	0.228882
6.186598	0.152588	0.228882
6.239027	0.190735	0.286102
6.291456	0.228882	0.209808
6.343885	0.114441	0.267029
6.396314	0.133514	0.228882
6.448742	0.209808	0.190735
6.501171	0.133514	0.209808
6.553600	0.209808	0.209808
6.606029	0.114441	0.267029
6.658458	0.228882	0.152588
6.710886	0.076294	0.152588
6.763315	0.114441	0.114441
6.815744	0.133514	0.209808
6.868173	0.114441	0.190735
6.920602	0.019073	0.286102
6.973030	0.152588	0.247955
7.025459	0.228882	0.267029
7.077888	0.095367	0.362396
7.130317	0.133514	0.267029
7.182746	0.190735	0.305176
7.235174	0.171661	0.247955
7.287603	0.095367	0.114441
7.340032	0.114441	0.171661
7.392461	0.133514	0.152588
7.444890	0.152588	0.171661
7.497318	0.133514	0.190735
7.549747	0.152588	0.228882
7.602176	0.171661	0.209808
7.654605	0.171661	0.419617
7.707034	0.133514	0.152588
7.759462	0.095367	0.228882
7.811891	0.267029	0.247955
7.864320	0.133514	0.209808
7.916749	0.247955	0.286102
7.969178	0.133514	0.114441
8.021606	0.076294	0.190735
8.074035	0.190735	0.362396
8.126464	0.152588	0.267029
8.178893	0.057220	0.209808
8.231322	0.076294	0.286102
8.283750	0.114441	0.209808
8.336179	0.095367	0.152588
8.388608	0.114441	0.247955
8.441037	0.095367	0.286102
8.493466	0.171661	0.247955
8.545894	0.343323	0.247955
8.598323	0.228882	0.247955
8.650752	0.305176	0.267029
8.703181	0.171661	0.305176
8.755610	0.190735	0.190735
8.808038	0.114441	0.324249
8.860467	0.133514	0.228882
8.912896	0.133514	0.171661
8.965325	0.152588	0.305176
9.017754	0.133514	0.190735
9.070182	0.095367	0.362396
9.122611	0.190735	0.228882
9.175040	0.133514	0.324249
9.227469	0.171661	0.228882
9.279898	0.133514	0.267029
9.332326	0.228882	0.381470
9.384755	0.152588	0.152588
9.437184	0.095367	0.267029
9.489613	0.019073	0.228882
9.542042	0.152588	0.171661
9.594470	0.228882	0.133514
9.646899	0.076294	0.305176
9.699328	0.152588	0.247955
9.751757	0.095367	0.228882
9.804186	0.114441	0.209808
9.856614	0.190735	0.267029
9.909043	0.095367	0.286102
9.961472	0.228882	0.247955
10.013901	0.133514	0.247955
10.066330	0.152588	0.324249
10.118758	0.133514	0.438690
10.171187	0.152588	0.228882
10.223616	0.247955	0.267029
10.276045	0.114441	0.171661
10.328474	0.057220	0.228882
10.380902	0.152588	0.247955
10.433331	0.114441	0.152588
10.485760	0.171661	0.228882
10.538189	0.114441	0.438690
10.590618	0.076294	0.381470
10.643046	0.095367	0.324249
10.695475	0.247955	0.343323
10.747904	0.076294	0.209808
10.800333	0.114441	0.190735
10.852762	0.209808	0.324249
10.905190	0.190735	0.286102
10.957619	0.171661	0.152588
11.010048	0.228882	0.305176
11.062477	0.267029	0.324249
11.114906	0.286102	0.305176
11.167334	0.228882	0.247955
11.219763	0.095367	0.228882
11.272192	0.076294	0.247955
11.324621	0.171661	0.247955
11.377050	0.228882	0.324249
11.429478	0.095367	0.190735
11.481907	0.095367	0.267029
11.534336	0.190735	0.228882
11.586765	0.114441	0.133514
11.639194	0.209808	0.305176
11.691622	0.114441	0.190735
11.744051	0.133514	0.171661
11.796480	0.057220	0.209808
11.848909	0.133514	0.247955
11.901338	0.057220	0.247955
11.953766	0.190735	0.228882
12.006195	0.114441	0.171661
12.058624	0.076294	0.286102
12.111053	0.095367	0.286102
12.163482	0.152588	0.305176
12.215910	0.114441	0.305176
12.268339	0.133514	0.190735
12.320768	0.095367	0.152588
12.373197	0.209808	0.152588
12.425626	0.190735	0.247955
12.478054	0.152588	0.209808
12.530483	0.286102	0.190735
12.582912	0.095367	0.228882
12.635341	0.209808	0.209808
12.687770	0.247955	0.247955
12.740198	0.152588	0.286102
12.792627	0.114441	0.190735
12.845056	0.209808	0.228882
12.897485	0.152588	0.171661
12.949914	0.133514	0.267029
13.002342	0.228882	0.247955
13.054771	0.114441	0.209808
13.107200	0.114441	0.228882
13.159629	0.171661	0.190735
13.212058	0.152588	0.190735
13.264486	0.247955	0.152588
13.316915	0.171661	0.343323
13.369344	0.114441	0.209808
13.421773	0.133514	0.324249
13.474202	0.152588	0.267029
13.526630	0.152588	0.209808
13.579059	0.152588	0.286102
13.631488	0.152588	0.209808
13.683917	0.076294	0.247955
13.736346	0.247955	0.247955
13.788774	0.038147	0.247955
13.841203	0.209808	0.190735
13.893632	0.209808	0.114441
13.946061	0.133514	0.228882
13.998490	0.209808	0.152588
14.050918	0.152588	0.305176
14.103347	0.190735	0.228882
14.155776	0.209808	0.247955
14.208205	0.095367	0.095367
14.260634	0.209808	0.362396
14.313062	0.057220	0.171661
14.365491	0.190735	0.267029
