Scattering angle    Mean_CR * sin(angle) / Laser Intensity (kHz/mW)    g2(t=0)-1    CR CHA (kHz)    CR CHB (kHz)    Temperature (K)    Laser intensity (mW)    Diameter (nm)    PDI (-)
15.994277	0.828409	0.862477	263.627486	241.926575	293.150000	84.000000	43.454052	1.733899
15.994277	0.773183	0.873658	246.107136	225.748582	293.160000	84.000000	43.784656	1.795512
15.994277	0.758078	0.867861	241.341511	221.299648	293.180000	84.000000	37.330958	1.887041
15.994277	0.822502	0.863657	262.102231	239.876556	293.190000	84.000000	45.010518	1.819557
20.012636	0.749354	0.835053	192.258222	175.961835	293.130000	84.000000	35.718933	1.713859
20.012636	0.805250	0.868846	206.455786	189.218556	293.110000	84.000000	40.913282	1.810243
20.012636	0.716905	0.912363	183.776432	168.485430	293.100000	84.000000	40.783007	1.770057
20.012636	0.699837	0.895900	179.484489	164.397916	293.110000	84.000000	37.212433	1.774346
23.999354	0.711760	0.915401	153.552260	140.722956	293.170000	84.000000	40.815537	1.747745
23.999354	0.688032	0.847791	148.511574	135.959764	293.170000	84.000000	34.002917	1.659712
23.999354	0.743565	0.891037	160.397755	147.025993	293.190000	84.000000	38.831117	1.783663
23.999354	0.943178	0.922783	203.448833	186.502977	293.200000	84.000000	67.106843	1.755386
27.986072	1.490862	0.964638	279.006141	255.269119	293.150000	84.000000	203.614777	1.720748
27.986072	2.663231	0.785293	498.873817	455.579616	293.130000	84.000000	558.274312	1.304357
27.986072	5.568428	0.725905	1042.982830	952.632349	293.120000	84.000000	4457.603166	1.712872
27.986072	3.736612	0.960314	699.868497	639.258922	293.120000	84.000000	1551.716705	1.651949
32.004432	1.057148	0.890585	175.043765	160.382288	293.160000	84.000000	73.347716	1.892942
32.004432	0.863871	0.888331	142.846516	131.237916	293.180000	84.000000	56.333089	1.670819
32.004432	0.777565	0.874040	128.753591	117.963084	293.200000	84.000000	40.156673	1.791695
32.004432	0.791960	0.878450	130.995456	120.276919	293.210000	84.000000	41.341434	1.818443
36.006970	0.772316	0.942863	115.230838	105.680917	293.140000	84.000000	47.336056	1.799224
36.006970	0.826036	0.972848	123.306552	112.976282	293.120000	84.000000	62.261014	1.713293
36.006970	1.005720	0.946521	150.148800	137.533460	293.120000	84.000000	102.198526	1.615639
36.006970	1.946964	0.795432	290.895394	266.044753	293.120000	84.000000	328.375915	1.316755
39.993689	0.876266	0.887333	119.645067	109.626354	293.180000	84.000000	54.281551	1.742836
39.993689	0.858985	0.892842	117.294936	107.455722	293.190000	84.000000	51.318266	1.861661
39.993689	0.884717	0.885311	120.654651	110.816070	293.190000	84.000000	55.091851	1.742257
39.993689	0.871496	0.891860	118.978977	109.043121	293.190000	84.000000	51.108180	1.799973
43.996227	0.743142	0.887225	93.707137	86.187813	293.120000	84.000000	40.251908	1.736167
43.996227	0.709660	0.906005	89.509791	82.282188	293.110000	84.000000	37.355240	1.770689
43.996227	0.647693	0.921711	81.826574	74.975517	293.110000	84.000000	33.755309	1.732758
43.996227	0.657842	0.911337	83.011905	76.239222	293.130000	84.000000	38.462183	1.575917
48.014586	0.643958	0.897076	75.931481	69.743770	293.190000	84.000000	34.361810	1.567833
48.014586	0.721216	0.931786	84.993022	78.155586	293.190000	84.000000	40.568634	1.812164
48.014586	0.853373	0.854853	100.669929	92.382635	293.190000	84.000000	44.930535	1.839114
48.014586	1.096886	0.805081	129.479204	118.668488	293.180000	84.000000	52.762464	1.909967
52.001305	1.382609	0.664113	153.993677	141.050480	293.120000	84.000000	54.394462	1.852117
52.001305	1.338379	0.701849	148.885162	136.705469	293.120000	84.000000	56.360031	1.924107
52.001305	1.161583	0.760054	129.224283	118.641041	293.120000	84.000000	51.441911	1.931388
52.001305	0.743924	0.893368	82.733631	76.007026	293.130000	84.000000	39.805966	1.725893
56.003844	0.593075	0.886591	62.727928	57.561125	293.190000	84.000000	28.508809	1.681789
56.003844	0.577600	0.889753	60.966424	56.173870	293.180000	84.000000	27.175494	1.698734
56.003844	0.576010	0.881275	60.894149	55.931296	293.170000	84.000000	27.724343	1.667729
56.003844	0.583105	0.874830	61.581698	56.677801	293.170000	84.000000	29.351184	1.569355
59.990562	0.567566	0.875172	57.391912	52.815593	293.110000	84.000000	26.604407	1.650256
59.990562	0.546914	0.880184	55.307770	50.890004	293.110000	84.000000	25.531892	1.644033
59.990562	0.551933	0.893009	55.945240	51.237627	293.130000	84.000000	28.050627	1.594400
59.990562	0.559519	0.881054	56.557620	52.085665	293.160000	84.000000	27.390991	1.658935
64.989780	0.544593	0.890599	52.684580	48.365934	293.180000	84.000000	27.452440	1.589065
64.989780	0.568239	0.866162	54.890769	50.540788	293.170000	84.000000	29.482095	1.518089
64.989780	0.556439	0.880499	53.803045	49.443401	293.160000	84.000000	26.831022	1.661088
64.989780	0.537293	0.875700	51.929613	47.762507	293.150000	84.000000	26.464915	1.542174
70.004819	0.539183	0.890121	50.200530	46.272618	293.110000	84.000000	27.630876	1.535411
70.004819	0.528439	0.873315	49.276216	45.280593	293.130000	84.000000	26.551990	1.459927
70.004819	0.523758	0.897997	48.820981	44.896837	293.150000	84.000000	26.781129	1.503408
70.004819	0.528117	0.878420	49.199677	45.295854	293.180000	84.000000	26.896108	1.406694
74.988217	0.518896	0.862183	46.983224	43.344710	293.180000	84.000000	26.403819	1.496553
74.988217	0.525759	0.890642	47.667435	43.860231	293.170000	84.000000	26.585160	1.565879
74.988217	0.518802	0.865024	47.035079	43.281278	293.160000	84.000000	23.618837	1.608317
74.988217	0.515369	0.875363	46.709720	43.007937	293.140000	84.000000	26.798110	1.579532
80.003256	0.502844	0.884152	44.632305	41.215862	293.120000	84.000000	23.658131	1.525502
80.003256	0.524728	0.866308	46.658811	42.931990	293.140000	84.000000	27.521963	1.437680
80.003256	0.565330	0.855082	50.243923	46.277251	293.160000	84.000000	30.227148	1.513109
80.003256	0.525972	0.872938	46.716963	43.082169	293.180000	84.000000	25.702874	1.645175
85.002474	0.531091	0.857840	46.590396	43.043545	293.160000	84.000000	24.996891	1.670885
85.002474	0.520770	0.889450	45.744532	42.152058	293.150000	84.000000	25.428802	1.539327
85.002474	0.504958	0.872173	44.367313	40.861538	293.150000	84.000000	22.249124	1.625346
85.002474	0.489163	0.860643	42.962716	39.598777	293.140000	84.000000	22.823742	1.649373
89.985872	0.453285	0.869002	39.591683	36.618197	293.150000	84.000000	22.611904	1.386294
89.985872	0.469624	0.863092	41.076660	37.884660	293.160000	84.000000	21.860656	1.567565
89.985872	0.474903	0.864263	41.509151	38.337571	293.180000	84.000000	23.188646	1.421811
89.985872	0.506847	0.858272	44.425618	40.801794	293.180000	84.000000	26.083090	1.443655
