3/3/2026	10:13 AM
Pseudo Cross Correlation
Scattering angle:	80.00
Duration (s):	15
Wavelength (nm):	660.0
Refractive index:	1.330
Viscosity (mPas):	1.002
Temperature (K):	293.2
Laser intensity (mW):	84.000000
Average Count rate  A (kHz):	50.2
Average Count rate  B (kHz):	46.3
Intercept:	0.8551
Cumulant 1st	28.8765
Cumulant 2nd	18.8657	17.7940
Cumulant 3rd	15.1136	18.5910

Lag time (s)         g2-1
1.25E-08	0.830467
2.5E-08	0.891405
3.75E-08	0.893749
5E-08	0.870311
6.25E-08	0.802342
7.5E-08	0.935936
8.75E-08	0.961717
1E-07	0.839842
1.125E-07	0.91953
1.25E-07	0.790624
1.375E-07	0.851561
1.5E-07	0.84453
1.625E-07	0.75078
1.75E-07	0.809374
1.875E-07	0.931249
2E-07	0.858592
2.125E-07	0.934764
2.375E-07	0.926561
2.625E-07	0.855077
2.875E-07	0.877342
3.125E-07	0.849217
3.375E-07	0.80117
3.625E-07	0.85742
3.875E-07	0.873827
4.125E-07	0.86035
4.625E-07	0.775975
5.125E-07	0.799413
5.625E-07	0.841014
6.125E-07	0.853905
6.625E-07	0.833397
7.125E-07	0.852147
7.625E-07	0.808788
8.125E-07	0.861229
9.125E-07	0.86035
1.0125E-06	0.863866
1.1125E-06	0.799413
1.2125E-06	0.838085
1.3125E-06	0.879393
1.4125E-06	0.838085
1.5125E-06	0.829588
1.6125E-06	0.830174
1.8125E-06	0.841307
2.0125E-06	0.810545
2.2125E-06	0.855956
2.4125E-06	0.831493
2.6125E-06	0.865184
2.8125E-06	0.870311
3.0125E-06	0.813622
3.2125E-06	0.819774
3.6125E-06	0.829295
4.0125E-06	0.843871
4.4125E-06	0.813915
4.8125E-06	0.827464
5.2125E-06	0.79619
5.6125E-06	0.832005
6.0125E-06	0.824388
6.4125E-06	0.817686
7.2125E-06	0.831749
8.0125E-06	0.80963
8.8125E-06	0.80714
9.6125E-06	0.792015
1.04125E-05	0.801903
1.12125E-05	0.789745
1.20125E-05	0.769493
1.28125E-05	0.771471
1.44125E-05	0.779784
1.60125E-05	0.759788
1.76125E-05	0.744243
1.92125E-05	0.747813
2.08125E-05	0.722105
2.24125E-05	0.725035
2.40125E-05	0.720165
2.56125E-05	0.707182
2.88125E-05	0.696672
3.20125E-05	0.682326
3.52125E-05	0.664436
3.84125E-05	0.649165
4.16125E-05	0.63871
4.48125E-05	0.628419
4.80125E-05	0.616218
5.12125E-05	0.605496
5.76125E-05	0.586618
6.40125E-05	0.571139
7.04125E-05	0.553346
7.68125E-05	0.536001
8.32125E-05	0.521755
8.96125E-05	0.504946
9.60125E-05	0.497479
0.000102413	0.488681
0.000115213	0.465728
0.000128013	0.44922
0.000140813	0.436084
0.000153613	0.425858
0.000166413	0.412124
0.000179213	0.400735
0.000192013	0.391116
0.000204813	0.38024
0.000230413	0.365096
0.000256013	0.348542
0.000281613	0.333677
0.000307213	0.324621
0.000332813	0.313272
0.000358413	0.300579
0.000384013	0.294104
0.000409613	0.28519
0.000460813	0.267878
0.000512013	0.254448
0.000563213	0.238724
0.000614413	0.224526
0.000665613	0.216683
0.000716813	0.204496
0.000768013	0.192724
0.000819213	0.18179
0.000921613	0.162248
0.00102401	0.149883
0.00112641	0.137016
0.00122881	0.12258
0.00133121	0.111046
0.00143361	0.0990763
0.00153601	0.0882255
0.00163841	0.0799536
0.00184321	0.0655267
0.00204801	0.0535373
0.00225281	0.0464255
0.00245761	0.0393004
0.00266241	0.0325329
0.00286721	0.0247356
0.00307201	0.0223645
0.00327681	0.0211732
0.00368641	0.0156717
0.00409601	0.0124544
0.00450561	0.0113188
0.00491521	0.0117764
0.00532481	0.00812421
0.00573441	0.00470489
0.00614401	0.00175057
0.00655361	0.000536126
0.00737281	0.00161456
0.00819201	-0.000386877
0.00901121	-0.000255098
0.00983041	-0.000620413
0.0106496	0.00124242
0.0114688	0.000359772
0.012288	-0.00696479
0.0131072	-0.00673511
0.0147456	-0.00157961
0.016384	-0.00216162
0.0180224	-0.000992308
0.0196608	0.000136445
0.0212992	0.000712488
0.0229376	0.00517758
0.024576	0.00250092
0.0262144	-0.00398061
0.0294912	-0.00574601
0.032768	-0.00413753
0.0360448	-0.00615999
0.0393216	-0.00252334
0.0425984	-0.00301864
0.0458752	-0.000205197
0.049152	-0.00214615
0.0524288	0.000891607
0.0589824	-0.00113865
0.065536	0.000883174
0.0720896	4.9047E-05
0.0786432	-0.00117406
0.0851968	-0.000774835
0.0917504	-0.00347858
0.098304	-0.000479018
0.104858	0.00236148
0.117965	0.005614
0.131072	0.000781079
0.144179	0.000572591
0.157286	0.00100471
0.170394	0.00123395
0.183501	0.00115726
0.196608	0.00193698
0.209715	-0.00121397
0.23593	-0.0031533
0.262144	0.00182396
0.288358	-0.000619483
0.314573	0.00141011
0.340787	0.000725218
0.367002	-4.67375E-06
0.393216	0.00186248
0.41943	0.000307886
0.471859	0.00110326
0.524288	0.00201115
0.576717	0.00310447
0.629146	-0.000489566
0.681574	0.0011638
0.734003	0.000600518
0.786432	-0.000443837
0.838861	0.000465252
0.943718	0.00146576
1.04858	-2.17227E-05
1.15343	-0.000936814
1.25829	-0.00123515
1.36315	2.00278E-05
1.46801	-0.0011794
1.57286	-0.00113496
1.67772	-0.0014431
1.88744	-0.000526407
2.09715	-0.00261226
2.30687	-0.00230011
2.51658	-0.003667
2.7263	-0.00350223
2.93601	-0.00349621
3.14573	-0.00463463
3.35544	-0.00489498
3.77487	-0.00516645
4.1943	-0.00498753
4.61373	-0.00464095
5.03316	-0.00228455
5.4526	-0.00149301
5.87203	-0.00540409
6.29146	-0.0080013
6.71089	-0.0117118
7.54975	-0.0150926
8.38861	-0.0227086
9.22747	-0.0235277
10.0663	-0.0191037
10.9052	-0.0111834
11.7441	-0.0108081
12.5829	-0.00830327

Count Rate History (KHz)  CR CHA / CR CHB
0.000000	52.623749	47.912598
0.052429	43.220520	38.967133
0.104858	51.403046	47.283173
0.157286	53.386688	47.912598
0.209715	38.719177	36.010742
0.262144	52.871704	44.765472
0.314573	46.253204	43.601990
0.367002	57.735443	52.890778
0.419430	45.337677	42.152405
0.471859	47.073364	42.667389
0.524288	62.599182	56.648254
0.576717	47.645569	42.934418
0.629146	52.585602	47.225952
0.681574	60.272217	57.315826
0.734003	57.621002	51.784515
0.786432	48.332214	44.116974
0.838861	45.051575	44.345856
0.891290	39.348602	35.514832
0.943718	54.130554	50.487518
0.996147	59.738159	54.721832
1.048576	52.375793	48.694611
1.101005	55.370331	51.441193
1.153434	50.086975	46.157837
1.205862	54.683685	48.961639
1.258291	48.828125	45.833588
1.310720	54.626465	48.713684
1.363149	49.037933	45.681000
1.415578	49.247742	45.795441
1.468006	50.392151	45.471191
1.520435	48.179626	44.670105
1.572864	51.059723	47.588348
1.625293	43.983459	42.610168
1.677722	35.305023	31.757355
1.730150	51.078796	45.356750
1.782579	54.550171	50.201416
1.835008	57.086945	51.727295
1.887437	63.419342	57.754517
1.939866	40.988922	38.776398
1.992294	67.462921	60.520172
2.044723	54.073334	49.514771
2.097152	53.462982	48.465729
2.149581	52.776337	48.599243
2.202010	42.304993	41.313171
2.254438	58.422089	51.383972
2.306867	58.593750	54.759979
2.359296	53.157806	49.953461
2.411725	43.754578	41.847229
2.464154	50.830841	46.825409
2.516582	37.841797	33.626556
2.569011	61.969757	56.858063
2.621440	43.411255	39.157867
2.673869	58.650970	51.803589
2.726298	44.288635	41.198730
2.778726	47.512054	44.212341
2.831155	59.604645	56.343079
2.883584	44.422150	40.550232
2.936013	55.217743	51.765442
2.988442	55.427551	50.163269
3.040870	58.956146	54.779053
3.093299	45.280457	42.324066
3.145728	50.315857	45.185089
3.198157	48.656464	47.874451
3.250586	54.626465	49.324036
3.303014	54.550171	47.321320
3.355443	53.863525	50.106049
3.407872	57.811737	54.721832
3.460301	41.828156	39.081573
3.512730	52.223206	47.073364
3.565158	50.487518	46.138763
3.617587	48.522949	45.127869
3.670016	50.258636	46.710968
3.722445	44.040680	42.686462
3.774874	38.967133	36.964417
3.827302	53.596497	49.648285
3.879731	60.329437	53.195953
3.932160	52.146912	46.596527
3.984589	48.675537	45.814514
4.037018	40.683746	39.157867
4.089446	47.664642	43.430328
4.141875	54.569244	50.754547
4.194304	47.416687	42.343140
4.246733	50.716400	47.054291
4.299162	51.364899	47.264099
4.351590	45.375824	41.942596
4.404019	59.623718	52.471161
4.456448	48.007965	46.100616
4.508877	54.855347	50.754547
4.561306	46.176910	41.179657
4.613734	44.384003	40.760040
4.666163	51.517487	49.190521
4.718592	44.479370	41.084290
4.771021	49.324036	46.577454
4.823450	45.738220	42.133331
4.875878	42.228699	38.681030
4.928307	46.901703	43.869019
4.980736	49.667358	48.160553
5.033165	49.724579	44.155121
5.085594	61.454773	54.454803
5.138022	61.397552	56.877136
5.190451	39.825439	37.803650
5.242880	56.781769	52.490234
5.295309	42.114258	36.678314
5.347738	46.424866	41.980743
5.400166	44.898987	39.443970
5.452595	49.915314	47.397614
5.505024	57.792664	53.787231
5.557453	41.103363	38.604736
5.609882	61.111450	56.934357
5.662310	46.501160	45.776367
5.714739	57.277679	52.146912
5.767168	48.885345	44.631958
5.819597	61.645508	60.214996
5.872026	56.629181	51.269531
5.924454	49.571991	46.062469
5.976883	58.803558	55.599213
6.029312	46.157837	42.552948
6.081741	55.522919	49.476624
6.134170	54.168701	48.522949
6.186598	47.588348	45.127869
6.239027	49.552917	48.408508
6.291456	53.672791	46.825409
6.343885	40.721893	40.378571
6.396314	51.708221	47.168732
6.448742	52.433014	50.468445
6.501171	47.683716	46.024323
6.553600	49.133301	45.661926
6.606029	70.724487	63.858032
6.658458	51.898956	49.724579
6.710886	52.471161	46.672821
6.763315	54.454803	50.086975
6.815744	59.356689	54.397583
6.868173	37.422180	36.239624
6.920602	47.206879	43.830872
6.973030	52.070618	47.073364
7.025459	63.514709	59.833527
7.077888	41.656494	37.307739
7.130317	56.056976	53.768158
7.182746	52.528381	47.130585
7.235174	56.877136	51.631927
7.287603	47.931671	42.953491
7.340032	60.634613	55.561066
7.392461	48.446655	42.133331
7.444890	45.433044	43.258667
7.497318	42.686462	40.531158
7.549747	46.291351	43.964386
7.602176	47.302246	44.612885
7.654605	49.991608	45.566559
7.707034	45.738220	40.931702
7.759462	53.539276	49.095154
7.811891	45.337677	41.198730
7.864320	69.484711	61.836243
7.916749	45.166016	41.675568
7.969178	41.255951	39.806366
8.021606	79.212189	69.637299
8.074035	52.185059	47.988892
8.126464	51.670074	45.433044
8.178893	59.814453	55.637360
8.231322	47.245026	41.561127
8.283750	52.509308	47.874451
8.336179	55.274963	52.890778
8.388608	40.626526	38.051605
8.441037	42.591095	39.196014
8.493466	45.490265	40.264130
8.545894	40.855408	37.555695
8.598323	54.626465	50.621033
8.650752	52.394867	47.798157
8.703181	52.242279	47.664642
8.755610	67.367554	61.073303
8.808038	55.103302	46.482086
8.860467	58.860779	56.018829
8.912896	42.953491	38.909912
8.965325	45.909882	45.852661
9.017754	43.048859	41.503906
9.070182	36.640167	33.111572
9.122611	58.689117	54.550171
9.175040	55.751801	49.533844
9.227469	46.367645	42.152405
9.279898	57.373047	53.005219
9.332326	47.130585	45.261383
9.384755	50.296783	45.890808
9.437184	47.264099	42.495728
9.489613	44.803619	40.626526
9.542042	47.073364	40.893555
9.594470	50.487518	45.795441
9.646899	40.416718	38.356781
9.699328	52.032471	48.484802
9.751757	54.073334	51.288605
9.804186	52.299500	46.062469
9.856614	41.313171	39.863586
9.909043	39.119720	36.144257
9.961472	45.204163	44.555664
10.013901	51.097870	46.787262
10.066330	51.250458	48.465729
10.118758	44.708252	38.223267
10.171187	55.084229	49.037933
10.223616	52.070618	47.225952
10.276045	49.591064	48.580170
10.328474	49.152374	46.310425
10.380902	49.018860	45.375824
10.433331	40.626526	38.661957
10.485760	54.626465	50.735474
10.538189	56.495667	51.822662
10.590618	45.776367	42.209625
10.643046	45.146942	41.828156
10.695475	43.582916	39.234161
10.747904	42.152405	39.596558
10.800333	42.533875	38.490295
10.852762	41.370392	38.337708
10.905190	47.550201	42.228699
10.957619	53.501129	48.065186
11.010048	54.607391	49.533844
11.062477	44.994354	40.607452
11.114906	48.522949	44.822693
11.167334	59.490204	54.397583
11.219763	34.904480	31.776428
11.272192	47.531128	44.631958
11.324621	49.667358	46.100616
11.377050	48.274994	44.593811
11.429478	41.408539	40.798187
11.481907	49.934387	44.879913
11.534336	59.986115	57.563782
11.586765	44.384003	41.751862
11.639194	55.122375	52.337646
11.691622	53.787231	48.408508
11.744051	43.315887	41.580200
11.796480	39.157867	37.345886
11.848909	49.629211	45.509338
11.901338	47.340393	42.953491
11.953766	47.054291	43.525696
12.006195	60.501099	55.446625
12.058624	55.751801	50.354004
12.111053	50.334930	49.209595
12.163482	49.228668	44.136047
12.215910	51.174164	48.294067
12.268339	48.046112	44.059753
12.320768	48.866272	45.681000
12.373197	47.149658	44.879913
12.425626	56.858063	50.354004
12.478054	54.111481	48.522949
12.530483	41.332245	37.536621
12.582912	48.332214	44.460297
12.635341	52.051544	48.789978
12.687770	51.727295	46.901703
12.740198	46.157837	43.163300
12.792627	70.381165	64.392090
12.845056	41.790009	38.394928
12.897485	46.062469	43.087006
12.949914	48.828125	43.487549
13.002342	59.051514	56.533813
13.054771	42.114258	39.215088
13.107200	45.394897	42.972565
13.159629	48.313141	41.751862
13.212058	47.721863	41.942596
13.264486	47.531128	44.116974
13.316915	48.274994	45.318604
13.369344	49.362183	45.490265
13.421773	56.781769	51.403046
13.474202	57.086945	51.155090
13.526630	46.367645	42.781830
13.579059	55.980682	51.403046
13.631488	46.272278	40.969849
13.683917	51.879883	45.528412
13.736346	52.242279	51.307678
13.788774	54.855347	51.994324
13.841203	52.356720	46.920776
13.893632	41.732788	38.509369
13.946061	48.522949	45.070648
13.998490	53.386688	48.141479
14.050918	52.566528	49.839020
14.103347	48.675537	44.364929
14.155776	43.487549	40.264130
14.208205	43.621063	40.912628
14.260634	51.307678	49.076080
14.313062	46.520233	41.637421
14.365491	43.029785	39.939880
14.417920	44.040680	41.885376
14.470349	46.901703	40.931702
14.522778	47.798157	45.032501
14.575206	50.258636	46.958923
14.627635	54.454803	48.179626
