3/3/2026	9:43 AM
Pseudo Cross Correlation
Scattering angle:	20.01
Duration (s):	15
Wavelength (nm):	660.0
Refractive index:	1.330
Viscosity (mPas):	1.000
Temperature (K):	293.1
Laser intensity (mW):	84.000000
Average Count rate  A (kHz):	206.5
Average Count rate  B (kHz):	189.2
Intercept:	0.8688
Cumulant 1st	39.8666
Cumulant 2nd	26.2167	26.1720
Cumulant 3rd	20.4566	27.5234

Lag time (s)         g2-1
1.25E-08	0.887508
2.5E-08	0.858107
3.75E-08	0.856687
5E-08	0.880407
6.25E-08	0.885236
7.5E-08	0.874441
8.75E-08	0.872595
1E-07	0.891769
1.125E-07	0.882395
1.25E-07	0.885378
1.375E-07	0.874725
1.5E-07	0.887935
1.625E-07	0.90015
1.75E-07	0.881259
1.875E-07	0.843619
2E-07	0.853846
2.125E-07	0.863504
2.375E-07	0.86528
2.625E-07	0.875577
2.875E-07	0.885307
3.125E-07	0.87366
3.375E-07	0.854769
3.625E-07	0.866771
3.875E-07	0.878418
4.125E-07	0.876252
4.625E-07	0.881543
5.125E-07	0.880123
5.625E-07	0.882928
6.125E-07	0.883035
6.625E-07	0.873483
7.125E-07	0.854947
7.625E-07	0.873625
8.125E-07	0.861232
9.125E-07	0.865583
1.0125E-06	0.869329
1.1125E-06	0.879662
1.2125E-06	0.878739
1.3125E-06	0.860559
1.4125E-06	0.873538
1.5125E-06	0.877337
1.6125E-06	0.871984
1.8125E-06	0.863497
2.0125E-06	0.866844
2.2125E-06	0.876245
2.4125E-06	0.866604
2.6125E-06	0.869126
2.8125E-06	0.867829
3.0125E-06	0.872198
3.2125E-06	0.872917
3.6125E-06	0.870964
4.0125E-06	0.868723
4.4125E-06	0.868403
4.8125E-06	0.871907
5.2125E-06	0.871476
5.6125E-06	0.867153
6.0125E-06	0.86476
6.4125E-06	0.861974
7.2125E-06	0.867966
8.0125E-06	0.867471
8.8125E-06	0.862522
9.6125E-06	0.865755
1.04125E-05	0.862611
1.12125E-05	0.866167
1.20125E-05	0.866122
1.28125E-05	0.864085
1.44125E-05	0.865891
1.60125E-05	0.865329
1.76125E-05	0.860987
1.92125E-05	0.859208
2.08125E-05	0.858582
2.24125E-05	0.858953
2.40125E-05	0.858777
2.56125E-05	0.858048
2.88125E-05	0.858521
3.20125E-05	0.854154
3.52125E-05	0.852362
3.84125E-05	0.853599
4.16125E-05	0.852665
4.48125E-05	0.849095
4.80125E-05	0.849535
5.12125E-05	0.846543
5.76125E-05	0.843539
6.40125E-05	0.842428
7.04125E-05	0.839276
7.68125E-05	0.836791
8.32125E-05	0.835002
8.96125E-05	0.83408
9.60125E-05	0.831486
0.000102413	0.828396
0.000115213	0.82319
0.000128013	0.819131
0.000140813	0.81452
0.000153613	0.80877
0.000166413	0.805523
0.000179213	0.801687
0.000192013	0.79758
0.000204813	0.793132
0.000230413	0.785001
0.000256013	0.776466
0.000281613	0.768753
0.000307213	0.761238
0.000332813	0.753211
0.000358413	0.745911
0.000384013	0.739054
0.000409613	0.732845
0.000460813	0.719328
0.000512013	0.707284
0.000563213	0.694999
0.000614413	0.684001
0.000665613	0.673489
0.000716813	0.663373
0.000768013	0.653447
0.000819213	0.643785
0.000921613	0.626733
0.00102401	0.611454
0.00112641	0.596827
0.00122881	0.583918
0.00133121	0.571978
0.00143361	0.561102
0.00153601	0.551046
0.00163841	0.541179
0.00184321	0.523713
0.00204801	0.508919
0.00225281	0.495342
0.00245761	0.481794
0.00266241	0.470091
0.00286721	0.459641
0.00307201	0.449756
0.00327681	0.440098
0.00368641	0.420176
0.00409601	0.402593
0.00450561	0.384382
0.00491521	0.366557
0.00532481	0.352562
0.00573441	0.340339
0.00614401	0.32857
0.00655361	0.318679
0.00737281	0.299468
0.00819201	0.277831
0.00901121	0.2553
0.00983041	0.239257
0.0106496	0.223584
0.0114688	0.209264
0.012288	0.195623
0.0131072	0.184908
0.0147456	0.162902
0.016384	0.141605
0.0180224	0.123944
0.0196608	0.106073
0.0212992	0.091921
0.0229376	0.0830054
0.024576	0.0768329
0.0262144	0.0667347
0.0294912	0.0568323
0.032768	0.0438444
0.0360448	0.0342962
0.0393216	0.0310698
0.0425984	0.0209536
0.0458752	0.0136696
0.049152	0.00399688
0.0524288	0.001393
0.0589824	-0.00461099
0.065536	-0.0186064
0.0720896	-0.0115758
0.0786432	-0.00218681
0.0851968	0.00669236
0.0917504	0.0020333
0.098304	0.000645931
0.104858	0.00229029
0.117965	0.0063218
0.131072	0.00141471
0.144179	0.000690091
0.157286	0.00204661
0.170394	0.0238799
0.183501	-0.000114863
0.196608	-0.0178485
0.209715	-0.00789591
0.23593	-0.0126508
0.262144	0.000986865
0.288358	-0.00478521
0.314573	0.00674388
0.340787	0.00144351
0.367002	-0.0175052
0.393216	-0.0130153
0.41943	0.00274663
0.471859	-0.0130746
0.524288	-0.0112852
0.576717	0.0046795
0.629146	0.00872809
0.681574	-0.0178887
0.734003	0.027824
0.786432	0.0288383
0.838861	0.0230321
0.943718	0.00581023
1.04858	0.000120468
1.15343	-0.0243732
1.25829	0.00307783
1.36315	0.00821755
1.46801	0.00363195
1.57286	0.0100027
1.67772	0.00602508
1.88744	0.0269312
2.09715	0.0139567
2.30687	0.0200161
2.51658	0.00364268
2.7263	0.0165427
2.93601	0.00257067
3.14573	0.0063905
3.35544	-0.0206953
3.77487	0.00172418
4.1943	-0.0153428
4.61373	-0.00620918
5.03316	-0.00670701
5.4526	-0.0217817
5.87203	-0.0158285
6.29146	-0.0368374
6.71089	-0.0269364
7.54975	-0.0350738
8.38861	-0.0467699
9.22747	-0.0248481
10.0663	-0.0217868
10.9052	-0.0046107
11.7441	0.000579239
12.5829	-0.00724216

Count Rate History (KHz)  CR CHA / CR CHB
0.000000	112.056732	105.133057
0.052429	258.083344	240.287781
0.104858	106.811523	97.007751
0.157286	396.862030	359.821320
0.209715	130.043030	120.830536
0.262144	108.356476	98.419189
0.314573	166.625977	152.225494
0.367002	124.969482	114.116669
0.419430	182.762146	168.266296
0.471859	207.767487	190.105438
0.524288	133.304596	124.454498
0.576717	206.203461	189.285278
0.629146	271.339417	248.641968
0.681574	174.674988	159.339905
0.734003	260.009766	240.859985
0.786432	139.865875	124.130249
0.838861	216.293335	198.249817
0.891290	394.325256	360.527039
0.943718	220.870972	202.617645
0.996147	75.168610	69.389343
1.048576	101.966858	92.487335
1.101005	202.217102	184.783936
1.153434	92.277527	84.781647
1.205862	111.618042	107.231140
1.258291	152.797699	140.895844
1.310720	255.470276	235.061646
1.363149	284.347534	258.407593
1.415578	127.582550	115.528107
1.468006	328.121185	301.876068
1.520435	284.080505	257.053375
1.572864	369.682312	334.625244
1.625293	129.127502	116.233826
1.677722	293.407440	273.303986
1.730150	124.893188	114.727020
1.782579	129.451752	121.688843
1.835008	151.309967	138.359070
1.887437	165.824890	153.121948
1.939866	207.004547	188.350677
1.992294	171.127319	161.037445
2.044723	122.566223	112.895966
2.097152	214.557648	199.413300
2.149581	125.007629	113.601685
2.202010	185.146332	163.955688
2.254438	172.882080	156.269073
2.306867	428.657532	388.736725
2.359296	337.181091	307.006836
2.411725	223.751068	209.598541
2.464154	113.220215	101.737976
2.516582	204.601288	186.901093
2.569011	132.045746	116.577148
2.621440	119.590759	110.111237
2.673869	137.519836	123.195648
2.726298	183.982849	166.950226
2.778726	297.737122	272.083282
2.831155	503.044128	459.556580
2.883584	304.737091	280.284882
2.936013	289.535522	264.091492
2.988442	238.208771	216.579437
3.040870	167.713165	154.285431
3.093299	158.863068	146.236420
3.145728	564.422607	517.864227
3.198157	287.609100	264.244080
3.250586	362.434387	325.450897
3.303014	165.634155	150.680542
3.355443	154.247284	138.969421
3.407872	121.231079	109.462738
3.460301	107.765198	98.457336
3.512730	150.012970	138.282776
3.565158	471.248627	429.763794
3.617587	151.786804	139.541626
3.670016	127.983093	114.135742
3.722445	383.605957	353.927612
3.774874	307.331085	280.971527
3.827302	223.503113	206.871033
3.879731	304.489136	281.372070
3.932160	160.408020	150.260925
3.984589	168.724060	154.304504
4.037018	227.165222	207.691193
4.089446	167.579651	151.748657
4.141875	194.244385	178.565979
4.194304	268.325806	250.663757
4.246733	190.715790	173.988342
4.299162	124.130249	111.141205
4.351590	235.919952	218.353271
4.404019	178.279877	164.623260
4.456448	118.446350	109.119415
4.508877	169.258118	151.081085
4.561306	314.254761	287.342072
4.613734	356.845856	322.494507
4.666163	145.053864	136.737823
4.718592	71.449280	68.168640
4.771021	88.787079	80.165863
4.823450	165.672302	153.312683
4.875878	133.934021	125.007629
4.928307	185.508728	166.931152
4.980736	234.146118	214.405060
5.033165	226.192474	208.263397
5.085594	138.339996	128.021240
5.138022	538.120270	497.837067
5.190451	156.993866	144.309998
5.242880	121.726990	117.034912
5.295309	136.394501	124.855042
5.347738	424.919128	390.663147
5.400166	321.578979	300.140381
5.452595	293.865204	274.410248
5.505024	383.071899	350.418091
5.557453	226.745605	211.029053
5.609882	133.934021	123.863220
5.662310	210.742950	187.454224
5.714739	125.579834	115.356445
5.767168	225.543976	208.034515
5.819597	123.500824	110.988617
5.872026	334.415436	308.723450
5.924454	153.179169	139.045715
5.976883	146.846771	134.944916
6.029312	99.105835	91.724396
6.081741	186.443329	168.609619
6.134170	370.254517	340.747833
6.186598	372.219086	343.055725
6.239027	168.151855	150.699615
6.291456	467.433929	417.919159
6.343885	107.135773	100.727081
6.396314	220.012665	202.713013
6.448742	391.464233	352.516174
6.501171	157.051086	146.160126
6.553600	125.770569	112.934113
6.606029	132.827759	120.258331
6.658458	85.048676	76.255798
6.710886	202.064514	186.824799
6.763315	114.707947	106.964111
6.815744	142.135620	128.040314
6.868173	160.675049	147.514343
6.920602	330.924988	300.693512
6.973030	204.830170	190.544128
7.025459	156.955719	144.157410
7.077888	112.686157	106.449127
7.130317	100.460052	94.013214
7.182746	255.928040	238.037109
7.235174	220.947266	206.260681
7.287603	113.945007	106.964111
7.340032	336.894989	305.633545
7.392461	194.129944	175.018311
7.444890	375.690460	349.845886
7.497318	292.167664	266.361237
7.549747	259.914398	234.813690
7.602176	165.367126	150.451660
7.654605	202.064514	183.773041
7.707034	131.263733	118.026733
7.759462	211.524963	195.064545
7.811891	222.110748	200.462341
7.864320	147.209167	134.048462
7.916749	78.525543	72.479248
7.969178	395.736694	360.317230
8.021606	172.576904	158.615112
8.074035	241.127014	219.554901
8.126464	346.641541	315.551758
8.178893	222.778320	197.105408
8.231322	388.240814	354.080200
8.283750	314.693451	286.502838
8.336179	213.565826	200.519562
8.388608	177.116394	158.004761
8.441037	243.263245	218.238831
8.493466	127.849579	115.947723
8.545894	188.827515	176.277161
8.598323	155.258179	142.002106
8.650752	146.293640	138.473511
8.703181	133.094788	122.261047
8.755610	110.321045	104.141235
8.808038	203.094482	185.871124
8.860467	152.168274	143.203735
8.912896	130.500793	116.863251
8.965325	181.922913	160.388947
9.017754	170.364380	159.568787
9.070182	156.421661	142.116547
9.122611	200.881958	182.590485
9.175040	137.424469	126.705170
9.227469	148.029327	136.013031
9.279898	240.592957	221.385956
9.332326	123.176575	116.920471
9.384755	128.555298	118.465424
9.437184	114.936829	107.288361
9.489613	73.680878	70.152283
9.542042	208.435059	194.282532
9.594470	360.164642	324.993134
9.646899	78.601837	76.446533
9.699328	87.032318	79.193115
9.751757	116.901398	107.498169
9.804186	262.641907	240.058899
9.856614	428.161621	395.889282
9.909043	279.750824	254.020691
9.961472	263.462067	243.644714
10.013901	161.838531	151.443481
10.066330	151.233673	137.825012
10.118758	210.437775	191.211700
10.171187	461.673737	420.398712
10.223616	184.898376	169.906616
10.276045	196.208954	182.571411
10.328474	137.805939	129.184723
10.380902	109.748840	101.661682
10.433331	422.668457	384.654999
10.485760	174.007416	155.448914
10.538189	89.340210	83.122253
10.590618	114.860535	106.430054
10.643046	230.770111	210.971832
10.695475	157.737732	141.315460
10.747904	165.481567	148.658752
10.800333	155.391693	141.162872
10.852762	218.849182	202.484131
10.905190	327.186584	297.451019
10.957619	93.307495	83.770752
11.010048	169.296265	155.162811
11.062477	136.718750	121.040344
11.114906	308.628082	281.066895
11.167334	195.121765	180.549622
11.219763	238.933563	219.154358
11.272192	271.930695	250.759125
11.324621	169.124603	156.421661
11.377050	188.732147	170.269012
11.429478	154.304504	142.650604
11.481907	230.617523	209.712982
11.534336	134.773254	119.590759
11.586765	194.396973	178.718567
11.639194	97.217560	92.849731
11.691622	214.004517	195.579529
11.744051	308.132172	286.369324
11.796480	387.916565	352.001190
11.848909	158.805847	144.844055
11.901338	412.483215	378.074646
11.953766	338.115692	309.658051
12.006195	221.920013	203.342438
12.058624	246.315002	224.914551
12.111053	79.269409	71.792603
12.163482	205.326080	190.525055
12.215910	170.879364	157.432556
12.268339	114.288330	106.296539
12.320768	96.397400	89.645386
12.373197	157.623291	141.448975
12.425626	168.151855	152.854919
12.478054	118.865967	107.879639
12.530483	241.203308	222.969055
12.582912	174.541473	157.890320
12.635341	101.108551	93.536377
12.687770	225.944519	211.849213
12.740198	257.930756	233.478546
12.792627	208.549500	188.694000
12.845056	116.825104	111.541748
12.897485	274.429321	251.865387
12.949914	260.429382	245.056152
13.002342	114.421844	106.544495
13.054771	100.040436	93.383789
13.107200	188.388824	171.356201
13.159629	116.863251	111.503601
13.212058	248.069763	229.473114
13.264486	249.004364	222.969055
13.316915	183.734894	165.271759
13.369344	132.484436	120.658875
13.421773	130.100250	124.988556
13.474202	262.641907	242.938995
13.526630	409.851074	376.358032
13.579059	150.394440	139.274597
13.631488	292.472839	270.347595
13.683917	161.819458	145.568848
13.736346	109.462738	102.519989
13.788774	236.129761	221.061707
13.841203	137.157440	122.394562
13.893632	333.518982	303.783417
13.946061	344.543457	316.677094
13.998490	167.007446	155.811310
14.050918	290.260315	270.214081
14.103347	140.857697	130.004883
14.155776	235.977173	213.069916
14.208205	153.427124	141.410828
14.260634	175.628662	162.429810
14.313062	222.148895	203.552246
14.365491	102.806091	91.629028
