3/3/2026	9:57 AM
Pseudo Cross Correlation
Scattering angle:	48.01
Duration (s):	15
Wavelength (nm):	660.0
Refractive index:	1.330
Viscosity (mPas):	1.001
Temperature (K):	293.2
Laser intensity (mW):	84.000000
Average Count rate  A (kHz):	75.9
Average Count rate  B (kHz):	69.7
Intercept:	0.8971
Cumulant 1st	34.1135
Cumulant 2nd	22.4281	20.8367
Cumulant 3rd	17.1809	21.5127

Lag time (s)         g2-1
1.25E-08	0.820382
2.5E-08	0.85537
3.75E-08	0.939752
5E-08	0.927403
6.25E-08	0.936664
7.5E-08	0.960332
8.75E-08	0.893444
1E-07	0.990175
1.125E-07	0.911967
1.25E-07	0.895503
1.375E-07	0.928432
1.5E-07	0.89859
1.625E-07	0.890357
1.75E-07	0.951071
1.875E-07	0.947984
2E-07	0.88727
2.125E-07	0.86566
2.375E-07	0.870805
2.625E-07	0.907337
2.875E-07	0.866689
3.125E-07	0.873893
3.375E-07	0.926374
3.625E-07	0.885212
3.875E-07	0.903735
4.125E-07	0.90605
4.625E-07	0.888814
5.125E-07	0.912996
5.625E-07	0.868233
6.125E-07	0.882639
6.625E-07	0.904764
7.125E-07	0.894988
7.625E-07	0.897818
8.125E-07	0.918013
9.125E-07	0.898075
1.0125E-06	0.910038
1.1125E-06	0.896917
1.2125E-06	0.880967
1.3125E-06	0.892544
1.4125E-06	0.904121
1.5125E-06	0.890872
1.6125E-06	0.887206
1.8125E-06	0.900005
2.0125E-06	0.891515
2.2125E-06	0.883025
2.4125E-06	0.88965
2.6125E-06	0.894152
2.8125E-06	0.891451
3.0125E-06	0.897882
3.2125E-06	0.899554
3.6125E-06	0.880195
4.0125E-06	0.888331
4.4125E-06	0.887045
4.8125E-06	0.874085
5.2125E-06	0.881257
5.6125E-06	0.874761
6.0125E-06	0.884601
6.4125E-06	0.879343
7.2125E-06	0.876738
8.0125E-06	0.874857
8.8125E-06	0.87624
9.6125E-06	0.880388
1.04125E-05	0.870709
1.12125E-05	0.859968
1.20125E-05	0.862573
1.28125E-05	0.859188
1.44125E-05	0.855305
1.60125E-05	0.850385
1.76125E-05	0.856471
1.92125E-05	0.842297
2.08125E-05	0.844621
2.24125E-05	0.83954
2.40125E-05	0.840135
2.56125E-05	0.834358
2.88125E-05	0.826922
3.20125E-05	0.815301
3.52125E-05	0.809906
3.84125E-05	0.798028
4.16125E-05	0.798816
4.48125E-05	0.78496
4.80125E-05	0.780993
5.12125E-05	0.776649
5.76125E-05	0.766698
6.40125E-05	0.752189
7.04125E-05	0.742224
7.68125E-05	0.730227
8.32125E-05	0.719077
8.96125E-05	0.708846
9.60125E-05	0.702072
0.000102413	0.689983
0.000115213	0.673397
0.000128013	0.654335
0.000140813	0.639539
0.000153613	0.626758
0.000166413	0.613092
0.000179213	0.601457
0.000192013	0.592013
0.000204813	0.579584
0.000230413	0.559171
0.000256013	0.539201
0.000281613	0.522975
0.000307213	0.508394
0.000332813	0.495829
0.000358413	0.486978
0.000384013	0.474854
0.000409613	0.4671
0.000460813	0.447406
0.000512013	0.432195
0.000563213	0.418036
0.000614413	0.404341
0.000665613	0.391084
0.000716813	0.379898
0.000768013	0.367485
0.000819213	0.357225
0.000921613	0.337873
0.00102401	0.321563
0.00112641	0.304738
0.00122881	0.289963
0.00133121	0.276095
0.00143361	0.263199
0.00153601	0.25179
0.00163841	0.239395
0.00184321	0.218697
0.00204801	0.19678
0.00225281	0.178978
0.00245761	0.164355
0.00266241	0.150527
0.00286721	0.138674
0.00307201	0.129631
0.00327681	0.120354
0.00368641	0.107903
0.00409601	0.0931541
0.00450561	0.0819507
0.00491521	0.0711896
0.00532481	0.0601639
0.00573441	0.0529194
0.00614401	0.0464278
0.00655361	0.0392222
0.00737281	0.0277608
0.00819201	0.0203818
0.00901121	0.0128134
0.00983041	0.00788138
0.0106496	0.00892088
0.0114688	0.00992506
0.012288	0.00863976
0.0131072	0.00749643
0.0147456	0.00339406
0.016384	0.00274314
0.0180224	0.0102101
0.0196608	0.0133387
0.0212992	0.00373096
0.0229376	0.00177242
0.024576	0.000511324
0.0262144	0.00209311
0.0294912	0.00347515
0.032768	0.000548612
0.0360448	-0.00158374
0.0393216	-0.000160868
0.0425984	-0.00484682
0.0458752	0.00233145
0.049152	0.00708737
0.0524288	0.0110304
0.0589824	-0.0064454
0.065536	0.00530525
0.0720896	0.0111129
0.0786432	0.00650901
0.0851968	0.00691852
0.0917504	0.00224326
0.098304	0.00178233
0.104858	0.0076353
0.117965	0.00733731
0.131072	0.00647871
0.144179	0.0012706
0.157286	0.000472994
0.170394	-0.00208618
0.183501	0.00363619
0.196608	-0.00189975
0.209715	-0.00431013
0.23593	0.00120303
0.262144	0.00258354
0.288358	-0.00532803
0.314573	-0.00196023
0.340787	-0.000784005
0.367002	-0.00929698
0.393216	-0.00670884
0.41943	-0.000588768
0.471859	0.000493066
0.524288	-0.00247356
0.576717	-0.00446509
0.629146	-0.00176985
0.681574	-0.00121246
0.734003	-0.000445305
0.786432	-0.00138865
0.838861	-0.00159598
0.943718	-0.0054531
1.04858	-0.00679181
1.15343	-0.00554266
1.25829	-0.00740408
1.36315	-0.00466719
1.46801	-0.00887736
1.57286	-0.00759668
1.67772	-0.00741701
1.88744	-0.006737
2.09715	-0.00561786
2.30687	-0.0065577
2.51658	-0.00487346
2.7263	-0.00447011
2.93601	-0.00563
3.14573	-0.00485116
3.35544	-0.00544777
3.77487	-0.00490828
4.1943	-0.000199582
4.61373	0.00150977
5.03316	-0.00958423
5.4526	-0.00364479
5.87203	-0.0016733
6.29146	-0.00392233
6.71089	-0.00552537
7.54975	-0.00243908
8.38861	0.00190965
9.22747	0.00515268
10.0663	-0.00950248
10.9052	-0.029584
11.7441	-0.0448012
12.5829	-0.0530738

Count Rate History (KHz)  CR CHA / CR CHB
0.000000	74.558258	68.550110
0.052429	54.759979	51.040649
0.104858	72.822571	69.446564
0.157286	86.822510	79.975128
0.209715	68.759918	64.945221
0.262144	93.803406	87.547302
0.314573	61.321259	56.858063
0.367002	64.964294	57.144165
0.419430	71.563721	65.479279
0.471859	160.217285	145.435333
0.524288	84.743500	76.389313
0.576717	68.416595	63.095093
0.629146	63.495636	57.353973
0.681574	78.315735	74.462891
0.734003	104.980469	97.465515
0.786432	89.607239	81.005096
0.838861	82.454681	76.847076
0.891290	83.160400	76.313019
0.943718	90.446472	83.999634
0.996147	63.228607	56.877136
1.048576	70.075989	65.593719
1.101005	85.792542	77.552795
1.153434	66.108704	60.043335
1.205862	107.364655	96.683502
1.258291	63.400269	58.155060
1.310720	93.193054	86.612701
1.363149	83.847046	77.991486
1.415578	63.819885	61.321259
1.468006	91.056824	80.089569
1.520435	55.294037	52.833557
1.572864	73.223114	70.095062
1.625293	105.304718	96.473694
1.677722	68.759918	66.299438
1.730150	59.337616	53.386688
1.782579	76.961517	71.773529
1.835008	72.727203	68.988800
1.887437	73.375702	66.242218
1.939866	61.931610	55.637360
1.992294	52.776337	48.828125
2.044723	80.947876	76.618195
2.097152	72.593689	64.735413
2.149581	54.950714	52.185059
2.202010	81.825256	73.318481
2.254438	69.522858	61.244965
2.306867	84.362030	80.814362
2.359296	66.757202	61.550140
2.411725	56.819916	54.607391
2.464154	77.648163	69.484711
2.516582	83.999634	75.931549
2.569011	89.149475	80.966949
2.621440	78.754425	70.514679
2.673869	69.942474	65.670013
2.726298	78.220367	71.372986
2.778726	64.678192	58.822632
2.831155	61.378479	56.495667
2.883584	104.141235	96.797943
2.936013	64.468384	56.095123
2.988442	61.950684	56.114197
3.040870	76.828003	71.029663
3.093299	87.604523	79.841614
3.145728	58.803558	54.645538
3.198157	73.757172	67.920685
3.250586	98.018646	92.086792
3.303014	85.506439	80.184937
3.355443	93.002319	85.544586
3.407872	86.326599	78.010559
3.460301	79.555511	75.149536
3.512730	55.122375	52.146912
3.565158	81.024170	77.114105
3.617587	74.768066	67.558289
3.670016	66.871643	63.800812
3.722445	57.220459	50.563812
3.774874	60.081482	57.506561
3.827302	56.686401	54.130554
3.879731	79.803467	71.582794
3.932160	79.116821	72.612762
3.984589	69.999695	63.781738
4.037018	62.847137	57.716370
4.089446	78.907013	71.506500
4.141875	65.689087	58.574677
4.194304	105.209351	92.506409
4.246733	63.419342	58.250427
4.299162	65.097809	62.294006
4.351590	58.841705	55.942535
4.404019	69.942474	61.454773
4.456448	70.209503	64.868927
4.508877	48.351288	44.765472
4.561306	67.710876	62.122345
4.613734	103.168488	94.108582
4.666163	68.130493	64.048767
4.718592	177.574158	163.135529
4.771021	82.511902	73.451996
4.823450	94.871521	83.675385
4.875878	108.528137	99.525452
4.928307	62.942505	58.536530
4.980736	99.964142	88.443756
5.033165	84.152222	75.740814
5.085594	64.277649	60.768127
5.138022	63.037872	55.999756
5.190451	76.560974	66.795349
5.242880	63.362122	58.498383
5.295309	57.106018	53.653717
5.347738	58.898926	54.073334
5.400166	55.561066	50.754547
5.452595	62.980652	58.212280
5.505024	70.571899	66.833496
5.557453	64.067841	63.362122
5.609882	87.146759	81.481934
5.662310	50.830841	46.787262
5.714739	70.171356	64.716339
5.767168	55.103302	51.937103
5.819597	105.476379	93.669891
5.872026	74.539185	68.225861
5.924454	72.422028	67.939758
5.976883	104.312897	94.890594
6.029312	94.661713	89.187622
6.081741	48.408508	46.482086
6.134170	105.495453	95.443726
6.186598	52.623749	49.381256
6.239027	80.871582	74.195862
6.291456	58.212280	52.185059
6.343885	82.035065	75.130463
6.396314	76.637268	70.438385
6.448742	77.304840	69.408417
6.501171	57.926178	55.141449
6.553600	74.729919	64.716339
6.606029	104.351044	95.405579
6.658458	88.481903	80.547333
6.710886	97.007751	90.026855
6.763315	64.640045	57.201385
6.815744	77.419281	69.065094
6.868173	73.013306	64.868927
6.920602	80.432892	74.138641
6.973030	61.187744	57.430267
7.025459	70.552826	65.326691
7.077888	60.157776	52.757263
7.130317	74.844360	67.214966
7.182746	62.694550	56.743622
7.235174	62.484741	59.604645
7.287603	58.116913	54.435730
7.340032	109.367371	98.934174
7.392461	78.144073	70.590973
7.444890	65.402985	61.187744
7.497318	84.400177	77.190399
7.549747	61.950684	56.781769
7.602176	136.089325	124.320984
7.654605	74.615479	69.637299
7.707034	57.716370	53.005219
7.759462	69.313049	65.212250
7.811891	44.956207	43.144226
7.864320	53.272247	47.779083
7.916749	84.304810	78.544617
7.969178	56.171417	49.667358
8.021606	84.648132	81.634521
8.074035	54.473877	52.452087
8.126464	82.073212	72.917938
8.178893	56.571960	53.405762
8.231322	77.381134	72.994232
8.283750	97.751617	87.738037
8.336179	76.866150	72.116852
8.388608	93.441010	84.400177
8.441037	83.065033	74.863434
8.493466	84.152222	78.983307
8.545894	59.432983	52.280426
8.598323	65.536499	58.822632
8.650752	69.274902	64.258575
8.703181	67.481995	62.446594
8.755610	81.710815	72.994232
8.808038	79.307556	72.460175
8.860467	79.364777	72.689056
8.912896	86.154938	77.514648
8.965325	52.146912	48.160553
9.017754	70.018768	65.612793
9.070182	73.280334	68.931580
9.122611	76.313019	70.133209
9.175040	89.836121	81.310272
9.227469	106.697083	95.767975
9.279898	89.111328	77.037811
9.332326	87.223053	79.441071
9.384755	87.680817	84.896088
9.437184	83.122253	74.291229
9.489613	79.879761	72.345734
9.542042	72.288513	64.735413
9.594470	51.174164	46.577454
9.646899	88.634491	82.702637
9.699328	81.291199	73.204041
9.751757	71.296692	65.670013
9.804186	85.010529	74.768066
9.856614	83.179474	74.234009
9.909043	69.675446	66.127777
9.961472	91.094971	82.149506
10.013901	102.462769	90.732574
10.066330	84.476471	77.972412
10.118758	74.005127	67.234039
10.171187	66.547394	57.868958
10.223616	70.705414	63.495636
10.276045	69.675446	65.078735
10.328474	82.263947	79.231262
10.380902	79.097748	71.754456
10.433331	127.449036	117.340088
10.485760	148.735046	132.637024
10.538189	78.563690	70.247650
10.590618	90.618134	84.285736
10.643046	67.863464	63.648224
10.695475	60.157776	54.779053
10.747904	66.204071	62.618256
10.800333	78.086853	69.503784
10.852762	56.095123	52.547455
10.905190	82.798004	76.255798
10.957619	68.950653	65.498352
11.010048	82.626343	79.803467
11.062477	93.555450	87.318420
11.114906	90.312958	82.912445
11.167334	76.007843	69.808960
11.219763	83.389282	75.569153
11.272192	67.501068	61.035156
11.324621	104.293823	95.539093
11.377050	65.860748	62.770844
11.429478	68.817139	63.476563
11.481907	82.283020	75.626373
11.534336	61.225891	53.787231
11.586765	67.825317	64.277649
11.639194	62.274933	55.675507
11.691622	61.340332	56.667328
11.744051	75.130463	69.561005
11.796480	73.032379	69.503784
11.848909	61.988831	59.204102
11.901338	65.307617	58.441162
11.953766	112.495422	106.620789
12.006195	76.274872	71.716309
12.058624	61.511993	54.416656
12.111053	51.517487	50.449371
12.163482	70.247650	65.021515
12.215910	63.018799	57.792664
12.268339	69.541931	65.422058
12.320768	75.817108	67.901611
12.373197	60.539246	58.193207
12.425626	111.408234	104.732513
12.478054	82.073212	71.926117
12.530483	58.040619	52.337646
12.582912	59.661865	54.187775
12.635341	65.536499	60.672760
12.687770	67.806244	63.781738
12.740198	65.097809	60.806274
12.792627	68.416595	61.912537
12.845056	66.547394	59.452057
12.897485	72.135925	66.452026
12.949914	76.065063	68.683624
13.002342	76.637268	68.759918
13.054771	66.165924	61.836243
13.107200	73.795319	67.634583
13.159629	91.838837	86.288452
13.212058	74.596405	65.517426
13.264486	59.185028	53.386688
13.316915	88.405609	84.171295
13.369344	63.457489	58.517456
13.421773	77.419281	70.209503
13.474202	80.528259	76.484680
13.526630	59.318542	55.160522
13.579059	88.882446	81.100464
13.631488	60.310364	54.111481
13.683917	84.819794	79.822540
13.736346	80.852509	77.514648
13.788774	68.473816	64.105988
13.841203	56.705475	51.631927
13.893632	62.561035	57.067871
13.946061	69.599152	66.146851
13.998490	72.040558	64.086914
14.050918	79.212189	70.247650
14.103347	61.111450	56.304932
14.155776	72.536469	67.195892
14.208205	82.130432	78.029633
14.260634	121.459961	115.337372
14.313062	63.152313	56.514740
14.365491	88.405609	81.100464
14.417920	67.443848	59.432983
14.470349	54.512024	51.021576
14.522778	64.964294	59.070587
14.575206	66.337585	60.272217
14.627635	105.533600	95.787048
