3/3/2026	9:58 AM
Pseudo Cross Correlation
Scattering angle:	48.01
Duration (s):	15
Wavelength (nm):	660.0
Refractive index:	1.330
Viscosity (mPas):	1.001
Temperature (K):	293.2
Laser intensity (mW):	84.000000
Average Count rate  A (kHz):	85.0
Average Count rate  B (kHz):	78.2
Intercept:	0.9318
Cumulant 1st	41.4390
Cumulant 2nd	26.6832	26.5162
Cumulant 3rd	20.2843	27.3061

Lag time (s)         g2-1
1.25E-08	0.955802
2.5E-08	0.881147
3.75E-08	0.939395
5E-08	0.870482
6.25E-08	0.935293
7.5E-08	0.980414
8.75E-08	0.940215
1E-07	0.935293
1.125E-07	0.998463
1.25E-07	0.954982
1.375E-07	0.941856
1.5E-07	0.895914
1.625E-07	0.985336
1.75E-07	0.898375
1.875E-07	0.858176
2E-07	0.914783
2.125E-07	0.90822
2.375E-07	0.944727
2.625E-07	0.988208
2.875E-07	0.92832
3.125E-07	0.957443
3.375E-07	1.00215
3.625E-07	0.904528
3.875E-07	0.905759
4.125E-07	0.943497
4.625E-07	0.96175
5.125E-07	0.915809
5.625E-07	0.9718
6.125E-07	0.909656
6.625E-07	0.922577
7.125E-07	0.90904
7.625E-07	0.942881
8.125E-07	0.942266
9.125E-07	0.926576
1.0125E-06	0.926166
1.1125E-06	0.930268
1.2125E-06	0.937344
1.3125E-06	0.958879
1.4125E-06	0.940625
1.5125E-06	0.934883
1.6125E-06	0.926525
1.8125E-06	0.919295
2.0125E-06	0.937087
2.2125E-06	0.940574
2.4125E-06	0.925602
2.6125E-06	0.920372
2.8125E-06	0.920423
3.0125E-06	0.931499
3.2125E-06	0.936549
3.6125E-06	0.933421
4.0125E-06	0.930832
4.4125E-06	0.928525
4.8125E-06	0.936062
5.2125E-06	0.913681
5.6125E-06	0.91386
6.0125E-06	0.926448
6.4125E-06	0.92
7.2125E-06	0.911912
8.0125E-06	0.918757
8.8125E-06	0.907182
9.6125E-06	0.914116
1.04125E-05	0.911335
1.12125E-05	0.9024
1.20125E-05	0.908348
1.28125E-05	0.899766
1.44125E-05	0.900189
1.60125E-05	0.890716
1.76125E-05	0.896568
1.92125E-05	0.887447
2.08125E-05	0.887556
2.24125E-05	0.880668
2.40125E-05	0.872547
2.56125E-05	0.873002
2.88125E-05	0.869227
3.20125E-05	0.86251
3.52125E-05	0.842318
3.84125E-05	0.846311
4.16125E-05	0.84621
4.48125E-05	0.840243
4.80125E-05	0.833686
5.12125E-05	0.822721
5.76125E-05	0.814365
6.40125E-05	0.800053
7.04125E-05	0.791631
7.68125E-05	0.778303
8.32125E-05	0.767282
8.96125E-05	0.758331
9.60125E-05	0.751199
0.000102413	0.741954
0.000115213	0.726337
0.000128013	0.711803
0.000140813	0.698078
0.000153613	0.684489
0.000166413	0.67109
0.000179213	0.660438
0.000192013	0.650325
0.000204813	0.638339
0.000230413	0.622102
0.000256013	0.604198
0.000281613	0.590469
0.000307213	0.576981
0.000332813	0.563567
0.000358413	0.553622
0.000384013	0.543245
0.000409613	0.532029
0.000460813	0.513016
0.000512013	0.495774
0.000563213	0.479346
0.000614413	0.467517
0.000665613	0.453783
0.000716813	0.441352
0.000768013	0.430217
0.000819213	0.41928
0.000921613	0.3989
0.00102401	0.378694
0.00112641	0.35977
0.00122881	0.343814
0.00133121	0.329407
0.00143361	0.31478
0.00153601	0.299927
0.00163841	0.286243
0.00184321	0.26108
0.00204801	0.241783
0.00225281	0.221489
0.00245761	0.203869
0.00266241	0.186267
0.00286721	0.173832
0.00307201	0.161803
0.00327681	0.147849
0.00368641	0.127682
0.00409601	0.113565
0.00450561	0.100096
0.00491521	0.0882509
0.00532481	0.0772704
0.00573441	0.0714479
0.00614401	0.0658163
0.00655361	0.0589442
0.00737281	0.0486105
0.00819201	0.0399464
0.00901121	0.0332557
0.00983041	0.0237031
0.0106496	0.0202652
0.0114688	0.0113723
0.012288	0.00773031
0.0131072	0.00233583
0.0147456	-0.00967008
0.016384	-0.0111831
0.0180224	-0.0100732
0.0196608	-0.00862379
0.0212992	-7.59937E-06
0.0229376	-0.00314177
0.024576	-0.0143569
0.0262144	-0.0144585
0.0294912	-0.0130113
0.032768	-0.00712749
0.0360448	-0.00447184
0.0393216	0.00637156
0.0425984	0.00899262
0.0458752	0.00968578
0.049152	0.00856153
0.0524288	0.0110809
0.0589824	0.00428311
0.065536	-0.00635807
0.0720896	-0.00320616
0.0786432	-0.00847023
0.0851968	-0.0104111
0.0917504	-0.00647627
0.098304	-0.00707457
0.104858	-0.00776358
0.117965	-0.00183994
0.131072	-0.00192654
0.144179	-0.00487516
0.157286	-0.00378737
0.170394	0.00409291
0.183501	0.0107572
0.196608	0.0101374
0.209715	0.00547985
0.23593	0.0125151
0.262144	0.00734752
0.288358	0.00364258
0.314573	0.000886965
0.340787	-0.00299552
0.367002	0.00605895
0.393216	0.00554227
0.41943	0.00456322
0.471859	0.000147067
0.524288	0.00237727
0.576717	0.00954489
0.629146	0.00648567
0.681574	0.0023315
0.734003	0.00110557
0.786432	0.0107304
0.838861	0.0100638
0.943718	-0.00019282
1.04858	0.00911944
1.15343	0.00141566
1.25829	0.0077866
1.36315	0.00269074
1.46801	0.0085862
1.57286	0.00696645
1.67772	0.00615932
1.88744	0.00870294
2.09715	0.0113359
2.30687	0.0129736
2.51658	0.0122531
2.7263	0.0140215
2.93601	0.0159432
3.14573	0.0167164
3.35544	0.0184254
3.77487	0.0225776
4.1943	0.0232495
4.61373	0.0280501
5.03316	0.0283293
5.4526	0.0251766
5.87203	0.0231804
6.29146	0.0235271
6.71089	0.0216389
7.54975	0.0276533
8.38861	0.0335065
9.22747	0.0537655
10.0663	0.0566155
10.9052	0.0439014
11.7441	0.0652192
12.5829	0.107854

Count Rate History (KHz)  CR CHA / CR CHB
0.000000	83.122253	74.348450
0.052429	76.293945	71.563721
0.104858	79.841614	75.874329
0.157286	68.969727	63.858032
0.209715	82.492828	75.206757
0.262144	94.299316	86.212158
0.314573	119.609833	115.451813
0.367002	59.585571	52.585602
0.419430	46.749115	42.533875
0.471859	67.272186	63.533783
0.524288	82.511902	73.242188
0.576717	92.449188	82.435608
0.629146	87.146759	79.746246
0.681574	70.819855	61.264038
0.734003	80.451965	74.615479
0.786432	84.838867	78.735352
0.838861	61.702728	58.383942
0.891290	87.051392	80.699921
0.943718	78.449249	74.844360
0.996147	85.868835	77.552795
1.048576	96.073151	89.912415
1.101005	68.664551	62.122345
1.153434	94.909668	87.699890
1.205862	61.569214	57.411194
1.258291	79.994202	73.986053
1.310720	80.242157	71.353912
1.363149	55.522919	52.509308
1.415578	106.925964	98.628998
1.468006	69.141388	62.427521
1.520435	65.689087	58.212280
1.572864	87.757111	80.451965
1.625293	108.699799	98.438263
1.677722	79.097748	74.768066
1.730150	68.454742	63.648224
1.782579	58.822632	52.795410
1.835008	104.331970	94.928741
1.887437	55.999756	51.708221
1.939866	76.007843	70.343018
1.992294	83.656311	78.220367
2.044723	64.830780	58.784485
2.097152	60.253143	57.678223
2.149581	64.582825	59.375763
2.202010	88.043213	82.817078
2.254438	93.841553	83.389282
2.306867	64.907074	58.727264
2.359296	96.015930	86.421967
2.411725	84.190369	79.135895
2.464154	91.514587	83.866119
2.516582	87.604523	79.326630
2.569011	87.165833	81.176758
2.621440	97.007751	89.588165
2.673869	79.002380	71.220398
2.726298	78.887939	73.375702
2.778726	68.988800	66.490173
2.831155	105.075836	95.329285
2.883584	79.746246	72.250366
2.936013	67.901611	61.607361
2.988442	73.528290	68.626404
3.040870	87.547302	78.620911
3.093299	66.947937	60.825348
3.145728	90.389252	82.817078
3.198157	98.800659	95.176697
3.250586	67.729950	64.888000
3.303014	89.187622	81.367493
3.355443	64.678192	58.689117
3.407872	71.086884	66.146851
3.460301	80.871582	75.340271
3.512730	76.751709	68.264008
3.565158	74.615479	71.601868
3.617587	72.174072	67.043304
3.670016	72.727203	66.204071
3.722445	104.293823	94.184875
3.774874	88.748932	81.233978
3.827302	61.416626	57.125092
3.879731	106.697083	100.402832
3.932160	59.394836	56.209564
3.984589	69.770813	60.844421
4.037018	78.907013	71.487427
4.089446	116.443634	105.800629
4.141875	58.956146	55.751801
4.194304	54.492950	52.547455
4.246733	68.988800	61.969757
4.299162	69.046021	64.411163
4.351590	92.716217	83.255768
4.404019	83.541870	74.768066
4.456448	124.149323	114.650726
4.508877	60.844421	55.732727
4.561306	77.590942	71.964264
4.613734	90.923309	83.923340
4.666163	89.893341	82.530975
4.718592	113.525391	101.623535
4.771021	85.391998	77.342987
4.823450	91.705322	83.885193
4.875878	119.171143	107.975006
4.928307	68.950653	61.950684
4.980736	58.135986	53.482056
5.033165	112.304688	104.179382
5.085594	98.190308	91.304779
5.138022	72.860718	69.274902
5.190451	76.675415	70.819855
5.242880	111.408234	101.470947
5.295309	66.432953	61.740875
5.347738	118.942261	107.803345
5.400166	72.040558	67.234039
5.452595	91.400146	83.274841
5.505024	99.773407	92.239380
5.557453	114.555359	105.648041
5.609882	71.220398	65.288544
5.662310	87.509155	81.996918
5.714739	58.097839	53.977966
5.767168	92.105865	83.084106
5.819597	82.111359	74.481964
5.872026	104.503632	96.797943
5.924454	79.307556	73.165894
5.976883	60.062408	57.907104
6.029312	89.931488	84.609985
6.081741	98.648071	87.299347
6.134170	64.411163	59.051514
6.186598	82.149506	75.225830
6.239027	118.312836	106.639862
6.291456	62.046051	57.392120
6.343885	87.299347	82.225800
6.396314	122.547150	112.018585
6.448742	87.318420	78.392029
6.501171	68.454742	60.367584
6.553600	71.487427	65.765381
6.606029	137.195587	125.637054
6.658458	105.991364	99.449158
6.710886	65.765381	59.432983
6.763315	55.522919	52.032471
6.815744	85.010529	81.195831
6.868173	77.590942	75.130463
6.920602	76.389313	69.141388
6.973030	84.304810	78.849792
7.025459	157.546997	146.980286
7.077888	81.043243	75.016022
7.130317	63.858032	58.326721
7.182746	68.054199	62.389374
7.235174	62.656403	54.302216
7.287603	98.915100	91.133118
7.340032	59.928894	53.691864
7.392461	79.784393	75.263977
7.444890	83.026886	76.274872
7.497318	117.797852	111.217499
7.549747	87.165833	81.558228
7.602176	73.299408	68.168640
7.654605	69.866180	63.629150
7.707034	100.479126	89.607239
7.759462	80.108643	70.800781
7.811891	68.912506	61.454773
7.864320	88.157654	81.443787
7.916749	76.293945	68.302155
7.969178	56.762695	53.234100
8.021606	108.089447	98.266602
8.074035	102.634430	93.059540
8.126464	84.228516	77.495575
8.178893	62.618256	56.667328
8.231322	54.473877	50.983429
8.283750	131.664276	124.111176
8.336179	85.506439	77.457428
8.388608	86.326599	78.945160
8.441037	61.702728	60.558319
8.493466	75.626373	71.353912
8.545894	87.947845	83.808899
8.598323	88.806152	82.416534
8.650752	71.983337	67.310333
8.703181	79.174042	73.699951
8.755610	79.383850	72.727203
8.808038	64.868927	60.176849
8.860467	72.517395	69.541931
8.912896	97.694397	90.332031
8.965325	69.446564	63.629150
9.017754	51.994324	46.348572
9.070182	58.822632	52.604675
9.122611	72.612762	69.484711
9.175040	91.209412	83.503723
9.227469	67.977905	62.332153
9.279898	71.430206	65.765381
9.332326	65.135956	58.956146
9.384755	86.898804	79.574585
9.437184	80.471039	71.258545
9.489613	72.174072	64.105988
9.542042	132.350922	123.138428
9.594470	75.626373	71.258545
9.646899	101.528168	94.337463
9.699328	104.179382	94.966888
9.751757	96.950531	91.457367
9.804186	104.465485	96.530914
9.856614	62.866211	59.623718
9.909043	79.193115	73.146820
9.961472	120.449066	111.351013
10.013901	89.817047	82.530975
10.066330	82.645416	72.822571
10.118758	123.462677	109.291077
10.171187	97.618103	86.212158
10.223616	117.225647	104.961395
10.276045	78.372955	72.040558
10.328474	93.727112	87.928772
10.380902	116.462708	107.021332
10.433331	131.549835	122.146606
10.485760	78.849792	73.070526
10.538189	78.010559	71.220398
10.590618	64.506531	60.768127
10.643046	72.746277	69.026947
10.695475	90.694427	83.713531
10.747904	136.051178	124.397278
10.800333	57.678223	51.860809
10.852762	81.291199	74.882507
10.905190	71.277618	63.743591
10.957619	95.977783	87.738037
11.010048	103.149414	92.411041
11.062477	85.048676	78.697205
11.114906	77.915192	71.105957
11.167334	68.988800	63.037872
11.219763	113.143921	106.887817
11.272192	71.640015	69.141388
11.324621	71.716309	65.975189
11.377050	66.051483	59.528351
11.429478	75.035095	68.664551
11.481907	107.746124	98.934174
11.534336	75.073242	70.381165
11.586765	78.315735	77.285767
11.639194	62.713623	56.533813
11.691622	102.138519	93.650818
11.744051	72.536469	68.855286
11.796480	69.217682	61.378479
11.848909	125.141144	114.173889
11.901338	67.043304	62.255859
11.953766	97.274780	91.285706
12.006195	82.473755	76.389313
12.058624	103.855133	91.819763
12.111053	85.506439	77.457428
12.163482	73.909760	69.541931
12.215910	82.092285	75.759888
12.268339	72.898865	67.367554
12.320768	72.269440	67.558289
12.373197	81.272125	73.299408
12.425626	89.397430	79.135895
12.478054	82.168579	73.680878
12.530483	71.640015	70.381165
12.582912	80.413818	70.781708
12.635341	87.776184	79.574585
12.687770	93.078613	86.956024
12.740198	79.116821	74.214935
12.792627	97.694397	90.827942
12.845056	60.825348	55.351257
12.897485	140.628815	128.116608
12.949914	89.187622	83.599091
13.002342	75.855255	69.293976
13.054771	97.560883	88.844299
13.107200	119.533539	110.454559
13.159629	169.544220	149.497986
13.212058	89.340210	79.536438
13.264486	71.315765	64.144135
13.316915	131.340027	122.222900
13.369344	68.473816	60.901642
13.421773	68.569183	62.808990
13.474202	105.876923	95.520020
13.526630	75.988770	70.552826
13.579059	66.413879	63.190460
13.631488	86.231232	77.648163
13.683917	105.304718	95.424652
13.736346	121.192932	115.795135
13.788774	74.443817	69.484711
13.841203	103.282928	96.054077
13.893632	92.563629	84.629059
13.946061	116.233826	104.808807
13.998490	97.560883	88.882446
14.050918	75.035095	70.705414
14.103347	80.032349	75.798035
14.155776	105.648041	96.035004
14.208205	86.097717	79.002380
14.260634	53.596497	48.694611
14.313062	100.746155	90.427399
14.365491	67.996979	61.740875
14.417920	74.520111	69.942474
14.470349	112.285614	105.533600
14.522778	126.552582	116.386414
14.575206	96.950531	89.759827
14.627635	131.950378	122.356415
