3/3/2026	10:15 AM
Pseudo Cross Correlation
Scattering angle:	85.00
Duration (s):	15
Wavelength (nm):	660.0
Refractive index:	1.330
Viscosity (mPas):	0.999
Temperature (K):	293.1
Laser intensity (mW):	84.000000
Average Count rate  A (kHz):	43.0
Average Count rate  B (kHz):	39.6
Intercept:	0.8606
Cumulant 1st	19.1319
Cumulant 2nd	13.0536	13.1852
Cumulant 3rd	11.4119	14.6560

Lag time (s)         g2-1
1.25E-08	0.950361
2.5E-08	0.832948
3.75E-08	0.979715
5E-08	0.797072
6.25E-08	0.849256
7.5E-08	0.806856
8.75E-08	0.96993
1E-07	0.99276
1.125E-07	0.806856
1.25E-07	0.907962
1.375E-07	0.852517
1.5E-07	0.800333
1.625E-07	0.709012
1.75E-07	0.813379
1.875E-07	0.77098
2E-07	0.885132
2.125E-07	0.894916
2.375E-07	0.883501
2.625E-07	0.893285
2.875E-07	0.83784
3.125E-07	0.973192
3.375E-07	0.808487
3.625E-07	0.88024
3.875E-07	0.9471
4.125E-07	0.9153
4.625E-07	0.824795
5.125E-07	0.834579
5.625E-07	0.850071
6.125E-07	0.872901
6.625E-07	0.84844
7.125E-07	0.84844
7.625E-07	0.845179
8.125E-07	0.798703
9.125E-07	0.820718
1.0125E-06	0.831317
1.1125E-06	0.807264
1.2125E-06	0.839471
1.3125E-06	0.834987
1.4125E-06	0.801556
1.5125E-06	0.867194
1.6125E-06	0.861282
1.8125E-06	0.848032
2.0125E-06	0.836821
2.2125E-06	0.830298
2.4125E-06	0.835802
2.6125E-06	0.82031
2.8125E-06	0.820106
3.0125E-06	0.820718
3.2125E-06	0.831419
3.6125E-06	0.836006
4.0125E-06	0.804104
4.4125E-06	0.82245
4.8125E-06	0.84151
5.2125E-06	0.818272
5.6125E-06	0.806347
6.0125E-06	0.805837
6.4125E-06	0.805888
7.2125E-06	0.803136
8.0125E-06	0.802881
8.8125E-06	0.778675
9.6125E-06	0.79116
1.04125E-05	0.758851
1.12125E-05	0.75773
1.20125E-05	0.741117
1.28125E-05	0.738289
1.44125E-05	0.741754
1.60125E-05	0.72639
1.76125E-05	0.725421
1.92125E-05	0.714847
2.08125E-05	0.684984
2.24125E-05	0.693698
2.40125E-05	0.678155
2.56125E-05	0.666335
2.88125E-05	0.654158
3.20125E-05	0.637369
3.52125E-05	0.624183
3.84125E-05	0.611634
4.16125E-05	0.589517
4.48125E-05	0.570751
4.80125E-05	0.560355
5.12125E-05	0.551146
5.76125E-05	0.535839
6.40125E-05	0.513333
7.04125E-05	0.492497
7.68125E-05	0.478616
8.32125E-05	0.454951
8.96125E-05	0.452295
9.60125E-05	0.434104
0.000102413	0.423625
0.000115213	0.402516
0.000128013	0.388686
0.000140813	0.372726
0.000153613	0.356398
0.000166413	0.34338
0.000179213	0.331184
0.000192013	0.321893
0.000204813	0.310738
0.000230413	0.293662
0.000256013	0.277942
0.000281613	0.264262
0.000307213	0.252996
0.000332813	0.242828
0.000358413	0.234203
0.000384013	0.220629
0.000409613	0.214501
0.000460813	0.196439
0.000512013	0.181406
0.000563213	0.164613
0.000614413	0.153454
0.000665613	0.142596
0.000716813	0.130262
0.000768013	0.119914
0.000819213	0.114223
0.000921613	0.0968799
0.00102401	0.0842885
0.00112641	0.0702291
0.00122881	0.0635607
0.00133121	0.0543723
0.00143361	0.0458808
0.00153601	0.0378887
0.00163841	0.0342151
0.00184321	0.0228471
0.00204801	0.0175393
0.00225281	0.0144474
0.00245761	0.01229
0.00266241	0.00681263
0.00286721	0.00379551
0.00307201	0.00127628
0.00327681	0.000438026
0.00368641	0.00145624
0.00409601	0.00316831
0.00450561	0.00220894
0.00491521	-0.00039483
0.00532481	0.000632271
0.00573441	0.00124425
0.00614401	-0.0032759
0.00655361	-0.00433969
0.00737281	-0.00560155
0.00819201	-0.00500722
0.00901121	-8.00903E-05
0.00983041	0.00360558
0.0106496	-0.0027266
0.0114688	-0.00189915
0.012288	0.00348262
0.0131072	0.00706935
0.0147456	0.00582116
0.016384	0.000259671
0.0180224	0.00118618
0.0196608	0.000716234
0.0212992	-0.00333689
0.0229376	-0.00507807
0.024576	-0.000179019
0.0262144	0.00285491
0.0294912	0.00033177
0.032768	9.35816E-05
0.0360448	-0.00221867
0.0393216	0.00242746
0.0425984	0.0031299
0.0458752	-0.00120339
0.049152	-0.000236873
0.0524288	0.000395251
0.0589824	-0.000825233
0.065536	0.000193339
0.0720896	0.00298281
0.0786432	0.00175282
0.0851968	0.00043643
0.0917504	0.000120048
0.098304	0.00172602
0.104858	0.0010624
0.117965	-0.00188005
0.131072	-0.000987093
0.144179	0.000563366
0.157286	0.00132089
0.170394	0.00103578
0.183501	-0.000342747
0.196608	0.000501629
0.209715	-0.00063859
0.23593	4.98458E-05
0.262144	-0.000258469
0.288358	-8.30412E-05
0.314573	-0.00153735
0.340787	0.000282047
0.367002	-0.000216896
0.393216	0.00064434
0.41943	0.000978914
0.471859	-0.000463575
0.524288	0.000786215
0.576717	-0.00178159
0.629146	-0.00128693
0.681574	-0.000872362
0.734003	-0.000729947
0.786432	-0.00134126
0.838861	-0.000844617
0.943718	-0.00168919
1.04858	-0.00250544
1.15343	-0.0023264
1.25829	-0.00197366
1.36315	-0.00159936
1.46801	-0.00186554
1.57286	-0.00159293
1.67772	-0.00355368
1.88744	-0.00291098
2.09715	-0.00297703
2.30687	-0.00158488
2.51658	-0.00354098
2.7263	-0.00357635
2.93601	-0.00546583
3.14573	-0.00642769
3.35544	-0.00586774
3.77487	-0.00565007
4.1943	-0.00426416
4.61373	-0.00633016
5.03316	-0.00708347
5.4526	-0.0102592
5.87203	-0.00988827
6.29146	-0.00739333
6.71089	-0.00837948
7.54975	-0.00633594
8.38861	0.000291751
9.22747	-0.000871091
10.0663	-0.00706507
10.9052	-0.00744944
11.7441	-0.00791892
12.5829	-0.0178119

Count Rate History (KHz)  CR CHA / CR CHB
0.000000	43.621063	38.318634
0.052429	39.958954	36.773682
0.104858	42.228699	38.986206
0.157286	41.599274	39.215088
0.209715	46.730042	45.127869
0.262144	49.381256	46.997070
0.314573	35.476685	31.070709
0.367002	47.092438	40.950775
0.419430	47.206879	41.828156
0.471859	44.059753	40.664673
0.524288	49.571991	45.700073
0.576717	40.969849	37.460327
0.629146	46.806335	42.057037
0.681574	49.686432	43.735504
0.734003	41.675568	38.394928
0.786432	42.533875	38.757324
0.838861	42.552948	37.555695
0.891290	37.841797	34.751892
0.943718	59.089661	52.623749
0.996147	46.024323	42.724609
1.048576	39.958954	36.811829
1.101005	45.356750	42.266846
1.153434	38.471222	38.394928
1.205862	46.958923	44.403076
1.258291	39.272308	34.065247
1.310720	43.964386	39.958954
1.363149	43.582916	38.127899
1.415578	38.051605	36.582947
1.468006	44.384003	40.397644
1.520435	43.239594	41.599274
1.572864	47.988892	47.092438
1.625293	44.784546	42.629242
1.677722	42.438507	39.710999
1.730150	42.648315	38.623810
1.782579	38.146973	34.351349
1.835008	51.956177	47.912598
1.887437	45.661926	43.029785
1.939866	39.615631	36.907196
1.992294	37.059784	35.114288
2.044723	40.531158	35.572052
2.097152	42.610168	39.176941
2.149581	39.768219	38.719177
2.202010	40.435791	36.182404
2.254438	41.503906	40.283203
2.306867	53.501129	48.713684
2.359296	44.803619	40.111542
2.411725	40.702820	38.814545
2.464154	41.236877	37.994385
2.516582	47.073364	43.220520
2.569011	42.705536	40.550232
2.621440	49.839020	45.833588
2.673869	42.800903	39.634705
2.726298	48.007965	44.670105
2.778726	36.010742	32.882690
2.831155	46.558380	41.675568
2.883584	44.708252	40.950775
2.936013	47.035217	43.067932
2.988442	40.187836	37.307739
3.040870	52.146912	49.304962
3.093299	43.983459	39.272308
3.145728	45.356750	41.160583
3.198157	40.264130	39.939880
3.250586	39.939880	38.127899
3.303014	34.866333	33.855438
3.355443	37.612915	35.324097
3.407872	42.228699	41.656494
3.460301	43.640137	40.798187
3.512730	44.307709	38.280487
3.565158	50.430298	45.986176
3.617587	35.343170	32.577515
3.670016	45.833588	41.904449
3.722445	43.640137	38.795471
3.774874	40.473938	36.849976
3.827302	40.149689	36.506653
3.879731	54.836273	47.588348
3.932160	41.198730	36.983490
3.984589	39.253235	34.389496
4.037018	43.945313	37.994385
4.089446	41.236877	38.623810
4.141875	39.176941	37.765503
4.194304	36.659241	34.866333
4.246733	51.212311	44.231415
4.299162	50.487518	47.397614
4.351590	47.721863	42.686462
4.404019	53.863525	49.552917
4.456448	46.863556	39.882660
4.508877	41.389465	38.604736
4.561306	36.582947	33.187866
4.613734	41.389465	38.681030
4.666163	45.681000	40.378571
4.718592	35.343170	30.517578
4.771021	51.383972	48.789978
4.823450	40.512085	38.280487
4.875878	42.591095	37.689209
4.928307	47.550201	42.572021
4.980736	42.591095	40.092468
5.033165	48.904419	47.359467
5.085594	48.522949	42.667389
5.138022	45.356750	41.656494
5.190451	46.977997	44.116974
5.242880	42.686462	37.803650
5.295309	42.285919	40.264130
5.347738	49.018860	45.051575
5.400166	41.351318	38.185120
5.452595	43.029785	40.054321
5.505024	39.844513	36.373138
5.557453	41.332245	38.967133
5.609882	39.787292	36.315918
5.662310	38.242340	36.087036
5.714739	35.991669	33.073425
5.767168	42.495728	39.443970
5.819597	55.694580	51.212311
5.872026	37.479401	34.847260
5.924454	42.533875	37.002563
5.976883	43.907166	40.912628
6.029312	38.013458	34.904480
6.081741	40.493011	39.234161
6.134170	33.607483	31.299591
6.186598	37.326813	32.539368
6.239027	54.492950	48.313141
6.291456	48.503876	46.825409
6.343885	35.247803	33.226013
6.396314	43.830872	39.691925
6.448742	41.141510	36.754608
6.501171	41.370392	38.261414
6.553600	49.037933	46.634674
6.606029	41.522980	39.787292
6.658458	41.522980	38.051605
6.710886	40.493011	36.754608
6.763315	38.719177	35.037994
6.815744	37.155151	34.236908
6.868173	43.544769	41.599274
6.920602	38.089752	34.713745
6.973030	37.479401	35.266876
7.025459	46.062469	40.187836
7.077888	55.065155	53.443909
7.130317	36.220551	34.141541
7.182746	42.190552	38.795471
7.235174	37.536621	34.656525
7.287603	38.642883	35.572052
7.340032	46.291351	43.830872
7.392461	40.168762	36.983490
7.444890	39.119720	36.602020
7.497318	49.343109	45.623779
7.549747	40.073395	36.392212
7.602176	41.675568	40.588379
7.654605	34.656525	33.664703
7.707034	35.667419	33.702850
7.759462	49.324036	43.926239
7.811891	52.852631	50.201416
7.864320	37.746429	33.874512
7.916749	44.155121	38.757324
7.969178	41.694641	39.997101
8.021606	37.918091	35.343170
8.074035	39.176941	36.067963
8.126464	39.463043	36.334991
8.178893	38.070679	34.904480
8.231322	34.542084	32.653809
8.283750	40.283203	37.631989
8.336179	39.424896	35.915375
8.388608	37.670135	33.988953
8.441037	40.435791	37.212372
8.493466	44.956207	41.599274
8.545894	33.760071	31.375885
8.598323	39.405823	39.138794
8.650752	47.950745	43.106079
8.703181	41.847229	37.155151
8.755610	39.157867	37.517548
8.808038	53.997040	48.294067
8.860467	51.116943	46.367645
8.912896	38.776398	37.536621
8.965325	45.394897	41.770935
9.017754	43.563843	39.615631
9.070182	39.119720	35.190582
9.122611	49.743652	48.675537
9.175040	42.972565	39.520264
9.227469	48.885345	44.918060
9.279898	47.626495	43.849945
9.332326	46.749115	42.953491
9.384755	46.882629	43.144226
9.437184	39.100647	36.563873
9.489613	44.155121	39.901733
9.542042	43.869019	42.133331
9.594470	40.874481	37.555695
9.646899	43.449402	40.340424
9.699328	51.765442	46.710968
9.751757	41.923523	40.969849
9.804186	48.828125	44.841766
9.856614	38.585663	35.457611
9.909043	37.288666	34.866333
9.961472	37.765503	35.209656
10.013901	43.773651	43.125153
10.066330	48.274994	44.345856
10.118758	42.552948	37.269592
10.171187	36.468506	32.730103
10.223616	46.215057	42.018890
10.276045	39.043427	34.065247
10.328474	42.686462	38.146973
10.380902	34.427643	31.642914
10.433331	55.503845	48.332214
10.485760	42.266846	39.558411
10.538189	42.438507	37.994385
10.590618	50.468445	46.749115
10.643046	45.013428	40.512085
10.695475	36.697388	34.408569
10.747904	42.037964	40.130615
10.800333	48.618317	46.443939
10.852762	38.661957	35.362244
10.905190	39.196014	37.155151
10.957619	44.136047	39.424896
11.010048	40.550232	38.547516
11.062477	42.686462	37.326813
11.114906	40.512085	36.849976
11.167334	52.413940	50.468445
11.219763	52.928925	47.035217
11.272192	39.978027	37.136078
11.324621	39.787292	36.849976
11.377050	37.288666	33.664703
11.429478	38.452148	34.408569
11.481907	45.032501	41.599274
11.534336	39.405823	36.010742
11.586765	40.321350	39.348602
11.639194	41.751862	39.176941
11.691622	50.430298	45.146942
11.744051	50.048828	45.337677
11.796480	38.719177	36.602020
11.848909	51.975250	48.274994
11.901338	36.888123	32.558441
11.953766	43.640137	38.833618
12.006195	41.236877	39.176941
12.058624	50.258636	43.315887
12.111053	42.209625	37.899017
12.163482	50.907135	46.367645
12.215910	38.013458	34.160614
12.268339	48.885345	43.945313
12.320768	45.204163	41.294098
12.373197	48.542023	44.879913
12.425626	37.441254	34.713745
12.478054	38.051605	35.305023
12.530483	40.435791	37.784576
12.582912	39.443970	37.612915
12.635341	42.934418	38.356781
12.687770	36.602020	35.247803
12.740198	37.822723	37.250519
12.792627	46.176910	41.847229
12.845056	46.329498	43.106079
12.897485	40.779114	36.869049
12.949914	47.855377	44.441223
13.002342	36.983490	34.427643
13.054771	44.898987	42.495728
13.107200	42.095184	37.994385
13.159629	48.980713	45.089722
13.212058	51.670074	46.539307
13.264486	36.144257	33.969879
13.316915	42.114258	39.424896
13.369344	38.890839	36.602020
13.421773	47.531128	42.285919
13.474202	49.324036	45.661926
13.526630	40.798187	37.078857
13.579059	40.512085	39.424896
13.631488	44.631958	40.798187
13.683917	42.953491	37.670135
13.736346	34.904480	33.340454
13.788774	35.648346	32.253265
13.841203	44.021606	41.637421
13.893632	36.106110	35.324097
13.946061	36.277771	33.245087
13.998490	39.691925	37.212372
14.050918	49.533844	45.223236
14.103347	36.277771	35.915375
14.155776	45.032501	40.473938
14.208205	37.059784	35.285950
14.260634	40.435791	37.727356
14.313062	46.691895	43.334961
14.365491	43.735504	41.122437
