3/3/2026	10:13 AM
Pseudo Cross Correlation
Scattering angle:	80.00
Duration (s):	15
Wavelength (nm):	660.0
Refractive index:	1.330
Viscosity (mPas):	1.001
Temperature (K):	293.2
Laser intensity (mW):	84.000000
Average Count rate  A (kHz):	46.7
Average Count rate  B (kHz):	43.1
Intercept:	0.8729
Cumulant 1st	22.1653
Cumulant 2nd	14.9172	15.0721
Cumulant 3rd	12.8514	16.4838

Lag time (s)         g2-1
1.25E-08	0.954911
2.5E-08	0.849314
3.75E-08	0.927835
5E-08	0.93325
6.25E-08	0.857437
7.5E-08	0.824945
8.75E-08	0.743716
1E-07	0.870975
1.125E-07	0.816822
1.25E-07	0.919712
1.375E-07	0.895343
1.5E-07	0.868267
1.625E-07	0.911589
1.75E-07	0.938666
1.875E-07	0.808699
2E-07	1.01177
2.125E-07	0.862852
2.375E-07	0.857437
2.625E-07	0.829006
2.875E-07	0.885867
3.125E-07	0.804638
3.375E-07	0.883159
3.625E-07	0.799222
3.875E-07	0.862852
4.125E-07	0.824268
4.625E-07	0.852021
5.125E-07	0.87639
5.625E-07	0.865559
6.125E-07	0.837806
6.625E-07	0.912943
7.125E-07	0.813438
7.625E-07	0.891282
8.125E-07	0.862852
9.125E-07	0.836791
1.0125E-06	0.875036
1.1125E-06	0.842883
1.2125E-06	0.88519
1.3125E-06	0.89399
1.4125E-06	0.870975
1.5125E-06	0.889928
1.6125E-06	0.902282
1.8125E-06	0.829853
2.0125E-06	0.882482
2.2125E-06	0.880959
2.4125E-06	0.831883
2.6125E-06	0.872836
2.8125E-06	0.845252
3.0125E-06	0.841868
3.2125E-06	0.853206
3.6125E-06	0.848806
4.0125E-06	0.832391
4.4125E-06	0.850921
4.8125E-06	0.847621
5.2125E-06	0.821983
5.6125E-06	0.825791
6.0125E-06	0.823845
6.4125E-06	0.832306
7.2125E-06	0.831545
8.0125E-06	0.799561
8.8125E-06	0.810814
9.6125E-06	0.811111
1.04125E-05	0.802649
1.12125E-05	0.806922
1.20125E-05	0.788603
1.28125E-05	0.7779
1.44125E-05	0.768909
1.60125E-05	0.757148
1.76125E-05	0.750802
1.92125E-05	0.735656
2.08125E-05	0.720976
2.24125E-05	0.726285
2.40125E-05	0.712747
2.56125E-05	0.709236
2.88125E-05	0.69684
3.20125E-05	0.679177
3.52125E-05	0.667648
3.84125E-05	0.655961
4.16125E-05	0.636775
4.48125E-05	0.620867
4.80125E-05	0.603141
5.12125E-05	0.595134
5.76125E-05	0.574277
6.40125E-05	0.561241
7.04125E-05	0.54215
7.68125E-05	0.531662
8.32125E-05	0.504665
8.96125E-05	0.496965
9.60125E-05	0.490577
0.000102413	0.477879
0.000115213	0.450049
0.000128013	0.430527
0.000140813	0.414878
0.000153613	0.402447
0.000166413	0.39012
0.000179213	0.378869
0.000192013	0.367866
0.000204813	0.36081
0.000230413	0.342988
0.000256013	0.327991
0.000281613	0.315282
0.000307213	0.298186
0.000332813	0.285895
0.000358413	0.2754
0.000384013	0.265657
0.000409613	0.259229
0.000460813	0.240106
0.000512013	0.227689
0.000563213	0.211135
0.000614413	0.198091
0.000665613	0.187376
0.000716813	0.174902
0.000768013	0.160435
0.000819213	0.149939
0.000921613	0.130081
0.00102401	0.118578
0.00112641	0.103857
0.00122881	0.0941591
0.00133121	0.0830389
0.00143361	0.077988
0.00153601	0.0686389
0.00163841	0.0625668
0.00184321	0.0517043
0.00204801	0.0453058
0.00225281	0.0373597
0.00245761	0.0306798
0.00266241	0.0249817
0.00286721	0.0177933
0.00307201	0.0144996
0.00327681	0.0121761
0.00368641	0.0105465
0.00409601	0.00766126
0.00450561	0.00933166
0.00491521	0.00867128
0.00532481	0.00783389
0.00573441	0.00695025
0.00614401	0.00614402
0.00655361	0.0049026
0.00737281	0.0026795
0.00819201	0.00241342
0.00901121	0.00371958
0.00983041	0.00592403
0.0106496	0.00994878
0.0114688	0.00413877
0.012288	0.00125508
0.0131072	-0.000732112
0.0147456	-0.0018065
0.016384	-0.000453067
0.0180224	0.0021172
0.0196608	0.000469938
0.0212992	-0.000331429
0.0229376	-0.00487634
0.024576	0.00220974
0.0262144	-0.00238425
0.0294912	-0.00467459
0.032768	0.00222335
0.0360448	0.000740719
0.0393216	-0.000965377
0.0425984	-0.00356204
0.0458752	-0.00632261
0.049152	-0.00509326
0.0524288	-0.00320173
0.0589824	0.00348193
0.065536	-0.00202182
0.0720896	-0.00177698
0.0786432	0.00257895
0.0851968	0.00341108
0.0917504	-0.00055001
0.098304	-0.00131034
0.104858	-0.00101779
0.117965	0.00107808
0.131072	0.000561259
0.144179	-0.000720629
0.157286	0.000765896
0.170394	0.00190308
0.183501	-0.00115105
0.196608	-0.00351654
0.209715	-0.00332504
0.23593	-0.000511699
0.262144	0.000452127
0.288358	0.000297816
0.314573	0.00109365
0.340787	0.0002816
0.367002	-0.0021347
0.393216	-0.000895742
0.41943	-0.000575882
0.471859	0.000467804
0.524288	5.10549E-05
0.576717	0.0006847
0.629146	0.00117041
0.681574	-0.000813657
0.734003	-0.0028673
0.786432	-0.00194298
0.838861	-0.0015404
0.943718	-0.00108597
1.04858	-0.00292107
1.15343	-0.00429067
1.25829	-0.00461351
1.36315	-0.00461993
1.46801	-0.00356514
1.57286	-0.00327521
1.67772	-0.00479197
1.88744	-0.0069826
2.09715	-0.00612633
2.30687	-0.00751955
2.51658	-0.00658774
2.7263	-0.00442205
2.93601	-0.00360241
3.14573	-0.0020139
3.35544	-0.0036712
3.77487	-0.00471118
4.1943	-0.00839229
4.61373	-0.00608163
5.03316	-0.00612907
5.4526	-0.00280083
5.87203	-0.00330965
6.29146	-0.00743376
6.71089	-0.00723957
7.54975	-0.0134097
8.38861	-0.00767348
9.22747	-0.00739688
10.0663	-0.0106477
10.9052	-0.0277597
11.7441	-0.0288049
12.5829	-0.0319759

Count Rate History (KHz)  CR CHA / CR CHB
0.000000	51.670074	45.814514
0.052429	53.062439	48.599243
0.104858	46.806335	41.084290
0.157286	52.795410	47.988892
0.209715	41.980743	36.220551
0.262144	50.315857	46.291351
0.314573	55.027008	50.868988
0.367002	43.029785	38.757324
0.419430	42.285919	38.261414
0.471859	35.610199	32.253265
0.524288	52.261353	46.272278
0.576717	44.193268	40.264130
0.629146	60.024261	53.272247
0.681574	62.904358	55.713654
0.734003	50.830841	43.544769
0.786432	49.858093	45.490265
0.838861	44.116974	43.659210
0.891290	41.065216	38.204193
0.943718	48.122406	44.918060
0.996147	61.016083	55.007935
1.048576	50.468445	47.340393
1.101005	50.716400	46.463013
1.153434	45.547485	41.713715
1.205862	53.119659	49.266815
1.258291	43.334961	41.408539
1.310720	45.566559	41.675568
1.363149	53.958893	49.686432
1.415578	40.512085	35.915375
1.468006	45.814514	43.830872
1.520435	44.898987	41.160583
1.572864	54.397583	49.114227
1.625293	52.070618	48.980713
1.677722	56.571960	50.926208
1.730150	44.956207	40.817261
1.782579	50.754547	48.542023
1.835008	54.588318	49.209595
1.887437	48.294067	45.948029
1.939866	41.637421	37.040710
1.992294	46.367645	42.095184
2.044723	48.637390	45.032501
2.097152	55.618286	51.689148
2.149581	48.274994	46.596527
2.202010	42.076111	39.672852
2.254438	44.345856	41.999817
2.306867	45.070648	41.885376
2.359296	42.858124	38.967133
2.411725	45.013428	41.542053
2.464154	44.651031	39.234161
2.516582	46.806335	42.400360
2.569011	34.332275	31.337738
2.621440	37.956238	32.653809
2.673869	45.623779	40.817261
2.726298	54.092407	51.937103
2.778726	48.694611	46.405792
2.831155	41.427612	37.517548
2.883584	42.705536	37.784576
2.936013	40.931702	37.937164
2.988442	37.612915	35.839081
3.040870	48.789978	44.898987
3.093299	45.661926	41.961670
3.145728	41.656494	39.634705
3.198157	46.367645	43.373108
3.250586	46.577454	45.280457
3.303014	56.591034	53.291321
3.355443	43.106079	40.931702
3.407872	53.730011	47.950745
3.460301	47.054291	44.441223
3.512730	48.427582	46.119690
3.565158	41.122437	37.536621
3.617587	48.065186	42.591095
3.670016	56.095123	52.490234
3.722445	46.825409	41.351318
3.774874	55.217743	51.193237
3.827302	51.536560	45.852661
3.879731	48.694611	45.108795
3.932160	38.776398	35.076141
3.984589	50.468445	45.490265
4.037018	49.171448	46.329498
4.089446	52.623749	46.863556
4.141875	57.888031	52.375793
4.194304	47.626495	41.980743
4.246733	48.999786	45.719147
4.299162	39.501190	35.743713
4.351590	52.108765	47.798157
4.404019	41.656494	38.642883
4.456448	39.405823	36.811829
4.508877	46.596527	42.953491
4.561306	39.329529	35.533905
4.613734	53.176880	52.757263
4.666163	46.463013	42.686462
4.718592	48.484802	45.375824
4.771021	43.239594	39.119720
4.823450	47.855377	42.152405
4.875878	40.931702	40.111542
4.928307	43.792725	39.768219
4.980736	48.236847	45.585632
5.033165	43.182373	38.318634
5.085594	41.942596	37.937164
5.138022	44.860840	41.446686
5.190451	49.400330	42.438507
5.242880	42.629242	39.863586
5.295309	45.871735	43.945313
5.347738	41.046143	39.424896
5.400166	35.247803	33.893585
5.452595	45.890808	41.007996
5.505024	46.138763	42.896271
5.557453	44.670105	39.443970
5.609882	63.476563	57.048798
5.662310	47.225952	41.217804
5.714739	51.212311	45.757294
5.767168	48.065186	44.479370
5.819597	39.443970	38.280487
5.872026	52.433014	46.749115
5.924454	65.059662	58.383942
5.976883	39.825439	38.414001
6.029312	45.146942	41.923523
6.081741	53.558350	49.610138
6.134170	40.836334	37.689209
6.186598	43.811798	42.095184
6.239027	52.871704	49.209595
6.291456	47.836304	43.601990
6.343885	41.790009	37.994385
6.396314	54.054260	51.078796
6.448742	48.217773	45.757294
6.501171	46.882629	42.247772
6.553600	46.024323	44.250488
6.606029	41.580200	38.166046
6.658458	46.501160	42.037964
6.710886	46.558380	43.430328
6.763315	46.672821	42.934418
6.815744	40.931702	37.727356
6.868173	47.473907	43.392181
6.920602	51.841736	48.332214
6.973030	56.056976	48.847198
7.025459	46.939850	43.487549
7.077888	50.277710	46.691895
7.130317	49.743652	45.242310
7.182746	58.097839	54.435730
7.235174	47.454834	44.364929
7.287603	42.934418	39.615631
7.340032	51.841736	48.084259
7.392461	44.708252	41.484833
7.444890	37.517548	33.721924
7.497318	57.601929	51.040649
7.549747	47.397614	43.964386
7.602176	42.114258	39.558411
7.654605	47.531128	45.700073
7.707034	49.743652	45.948029
7.759462	47.683716	43.888092
7.811891	42.991638	38.757324
7.864320	44.078827	38.948059
7.916749	50.067902	44.517517
7.969178	50.067902	46.119690
8.021606	41.732788	40.607452
8.074035	43.678284	42.057037
8.126464	34.599304	32.768250
8.178893	37.002563	33.473969
8.231322	53.119659	47.912598
8.283750	39.062500	35.896301
8.336179	40.740967	38.185120
8.388608	35.076141	32.157898
8.441037	38.890839	37.002563
8.493466	45.318604	42.705536
8.545894	46.291351	43.048859
8.598323	49.247742	45.967102
8.650752	51.784515	47.569275
8.703181	42.190552	39.806366
8.755610	44.307709	43.277740
8.808038	46.119690	42.762756
8.860467	43.296814	39.081573
8.912896	56.533813	55.274963
8.965325	43.487549	40.340424
9.017754	41.866302	36.449432
9.070182	54.111481	48.980713
9.122611	46.901703	46.501160
9.175040	45.013428	43.125153
9.227469	45.890808	42.533875
9.279898	34.465790	33.226013
9.332326	49.877167	47.092438
9.384755	50.640106	46.272278
9.437184	41.809082	40.378571
9.489613	51.860809	48.274994
9.542042	50.849915	46.558380
9.594470	43.354034	40.626526
9.646899	38.509369	34.790039
9.699328	42.343140	40.149689
9.751757	55.541992	49.476624
9.804186	53.520203	49.953461
9.856614	49.591064	43.487549
9.909043	60.920715	55.103302
9.961472	40.664673	36.239624
10.013901	43.067932	40.264130
10.066330	40.397644	37.307739
10.118758	43.563843	41.084290
10.171187	49.762726	44.860840
10.223616	47.111511	44.364929
10.276045	42.304993	42.037964
10.328474	46.005249	41.236877
10.380902	55.484772	51.212311
10.433331	45.833588	43.544769
10.485760	40.245056	37.422180
10.538189	60.443878	55.618286
10.590618	47.492981	42.991638
10.643046	50.754547	45.585632
10.695475	56.343079	53.539276
10.747904	49.514771	47.531128
10.800333	62.122345	57.697296
10.852762	47.206879	42.972565
10.905190	39.653778	37.269592
10.957619	51.536560	47.245026
11.010048	45.642853	41.885376
11.062477	44.364929	42.266846
11.114906	36.773682	32.482147
11.167334	47.073364	41.999817
11.219763	47.969818	44.155121
11.272192	54.454803	52.661896
11.324621	45.852661	40.893555
11.377050	50.754547	47.454834
11.429478	37.288666	35.133362
11.481907	56.018829	50.449371
11.534336	37.822723	35.648346
11.586765	47.817230	43.849945
11.639194	42.953491	38.337708
11.691622	46.176910	40.454865
11.744051	38.089752	35.324097
11.796480	55.274963	50.888062
11.848909	45.108795	41.904449
11.901338	49.552917	46.367645
11.953766	50.010681	45.166016
12.006195	47.168732	42.991638
12.058624	46.615601	44.097900
12.111053	47.550201	43.640137
12.163482	40.073395	38.356781
12.215910	36.678314	31.318665
12.268339	51.841736	47.817230
12.320768	38.242340	36.640167
12.373197	41.007996	37.574768
12.425626	49.610138	47.092438
12.478054	41.484833	37.097931
12.530483	50.964355	47.779083
12.582912	49.114227	45.089722
12.635341	40.607452	37.174225
12.687770	39.920807	37.155151
12.740198	45.127869	38.528442
12.792627	45.413971	43.983459
12.845056	57.697296	55.637360
12.897485	44.898987	42.362213
12.949914	45.070648	42.362213
13.002342	46.443939	45.948029
13.054771	46.348572	43.334961
13.107200	47.168732	42.362213
13.159629	43.029785	41.236877
13.212058	38.738251	37.307739
13.264486	42.991638	38.204193
13.316915	48.828125	44.040680
13.369344	44.059753	41.103363
13.421773	37.765503	35.972595
13.474202	44.250488	40.912628
13.526630	44.918060	41.713715
13.579059	39.348602	34.446716
13.631488	49.724579	47.454834
13.683917	59.432983	53.424835
13.736346	41.084290	37.784576
13.788774	43.029785	42.228699
13.841203	36.945343	32.939911
13.893632	44.536591	40.283203
13.946061	42.953491	41.236877
13.998490	48.065186	42.247772
14.050918	36.296844	34.313202
14.103347	48.141479	45.757294
14.155776	50.506592	46.844482
14.208205	44.231415	41.637421
14.260634	46.977997	43.315887
14.313062	47.264099	41.847229
14.365491	40.340424	36.125183
14.417920	54.073334	48.236847
14.470349	44.860840	42.400360
14.522778	56.858063	52.051544
14.575206	43.220520	39.997101
14.627635	36.964417	34.770966
