3/3/2026	10:12 AM
Pseudo Cross Correlation
Scattering angle:	80.00
Duration (s):	15
Wavelength (nm):	660.0
Refractive index:	1.330
Viscosity (mPas):	0.999
Temperature (K):	293.1
Laser intensity (mW):	84.000000
Average Count rate  A (kHz):	46.7
Average Count rate  B (kHz):	42.9
Intercept:	0.8663
Cumulant 1st	25.2236
Cumulant 2nd	16.7032	15.4832
Cumulant 3rd	13.7610	16.4999

Lag time (s)         g2-1
1.25E-08	0.806011
2.5E-08	0.800471
3.75E-08	0.933428
5E-08	0.889109
6.25E-08	1.0193
7.5E-08	0.83925
8.75E-08	0.808781
1E-07	0.963898
1.125E-07	0.767231
1.25E-07	0.747842
1.375E-07	0.8254
1.5E-07	0.875259
1.625E-07	0.930659
1.75E-07	0.886339
1.875E-07	0.81155
2E-07	0.86695
2.125E-07	0.835095
2.375E-07	0.922349
2.625E-07	0.886339
2.875E-07	0.904344
3.125E-07	0.936198
3.375E-07	0.860025
3.625E-07	0.84479
3.875E-07	0.790776
4.125E-07	0.899497
4.625E-07	0.897419
5.125E-07	0.86695
5.625E-07	0.846175
6.125E-07	0.789391
6.625E-07	0.880107
7.125E-07	0.828863
7.625E-07	0.86141
8.125E-07	0.875606
9.125E-07	0.839942
1.0125E-06	0.855177
1.1125E-06	0.862448
1.2125E-06	0.878376
1.3125E-06	0.870066
1.4125E-06	0.872836
1.5125E-06	0.874913
1.6125E-06	0.838904
1.8125E-06	0.879587
2.0125E-06	0.850503
2.2125E-06	0.835095
2.4125E-06	0.838904
2.6125E-06	0.857255
2.8125E-06	0.862275
3.0125E-06	0.840981
3.2125E-06	0.831719
3.6125E-06	0.849551
4.0125E-06	0.837346
4.4125E-06	0.840375
4.8125E-06	0.842799
5.2125E-06	0.841327
5.6125E-06	0.832239
6.0125E-06	0.818042
6.4125E-06	0.8283
7.2125E-06	0.82025
8.0125E-06	0.816268
8.8125E-06	0.819644
9.6125E-06	0.793546
1.04125E-05	0.802548
1.12125E-05	0.810339
1.20125E-05	0.765457
1.28125E-05	0.778765
1.44125E-05	0.764201
1.60125E-05	0.749594
1.76125E-05	0.745136
1.92125E-05	0.747344
2.08125E-05	0.741847
2.24125E-05	0.718995
2.40125E-05	0.700406
2.56125E-05	0.699659
2.88125E-05	0.687454
3.20125E-05	0.67368
3.52125E-05	0.660382
3.84125E-05	0.652256
4.16125E-05	0.634825
4.48125E-05	0.629696
4.80125E-05	0.604669
5.12125E-05	0.596727
5.76125E-05	0.583088
6.40125E-05	0.558261
7.04125E-05	0.540278
7.68125E-05	0.526493
8.32125E-05	0.505459
8.96125E-05	0.496648
9.60125E-05	0.482777
0.000102413	0.469559
0.000115213	0.453115
0.000128013	0.428546
0.000140813	0.411158
0.000153613	0.401433
0.000166413	0.39177
0.000179213	0.375472
0.000192013	0.365775
0.000204813	0.353691
0.000230413	0.342698
0.000256013	0.325494
0.000281613	0.314801
0.000307213	0.301807
0.000332813	0.289928
0.000358413	0.282422
0.000384013	0.269715
0.000409613	0.262261
0.000460813	0.249556
0.000512013	0.231377
0.000563213	0.217557
0.000614413	0.203695
0.000665613	0.193307
0.000716813	0.179304
0.000768013	0.166797
0.000819213	0.158754
0.000921613	0.140661
0.00102401	0.126512
0.00112641	0.111566
0.00122881	0.0987387
0.00133121	0.084132
0.00143361	0.0756543
0.00153601	0.0664574
0.00163841	0.0606985
0.00184321	0.0484165
0.00204801	0.0385361
0.00225281	0.0329439
0.00245761	0.0273522
0.00266241	0.0238053
0.00286721	0.0207196
0.00307201	0.0129527
0.00327681	0.0117487
0.00368641	0.0125972
0.00409601	0.00862471
0.00450561	0.00893961
0.00491521	0.0080823
0.00532481	0.00792571
0.00573441	0.00962527
0.00614401	0.00937458
0.00655361	0.00803529
0.00737281	0.00405927
0.00819201	0.00434079
0.00901121	0.00105959
0.00983041	0.00133604
0.0106496	0.0043939
0.0114688	0.00607236
0.012288	-0.000415211
0.0131072	-0.000740192
0.0147456	-0.00300633
0.016384	-0.00457309
0.0180224	0.00102993
0.0196608	0.000126453
0.0212992	-0.00186417
0.0229376	-0.00134502
0.024576	-0.000406715
0.0262144	-0.0033298
0.0294912	0.00281243
0.032768	0.00519456
0.0360448	0.00126995
0.0393216	-0.00224232
0.0425984	-0.000531716
0.0458752	-0.0030582
0.049152	-0.00284927
0.0524288	-0.000119612
0.0589824	-0.00130937
0.065536	0.00307111
0.0720896	-0.00152026
0.0786432	-0.00396166
0.0851968	0.00235646
0.0917504	0.00147223
0.098304	0.00141881
0.104858	-0.00197741
0.117965	0.000133754
0.131072	0.00184522
0.144179	0.00222728
0.157286	-0.00195204
0.170394	-0.00129976
0.183501	0.00291809
0.196608	0.000508581
0.209715	0.000500126
0.23593	0.000262681
0.262144	-0.000344908
0.288358	0.00034355
0.314573	-0.000309767
0.340787	-7.96464E-05
0.367002	0.00247849
0.393216	-0.000261244
0.41943	7.09937E-05
0.471859	0.000166182
0.524288	0.00083877
0.576717	-0.000322304
0.629146	0.00159667
0.681574	0.000730645
0.734003	0.000744415
0.786432	0.00165948
0.838861	-0.00014059
0.943718	-0.000294949
1.04858	0.000640792
1.15343	0.00253956
1.25829	0.000292659
1.36315	0.000211927
1.46801	0.000525771
1.57286	-0.000262118
1.67772	-5.54292E-06
1.88744	-0.000842907
2.09715	-0.00124192
2.30687	0.000636113
2.51658	-0.000106
2.7263	0.00149486
2.93601	0.00376191
3.14573	0.00504626
3.35544	0.00619338
3.77487	0.00826737
4.1943	0.00399817
4.61373	0.00696006
5.03316	0.00772535
5.4526	0.0049578
5.87203	0.00577984
6.29146	0.00833832
6.71089	0.00855241
7.54975	0.0111903
8.38861	0.0181051
9.22747	0.0195874
10.0663	0.0199324
10.9052	0.015093
11.7441	0.0238953
12.5829	0.0188794

Count Rate History (KHz)  CR CHA / CR CHB
0.000000	51.574707	48.637390
0.052429	42.724609	39.043427
0.104858	42.343140	39.596558
0.157286	44.803619	44.746399
0.209715	38.280487	36.392212
0.262144	38.146973	35.324097
0.314573	51.078796	47.512054
0.367002	57.430267	53.024292
0.419430	45.661926	44.918060
0.471859	46.100616	43.907166
0.524288	38.986206	35.533905
0.576717	34.923553	32.997131
0.629146	54.645538	49.991608
0.681574	46.482086	43.544769
0.734003	40.473938	39.806366
0.786432	56.076050	51.593781
0.838861	44.822693	40.760040
0.891290	42.190552	39.615631
0.943718	40.683746	36.888123
0.996147	41.885376	36.392212
1.048576	41.866302	37.460327
1.101005	60.539246	55.656433
1.153434	39.539337	39.081573
1.205862	53.863525	47.454834
1.258291	43.449402	41.580200
1.310720	50.487518	47.607422
1.363149	41.637421	38.928986
1.415578	47.378540	43.296814
1.468006	63.323975	56.056976
1.520435	57.659149	52.890778
1.572864	44.517517	40.817261
1.625293	41.542053	38.928986
1.677722	45.204163	39.920807
1.730150	43.525696	37.612915
1.782579	48.580170	43.354034
1.835008	50.888062	48.427582
1.887437	49.667358	45.871735
1.939866	44.021606	41.503906
1.992294	48.675537	45.280457
2.044723	52.204132	48.656464
2.097152	41.980743	36.621094
2.149581	36.182404	34.847260
2.202010	52.547455	50.468445
2.254438	40.054321	37.593842
2.306867	50.449371	45.795441
2.359296	37.460327	36.659241
2.411725	49.819946	47.645569
2.464154	45.928955	40.721893
2.516582	40.874481	39.348602
2.569011	37.212372	33.779144
2.621440	47.569275	41.961670
2.673869	43.888092	40.493011
2.726298	45.909882	41.084290
2.778726	34.561157	32.157898
2.831155	41.465759	38.318634
2.883584	42.095184	37.231445
2.936013	49.686432	44.879913
2.988442	48.561096	46.043396
3.040870	43.125153	41.160583
3.093299	37.765503	33.168793
3.145728	45.547485	40.931702
3.198157	45.013428	40.817261
3.250586	41.255951	38.909912
3.303014	51.689148	46.329498
3.355443	45.909882	42.724609
3.407872	43.182373	40.187836
3.460301	42.133331	39.577484
3.512730	50.239563	45.795441
3.565158	41.198730	38.394928
3.617587	40.893555	38.738251
3.670016	39.443970	37.860870
3.722445	38.967133	37.975311
3.774874	54.130554	48.389435
3.827302	54.054260	49.552917
3.879731	53.787231	50.849915
3.932160	51.536560	45.986176
3.984589	55.999756	50.735474
4.037018	50.201416	46.939850
4.089446	50.449371	46.348572
4.141875	47.016144	44.403076
4.194304	48.770905	44.937134
4.246733	48.904419	42.285919
4.299162	38.394928	35.724640
4.351590	34.313202	31.719208
4.404019	55.637360	50.754547
4.456448	32.997131	31.242371
4.508877	49.037933	46.615601
4.561306	37.860870	36.487579
4.613734	47.073364	42.533875
4.666163	57.353973	52.337646
4.718592	43.964386	38.738251
4.771021	43.067932	39.291382
4.823450	40.569305	38.585663
4.875878	47.111511	42.018890
4.928307	57.048798	50.716400
4.980736	43.067932	40.874481
5.033165	46.539307	44.746399
5.085594	46.615601	43.449402
5.138022	44.536591	40.435791
5.190451	64.239502	57.106018
5.242880	42.991638	38.127899
5.295309	44.956207	41.351318
5.347738	52.928925	48.160553
5.400166	53.329468	47.740936
5.452595	46.672821	46.501160
5.505024	40.340424	36.907196
5.557453	50.868988	48.961639
5.609882	41.694641	38.414001
5.662310	43.220520	42.648315
5.714739	45.394897	39.939880
5.767168	45.509338	44.898987
5.819597	41.122437	39.825439
5.872026	53.882599	47.836304
5.924454	51.078796	46.272278
5.976883	42.572021	38.661957
6.029312	47.531128	43.430328
6.081741	47.512054	42.762756
6.134170	34.465790	32.558441
6.186598	43.544769	40.149689
6.239027	45.185089	39.100647
6.291456	53.024292	48.255920
6.343885	50.792694	45.604706
6.396314	36.506653	35.285950
6.448742	53.539276	45.261383
6.501171	46.653748	42.762756
6.553600	47.340393	44.307709
6.606029	39.176941	36.869049
6.658458	50.010681	46.348572
6.710886	42.572021	39.024353
6.763315	41.694641	40.054321
6.815744	45.967102	41.084290
6.868173	43.754578	40.302277
6.920602	41.217804	37.899017
6.973030	39.234161	36.602020
7.025459	53.119659	49.037933
7.077888	56.419373	50.506592
7.130317	55.866241	52.185059
7.182746	37.994385	33.187866
7.235174	45.375824	42.419434
7.287603	46.100616	42.610168
7.340032	40.969849	36.144257
7.392461	46.463013	43.392181
7.444890	50.334930	45.871735
7.497318	49.114227	45.852661
7.549747	53.901672	47.454834
7.602176	48.313141	43.220520
7.654605	46.443939	41.866302
7.707034	45.261383	40.512085
7.759462	39.520264	36.048889
7.811891	35.915375	32.730103
7.864320	45.032501	38.776398
7.916749	43.258667	40.302277
7.969178	46.253204	44.097900
8.021606	46.825409	42.495728
8.074035	44.765472	40.435791
8.126464	45.700073	40.035248
8.178893	47.283173	44.517517
8.231322	49.247742	44.841766
8.283750	47.340393	43.678284
8.336179	45.852661	43.010712
8.388608	45.337677	41.275024
8.441037	41.923523	37.803650
8.493466	51.307678	46.730042
8.545894	47.912598	45.471191
8.598323	39.100647	38.375854
8.650752	61.016083	54.073334
8.703181	43.888092	41.408539
8.755610	46.234131	43.525696
8.808038	49.381256	49.324036
8.860467	60.768127	55.789948
8.912896	49.304962	43.888092
8.965325	42.057037	37.841797
9.017754	39.730072	38.833618
9.070182	44.784546	41.007996
9.122611	42.304993	38.223267
9.175040	41.046143	38.185120
9.227469	48.408508	44.784546
9.279898	50.868988	47.359467
9.332326	48.809052	45.700073
9.384755	47.836304	44.403076
9.437184	50.678253	48.179626
9.489613	38.375854	34.122467
9.542042	41.866302	40.378571
9.594470	38.127899	37.078857
9.646899	50.868988	47.187805
9.699328	42.018890	38.051605
9.751757	44.155121	38.318634
9.804186	50.048828	48.084259
9.856614	50.582886	44.803619
9.909043	53.386688	48.561096
9.961472	43.106079	39.348602
10.013901	55.904388	51.536560
10.066330	51.631927	50.048828
10.118758	54.569244	52.261353
10.171187	51.670074	48.446655
10.223616	38.471222	35.552979
10.276045	50.716400	48.980713
10.328474	44.631958	39.043427
10.380902	50.468445	46.806335
10.433331	49.476624	45.986176
10.485760	45.852661	44.574738
10.538189	46.615601	41.809082
10.590618	45.356750	41.904449
10.643046	45.948029	42.285919
10.695475	56.896210	50.411224
10.747904	40.321350	36.468506
10.800333	54.454803	49.686432
10.852762	44.517517	41.122437
10.905190	54.435730	50.296783
10.957619	46.348572	43.945313
11.010048	41.236877	38.356781
11.062477	44.822693	40.950775
11.114906	40.626526	38.013458
11.167334	47.340393	41.790009
11.219763	40.950775	39.100647
11.272192	40.912628	37.059784
11.324621	45.623779	40.779114
11.377050	47.664642	43.258667
11.429478	57.468414	52.413940
11.481907	42.343140	37.784576
11.534336	48.027039	43.411255
11.586765	52.585602	48.713684
11.639194	48.160553	43.582916
11.691622	43.582916	38.871765
11.744051	41.847229	39.539337
11.796480	46.977997	40.073395
11.848909	43.087006	39.997101
11.901338	48.179626	42.209625
11.953766	40.740967	36.563873
12.006195	46.501160	41.961670
12.058624	57.678223	52.604675
12.111053	45.261383	40.969849
12.163482	52.032471	45.394897
12.215910	52.490234	48.370361
12.268339	51.689148	47.779083
12.320768	45.490265	40.187836
12.373197	42.896271	40.493011
12.425626	50.048828	46.329498
12.478054	55.828094	49.839020
12.530483	63.858032	57.621002
12.582912	49.266815	45.528412
12.635341	47.397614	42.381287
12.687770	60.234070	53.596497
12.740198	41.809082	37.899017
12.792627	42.800903	38.375854
12.845056	47.931671	43.792725
12.897485	48.046112	44.269562
12.949914	40.321350	36.544800
13.002342	65.040588	58.917999
13.054771	54.340363	51.155090
13.107200	51.441193	48.618317
13.159629	43.983459	40.664673
13.212058	53.043365	47.454834
13.264486	47.035217	43.525696
13.316915	39.863586	35.457611
13.369344	36.964417	36.029816
13.421773	38.871765	36.659241
13.474202	44.956207	40.531158
13.526630	54.950714	49.972534
13.579059	39.634705	38.070679
13.631488	41.923523	38.509369
13.683917	52.642822	48.961639
13.736346	62.942505	57.926178
13.788774	46.615601	43.220520
13.841203	46.329498	42.304993
13.893632	61.931610	54.111481
13.946061	33.969879	33.130646
13.998490	46.596527	43.087006
14.050918	50.697327	44.918060
14.103347	57.334900	52.871704
14.155776	36.792755	34.961700
14.208205	40.035248	36.125183
14.260634	54.607391	48.599243
14.313062	40.054321	37.631989
14.365491	47.550201	45.394897
