3/3/2026	9:49 AM
Pseudo Cross Correlation
Scattering angle:	32.00
Duration (s):	15
Wavelength (nm):	660.0
Refractive index:	1.330
Viscosity (mPas):	1.002
Temperature (K):	293.2
Laser intensity (mW):	84.000000
Average Count rate  A (kHz):	175.0
Average Count rate  B (kHz):	160.4
Intercept:	0.8906
Cumulant 1st	82.4427
Cumulant 2nd	51.5482	51.6974
Cumulant 3rd	36.6739	50.4574

Lag time (s)         g2-1
1.25E-08	0.915371
2.5E-08	0.88355
3.75E-08	0.880388
5E-08	0.908058
6.25E-08	0.899362
7.5E-08	0.891258
8.75E-08	0.923277
1E-07	0.894025
1.125E-07	0.893037
1.25E-07	0.933357
1.375E-07	0.894618
1.5E-07	0.889875
1.625E-07	0.923672
1.75E-07	0.903117
1.875E-07	0.90371
2E-07	0.907663
2.125E-07	0.922684
2.375E-07	0.908651
2.625E-07	0.878412
2.875E-07	0.906477
3.125E-07	0.904105
3.375E-07	0.898571
3.625E-07	0.893235
3.875E-07	0.891061
4.125E-07	0.905737
4.625E-07	0.900944
5.125E-07	0.894718
5.625E-07	0.891309
6.125E-07	0.917991
6.625E-07	0.892198
7.125E-07	0.911221
7.625E-07	0.887405
8.125E-07	0.890197
9.125E-07	0.907812
1.0125E-06	0.901981
1.1125E-06	0.882118
1.2125E-06	0.888813
1.3125E-06	0.897386
1.4125E-06	0.892396
1.5125E-06	0.902179
1.6125E-06	0.895644
1.8125E-06	0.894051
2.0125E-06	0.898115
2.2125E-06	0.882069
2.4125E-06	0.895373
2.6125E-06	0.897732
2.8125E-06	0.888826
3.0125E-06	0.894557
3.2125E-06	0.888078
3.6125E-06	0.891154
4.0125E-06	0.895126
4.4125E-06	0.889184
4.8125E-06	0.900227
5.2125E-06	0.891407
5.6125E-06	0.892995
6.0125E-06	0.884249
6.4125E-06	0.892902
7.2125E-06	0.888841
8.0125E-06	0.89033
8.8125E-06	0.890354
9.6125E-06	0.891475
1.04125E-05	0.892318
1.12125E-05	0.887721
1.20125E-05	0.883675
1.28125E-05	0.884368
1.44125E-05	0.88708
1.60125E-05	0.881852
1.76125E-05	0.882088
1.92125E-05	0.87946
2.08125E-05	0.87904
2.24125E-05	0.874312
2.40125E-05	0.876722
2.56125E-05	0.873504
2.88125E-05	0.87184
3.20125E-05	0.871855
3.52125E-05	0.866834
3.84125E-05	0.865569
4.16125E-05	0.862541
4.48125E-05	0.860593
4.80125E-05	0.859926
5.12125E-05	0.857439
5.76125E-05	0.853106
6.40125E-05	0.848226
7.04125E-05	0.842785
7.68125E-05	0.838892
8.32125E-05	0.836431
8.96125E-05	0.831705
9.60125E-05	0.826171
0.000102413	0.823363
0.000115213	0.815574
0.000128013	0.809107
0.000140813	0.801296
0.000153613	0.794592
0.000166413	0.787864
0.000179213	0.781952
0.000192013	0.776301
0.000204813	0.769815
0.000230413	0.758436
0.000256013	0.747976
0.000281613	0.737591
0.000307213	0.727887
0.000332813	0.719134
0.000358413	0.71108
0.000384013	0.703591
0.000409613	0.695845
0.000460813	0.682464
0.000512013	0.670403
0.000563213	0.658847
0.000614413	0.647533
0.000665613	0.638301
0.000716813	0.629486
0.000768013	0.621066
0.000819213	0.613837
0.000921613	0.599334
0.00102401	0.586086
0.00112641	0.575557
0.00122881	0.565733
0.00133121	0.555896
0.00143361	0.54611
0.00153601	0.536371
0.00163841	0.527122
0.00184321	0.511012
0.00204801	0.494965
0.00225281	0.479445
0.00245761	0.466027
0.00266241	0.453939
0.00286721	0.442807
0.00307201	0.433058
0.00327681	0.4238
0.00368641	0.404226
0.00409601	0.385395
0.00450561	0.367893
0.00491521	0.349667
0.00532481	0.334126
0.00573441	0.319324
0.00614401	0.303081
0.00655361	0.288621
0.00737281	0.261857
0.00819201	0.241881
0.00901121	0.22189
0.00983041	0.206169
0.0106496	0.193269
0.0114688	0.183908
0.012288	0.167962
0.0131072	0.156379
0.0147456	0.136748
0.016384	0.118797
0.0180224	0.102158
0.0196608	0.0919427
0.0212992	0.0837938
0.0229376	0.0784938
0.024576	0.07001
0.0262144	0.0638476
0.0294912	0.0548734
0.032768	0.0484688
0.0360448	0.0343821
0.0393216	0.0251947
0.0425984	0.0246081
0.0458752	0.0249373
0.049152	0.0234606
0.0524288	0.0206231
0.0589824	0.01705
0.065536	0.017152
0.0720896	0.020761
0.0786432	0.0312636
0.0851968	0.021858
0.0917504	0.0165243
0.098304	0.010107
0.104858	0.0181094
0.117965	0.024999
0.131072	0.0334137
0.144179	0.0168874
0.157286	0.018566
0.170394	0.0266595
0.183501	0.0235317
0.196608	-0.000505517
0.209715	-0.00759473
0.23593	-0.00395987
0.262144	-0.0109988
0.288358	0.0157467
0.314573	0.0141545
0.340787	0.0218452
0.367002	0.0101483
0.393216	-0.00686261
0.41943	-0.00882275
0.471859	0.00897888
0.524288	0.0110401
0.576717	0.00357866
0.629146	0.00266741
0.681574	-0.0184044
0.734003	-0.00508616
0.786432	0.0238224
0.838861	0.00995925
0.943718	0.0358231
1.04858	0.0278855
1.15343	0.00820174
1.25829	0.00973235
1.36315	0.0188792
1.46801	0.0104464
1.57286	0.0207885
1.67772	0.0330519
1.88744	0.011669
2.09715	-0.00296302
2.30687	0.012107
2.51658	0.00982603
2.7263	0.00290148
2.93601	-0.00459464
3.14573	-0.0173373
3.35544	-0.00147352
3.77487	-0.0274935
4.1943	-0.0272552
4.61373	-0.0452016
5.03316	-0.0407554
5.4526	-0.071002
5.87203	-0.0696303
6.29146	-0.0774319
6.71089	-0.0877023
7.54975	-0.0903743
8.38861	-0.121932
9.22747	-0.140625
10.0663	-0.144
10.9052	-0.128434
11.7441	-0.150197
12.5829	-0.0748572

Count Rate History (KHz)  CR CHA / CR CHB
0.000000	214.595795	199.775696
0.052429	154.666901	142.993927
0.104858	235.843658	220.146179
0.157286	230.617523	213.546753
0.209715	185.832977	175.209045
0.262144	188.083649	170.173645
0.314573	114.059448	103.073120
0.367002	80.394745	73.852539
0.419430	109.901428	101.222992
0.471859	114.116669	105.323792
0.524288	192.623138	177.860260
0.576717	209.045410	187.931061
0.629146	143.737793	133.724213
0.681574	95.062256	87.337494
0.734003	113.468170	105.705261
0.786432	227.375031	213.203430
0.838861	289.249420	260.047913
0.891290	131.912231	122.489929
0.943718	111.293793	102.157593
0.996147	152.664185	141.143799
1.048576	182.800293	170.173645
1.101005	182.209015	166.950226
1.153434	152.339935	141.563416
1.205862	181.789398	167.922974
1.258291	73.299408	66.547394
1.310720	94.394684	89.244843
1.363149	149.097443	133.457184
1.415578	128.116608	120.258331
1.468006	154.361725	140.628815
1.520435	101.623535	94.394684
1.572864	149.841309	137.672424
1.625293	79.250336	71.182251
1.677722	167.732239	153.713226
1.730150	252.819061	228.595734
1.782579	384.178162	354.385376
1.835008	428.352356	382.900238
1.887437	250.282288	225.868225
1.939866	222.702026	204.391479
1.992294	156.898499	142.898560
2.044723	99.925995	94.261169
2.097152	140.800476	126.132965
2.149581	143.642426	131.340027
2.202010	383.834839	352.058411
2.254438	128.173828	116.958618
2.306867	257.244110	233.688354
2.359296	162.239075	145.568848
2.411725	141.162872	132.732391
2.464154	259.170532	241.394043
2.516582	169.963837	152.473450
2.569011	169.334412	155.067444
2.621440	201.549530	182.151794
2.673869	264.396667	242.424011
2.726298	426.082611	393.257141
2.778726	130.329132	120.086670
2.831155	266.017914	241.889954
2.883584	226.974487	208.301544
2.936013	215.950012	198.955536
2.988442	237.369537	217.876434
3.040870	56.533813	51.593781
3.093299	126.972198	119.476318
3.145728	96.874237	87.337494
3.198157	100.173950	93.593597
3.250586	103.378296	94.165802
3.303014	157.718658	144.023895
3.355443	142.574310	129.184723
3.407872	120.487213	107.421875
3.460301	95.272064	88.405609
3.512730	182.666779	167.236328
3.565158	196.819305	182.342529
3.617587	258.197784	232.162476
3.670016	519.065857	473.670959
3.722445	397.911072	361.862183
3.774874	172.271729	158.271790
3.827302	114.898682	105.419159
3.879731	222.244263	207.138062
3.932160	242.500305	223.007202
3.984589	354.652405	322.074890
4.037018	211.448669	194.263458
4.089446	112.743378	106.182098
4.141875	257.625580	238.685608
4.194304	212.001801	195.159912
4.246733	135.326385	121.746063
4.299162	315.628052	290.737152
4.351590	181.064606	163.116455
4.404019	104.293823	96.263885
4.456448	203.762054	186.653137
4.508877	261.974335	239.486694
4.561306	93.841553	84.533691
4.613734	63.114166	59.032440
4.666163	263.214111	239.200592
4.718592	198.669434	184.078217
4.771021	371.818542	336.818695
4.823450	125.293732	111.007690
4.875878	220.069885	199.489594
4.928307	260.829926	235.424042
4.980736	110.225677	100.173950
5.033165	345.172882	315.628052
5.085594	159.835815	143.585205
5.138022	288.333893	262.374878
5.190451	168.952942	154.819489
5.242880	475.349426	441.532135
5.295309	353.374481	326.576233
5.347738	196.628571	180.187225
5.400166	242.977142	223.426819
5.452595	96.416473	88.672638
5.505024	83.770752	76.942444
5.557453	121.974945	112.190247
5.609882	99.201202	90.770721
5.662310	249.519348	230.445862
5.714739	166.358948	151.939392
5.767168	85.067749	77.209473
5.819597	287.723541	265.407562
5.872026	213.489532	199.356079
5.924454	110.054016	100.307465
5.976883	103.149414	94.203949
6.029312	211.009979	189.609528
6.081741	107.707977	98.114014
6.134170	255.432129	232.067108
6.186598	328.025818	301.342010
6.239027	204.448700	193.042755
6.291456	101.833344	94.356537
6.343885	224.323273	202.426910
6.396314	179.443359	160.503387
6.448742	186.271667	167.675018
6.501171	186.004639	171.566010
6.553600	142.173767	131.931305
6.606029	127.906799	120.067596
6.658458	210.952759	189.151764
6.710886	177.154541	162.696838
6.763315	155.048370	138.473511
6.815744	108.051300	100.708008
6.868173	107.059479	99.029541
6.920602	183.334351	165.805817
6.973030	233.879089	213.546753
7.025459	208.034515	186.309814
7.077888	144.443512	135.593414
7.130317	152.683258	139.598846
7.182746	170.574188	156.326294
7.235174	121.421814	110.855103
7.287603	72.383881	63.705444
7.340032	118.961334	106.945038
7.392461	132.293701	117.282867
7.444890	200.576782	186.557770
7.497318	253.677368	236.606598
7.549747	213.241577	199.222565
7.602176	321.350098	295.028687
7.654605	305.938721	278.644562
7.707034	102.424622	95.348358
7.759462	158.634186	140.209198
7.811891	168.933868	154.781342
7.864320	123.119354	113.353729
7.916749	232.391357	211.906433
7.969178	352.687836	322.360992
8.021606	134.735107	120.277405
8.074035	140.571594	127.773285
8.126464	380.458832	349.674225
8.178893	109.386444	100.631714
8.231322	253.429413	227.699280
8.283750	121.250153	113.639832
8.336179	214.080811	195.770264
8.388608	175.666809	161.209106
8.441037	220.031738	199.966431
8.493466	194.778442	187.225342
8.545894	307.292938	277.996063
8.598323	123.786926	115.795135
8.650752	176.753998	169.601440
8.703181	85.449219	81.729889
8.755610	140.037537	123.405457
8.808038	184.707642	170.097351
8.860467	143.833160	133.628845
8.912896	104.980469	98.400116
8.965325	165.958405	151.004791
9.017754	258.331299	236.759186
9.070182	157.451630	144.176483
9.122611	333.442688	307.407379
9.175040	170.726776	156.440735
9.227469	137.825012	127.315521
9.279898	110.855103	100.173950
9.332326	234.470367	216.217041
9.384755	120.086670	110.797882
9.437184	127.830505	117.797852
9.489613	171.070099	155.067444
9.542042	85.067749	80.661774
9.594470	133.819580	122.337341
9.646899	100.097656	90.007782
9.699328	163.898468	148.239136
9.751757	100.078583	88.195801
9.804186	135.078430	122.299194
9.856614	139.789581	127.315521
9.909043	176.715851	158.519745
9.961472	207.843781	192.832947
10.013901	141.410828	130.615234
10.066330	152.683258	140.056610
10.118758	153.083801	143.337250
10.171187	135.726929	126.609802
10.223616	148.048401	137.386322
10.276045	192.680359	178.794861
10.328474	193.271637	173.645020
10.380902	122.890472	112.571716
10.433331	176.315308	162.162781
10.485760	149.497986	140.876770
10.538189	117.378235	108.451843
10.590618	122.108459	111.370087
10.643046	142.612457	130.443573
10.695475	163.688660	148.506165
10.747904	139.217377	125.617981
10.800333	89.969635	81.806183
10.852762	274.887085	254.516602
10.905190	100.173950	94.318390
10.957619	151.805878	138.034821
11.010048	212.688446	194.740295
11.062477	130.596161	120.677948
11.114906	151.386261	138.301849
11.167334	194.473267	182.151794
11.219763	127.868652	118.465424
11.272192	153.789520	134.983063
11.324621	118.312836	108.890533
11.377050	120.391846	111.198425
11.429478	202.159882	183.010101
11.481907	126.438141	116.767883
11.534336	149.040222	134.563446
11.586765	112.209320	101.737976
11.639194	174.312592	160.427094
11.691622	208.568573	195.102692
11.744051	120.677948	109.252930
11.796480	197.391510	185.718536
11.848909	111.637115	100.517273
11.901338	120.429993	112.018585
11.953766	126.132965	111.846924
12.006195	180.969238	164.775848
12.058624	179.100037	160.713196
12.111053	154.552460	142.707825
12.163482	84.762573	77.457428
12.215910	92.220306	86.059570
12.268339	96.473694	88.253021
12.320768	83.026886	78.430176
12.373197	127.716064	113.964081
12.425626	174.465179	155.887604
12.478054	98.304749	92.754364
12.530483	68.702698	62.866211
12.582912	171.184540	151.176453
12.635341	82.721710	75.569153
12.687770	111.618042	108.947754
12.740198	108.165741	97.465515
12.792627	161.857605	145.397186
12.845056	132.617950	117.816925
12.897485	291.118622	269.279480
12.949914	256.347656	237.445831
13.002342	244.483948	219.898224
13.054771	251.483917	235.996246
13.107200	121.688843	115.528107
13.159629	109.119415	101.165771
13.212058	198.307037	182.723999
13.264486	198.554993	186.614990
13.316915	147.399902	132.179260
13.369344	159.645081	146.713257
13.421773	155.487061	142.745972
13.474202	144.062042	129.833221
13.526630	140.781403	127.353668
13.579059	148.944855	139.369965
13.631488	147.762299	134.334564
13.683917	155.735016	136.890411
13.736346	112.266541	98.590851
13.788774	188.522339	175.781250
13.841203	133.743286	123.786926
13.893632	150.089264	137.615204
13.946061	204.486847	182.704926
13.998490	158.634186	145.149231
14.050918	113.029480	102.939606
14.103347	94.528198	91.533661
14.155776	290.222168	264.472961
14.208205	86.421967	79.956055
14.260634	127.010345	115.966797
14.313062	150.432587	136.966705
14.365491	174.503326	158.710480
