3/3/2026	10:4 AM
Pseudo Cross Correlation
Scattering angle:	59.99
Duration (s):	15
Wavelength (nm):	660.0
Refractive index:	1.330
Viscosity (mPas):	1.002
Temperature (K):	293.2
Laser intensity (mW):	84.000000
Average Count rate  A (kHz):	56.6
Average Count rate  B (kHz):	52.1
Intercept:	0.8811
Cumulant 1st	24.9003
Cumulant 2nd	16.5112	16.4091
Cumulant 3rd	13.6955	17.6398

Lag time (s)         g2-1
1.25E-08	0.929945
2.5E-08	0.864718
3.75E-08	0.860881
5E-08	0.855126
6.25E-08	0.858963
7.5E-08	0.931864
8.75E-08	0.937619
1E-07	0.958722
1.125E-07	0.824431
1.25E-07	0.956803
1.375E-07	0.872392
1.5E-07	0.812921
1.625E-07	0.968314
1.75E-07	0.853208
1.875E-07	0.834023
2E-07	0.891576
2.125E-07	0.840738
2.375E-07	0.893495
2.625E-07	0.975028
2.875E-07	0.919394
3.125E-07	0.916516
3.375E-07	0.876229
3.625E-07	0.852248
3.875E-07	0.834023
4.125E-07	0.818196
4.625E-07	0.866157
5.125E-07	0.85033
5.625E-07	0.84985
6.125E-07	0.865678
6.625E-07	0.91172
7.125E-07	0.881984
7.625E-07	0.873351
8.125E-07	0.907164
9.125E-07	0.86208
1.0125E-06	0.897092
1.1125E-06	0.858963
1.2125E-06	0.895653
1.3125E-06	0.857764
1.4125E-06	0.866637
1.5125E-06	0.860402
1.6125E-06	0.858843
1.8125E-06	0.875509
2.0125E-06	0.876229
2.2125E-06	0.858723
2.4125E-06	0.868076
2.6125E-06	0.873471
2.8125E-06	0.854647
3.0125E-06	0.876948
3.2125E-06	0.85045
3.6125E-06	0.852788
4.0125E-06	0.867476
4.4125E-06	0.857764
4.8125E-06	0.864419
5.2125E-06	0.851589
5.6125E-06	0.860462
6.0125E-06	0.867116
6.4125E-06	0.856657
7.2125E-06	0.848146
8.0125E-06	0.85603
8.8125E-06	0.850035
9.6125E-06	0.827133
1.04125E-05	0.852433
1.12125E-05	0.826444
1.20125E-05	0.825904
1.28125E-05	0.821873
1.44125E-05	0.817766
1.60125E-05	0.819729
1.76125E-05	0.802029
1.92125E-05	0.795569
2.08125E-05	0.791118
2.24125E-05	0.791492
2.40125E-05	0.784343
2.56125E-05	0.777968
2.88125E-05	0.764928
3.20125E-05	0.753523
3.52125E-05	0.740603
3.84125E-05	0.739164
4.16125E-05	0.724334
4.48125E-05	0.71104
4.80125E-05	0.703443
5.12125E-05	0.696071
5.76125E-05	0.679618
6.40125E-05	0.660463
7.04125E-05	0.647951
7.68125E-05	0.631786
8.32125E-05	0.617711
8.96125E-05	0.604445
9.60125E-05	0.597708
0.000102413	0.58503
0.000115213	0.564404
0.000128013	0.542874
0.000140813	0.522811
0.000153613	0.508027
0.000166413	0.496973
0.000179213	0.482909
0.000192013	0.470244
0.000204813	0.459539
0.000230413	0.441624
0.000256013	0.424521
0.000281613	0.408456
0.000307213	0.39715
0.000332813	0.382421
0.000358413	0.372196
0.000384013	0.361093
0.000409613	0.351089
0.000460813	0.333776
0.000512013	0.318656
0.000563213	0.304768
0.000614413	0.291516
0.000665613	0.278798
0.000716813	0.267499
0.000768013	0.259264
0.000819213	0.246698
0.000921613	0.226348
0.00102401	0.206835
0.00112641	0.191859
0.00122881	0.176482
0.00133121	0.161615
0.00143361	0.150234
0.00153601	0.138255
0.00163841	0.126784
0.00184321	0.105934
0.00204801	0.0885754
0.00225281	0.0751257
0.00245761	0.0662269
0.00266241	0.0584375
0.00286721	0.0510652
0.00307201	0.044466
0.00327681	0.041222
0.00368641	0.036842
0.00409601	0.0326965
0.00450561	0.0286081
0.00491521	0.0259485
0.00532481	0.0205319
0.00573441	0.0129747
0.00614401	0.0124607
0.00655361	0.0116452
0.00737281	0.00854579
0.00819201	0.0020532
0.00901121	-0.000503696
0.00983041	-0.00139723
0.0106496	-0.00342509
0.0114688	-0.00166473
0.012288	0.00131578
0.0131072	-0.000234094
0.0147456	-0.00293097
0.016384	-0.00432759
0.0180224	-0.00703025
0.0196608	-0.0042067
0.0212992	-0.00146103
0.0229376	0.000863393
0.024576	0.00282729
0.0262144	0.00238495
0.0294912	-0.00051974
0.032768	-0.00660936
0.0360448	0.00369095
0.0393216	0.000828855
0.0425984	0.00208708
0.0458752	-0.00308372
0.049152	-0.00106786
0.0524288	-0.00321949
0.0589824	-0.00214646
0.065536	0.00424734
0.0720896	0.000462662
0.0786432	0.00407959
0.0851968	0.00756018
0.0917504	-0.00165515
0.098304	0.00503488
0.104858	0.00470201
0.117965	0.00109478
0.131072	0.000668118
0.144179	-0.00143583
0.157286	-0.00341999
0.170394	-0.001541
0.183501	-0.00302348
0.196608	-0.00719923
0.209715	-0.00157694
0.23593	0.000627828
0.262144	-0.00277797
0.288358	-0.00263036
0.314573	-0.000366719
0.340787	-0.000887339
0.367002	0.000782067
0.393216	0.000381679
0.41943	0.00147625
0.471859	0.000423604
0.524288	-0.00246814
0.576717	-0.000566748
0.629146	-0.00256983
0.681574	0.000313132
0.734003	-0.00237023
0.786432	-0.00122211
0.838861	-5.16055E-05
0.943718	-0.00348015
1.04858	-0.00092957
1.15343	-0.00306
1.25829	-0.00229996
1.36315	-0.000400953
1.46801	0.000471049
1.57286	-0.0021627
1.67772	-0.00137581
1.88744	0.000426098
2.09715	0.00157459
2.30687	-0.000634548
2.51658	0.00268042
2.7263	0.00351569
2.93601	0.00741828
3.14573	0.0074478
3.35544	0.00768107
3.77487	0.00744603
4.1943	0.00656665
4.61373	0.00434077
5.03316	0.00813183
5.4526	0.00415607
5.87203	0.00209961
6.29146	0.00084274
6.71089	0.00236295
7.54975	0.00581417
8.38861	0.0111433
9.22747	0.0172034
10.0663	0.0082548
10.9052	-0.000587072
11.7441	0.00755603
12.5829	0.0278067

Count Rate History (KHz)  CR CHA / CR CHB
0.000000	52.413940	46.520233
0.052429	73.013306	71.182251
0.104858	53.691864	47.054291
0.157286	57.430267	52.719116
0.209715	47.035217	42.076111
0.262144	65.021515	60.958862
0.314573	45.700073	42.514801
0.367002	43.544769	40.626526
0.419430	83.885193	76.313019
0.471859	57.182312	54.340363
0.524288	56.571960	52.947998
0.576717	64.544678	59.070587
0.629146	50.868988	48.503876
0.681574	60.672760	55.847168
0.734003	49.896240	47.492981
0.786432	50.182343	46.138763
0.838861	57.830811	52.509308
0.891290	78.945160	71.945190
0.943718	54.779053	49.915314
0.996147	59.928894	55.236816
1.048576	57.830811	54.664612
1.101005	60.234070	53.958893
1.153434	52.070618	47.531128
1.205862	43.315887	41.198730
1.258291	46.577454	41.599274
1.310720	53.997040	49.819946
1.363149	39.463043	35.781860
1.415578	49.991608	47.168732
1.468006	61.511993	57.830811
1.520435	62.046051	61.454773
1.572864	61.092377	56.762695
1.625293	55.770874	50.506592
1.677722	55.503845	51.193237
1.730150	48.484802	43.220520
1.782579	44.536591	42.018890
1.835008	59.108734	52.528381
1.887437	49.762726	46.176910
1.939866	56.934357	52.604675
1.992294	64.773560	60.958862
2.044723	53.443909	48.179626
2.097152	65.765381	60.520172
2.149581	49.495697	46.825409
2.202010	46.138763	39.501190
2.254438	70.438385	63.896179
2.306867	54.340363	50.334930
2.359296	57.697296	55.713654
2.411725	46.825409	42.629242
2.464154	41.999817	39.024353
2.516582	43.659210	43.735504
2.569011	43.487549	39.634705
2.621440	53.462982	51.574707
2.673869	54.759979	52.070618
2.726298	43.010712	41.522980
2.778726	39.978027	35.972595
2.831155	55.236816	50.411224
2.883584	54.073334	49.819946
2.936013	55.980682	50.811768
2.988442	51.116943	48.465729
3.040870	57.182312	53.443909
3.093299	62.179565	55.847168
3.145728	45.852661	42.915344
3.198157	59.299469	53.138733
3.250586	49.266815	47.664642
3.303014	62.789917	55.332184
3.355443	57.621002	51.269531
3.407872	44.364929	41.999817
3.460301	60.386658	55.122375
3.512730	63.190460	56.877136
3.565158	53.920746	48.503876
3.617587	72.498322	66.413879
3.670016	70.762634	64.487457
3.722445	48.713684	43.048859
3.774874	47.206879	45.490265
3.827302	56.610107	51.631927
3.879731	60.825348	54.607391
3.932160	66.108704	61.168671
3.984589	49.686432	47.702789
4.037018	56.858063	52.299500
4.089446	60.386658	56.324005
4.141875	65.269470	59.108734
4.194304	53.558350	48.770905
4.246733	61.473846	56.953430
4.299162	56.762695	54.283142
4.351590	84.342957	78.544617
4.404019	50.106049	45.852661
4.456448	70.362091	65.135956
4.508877	44.097900	40.893555
4.561306	57.392120	50.296783
4.613734	43.849945	40.264130
4.666163	52.261353	47.245026
4.718592	59.871674	56.552887
4.771021	45.833588	43.563843
4.823450	40.760040	38.185120
4.875878	52.394867	48.294067
4.928307	61.130524	55.332184
4.980736	60.825348	54.855347
5.033165	73.356628	65.135956
5.085594	54.359436	49.819946
5.138022	80.089569	72.517395
5.190451	52.871704	45.738220
5.242880	68.359375	59.623718
5.295309	55.370331	52.127838
5.347738	49.991608	46.558380
5.400166	60.501099	53.863525
5.452595	72.574615	64.754486
5.505024	56.991577	51.460266
5.557453	50.067902	46.520233
5.609882	74.443817	69.637299
5.662310	51.078796	46.424866
5.714739	72.116852	66.604614
5.767168	56.724548	50.029755
5.819597	46.787262	43.869019
5.872026	53.386688	48.122406
5.924454	48.847198	46.119690
5.976883	48.637390	42.667389
6.029312	65.727234	60.253143
6.081741	61.569214	52.795410
6.134170	72.441101	68.607330
6.186598	55.389404	51.116943
6.239027	56.877136	51.956177
6.291456	54.340363	49.438477
6.343885	67.539215	60.749054
6.396314	56.476593	52.986145
6.448742	44.212341	41.332245
6.501171	51.193237	47.855377
6.553600	56.400299	52.108765
6.606029	60.253143	56.247711
6.658458	59.490204	54.130554
6.710886	54.454803	49.686432
6.763315	59.623718	53.138733
6.815744	40.607452	37.002563
6.868173	64.334869	58.441162
6.920602	56.762695	50.258636
6.973030	54.817200	50.773621
7.025459	55.217743	50.830841
7.077888	48.007965	44.097900
7.130317	46.634674	43.506622
7.182746	66.280365	61.607361
7.235174	58.231354	53.615570
7.287603	48.599243	44.345856
7.340032	68.454742	63.686371
7.392461	43.888092	41.923523
7.444890	61.149597	56.037903
7.497318	61.683655	55.141449
7.549747	51.078796	47.397614
7.602176	49.171448	46.443939
7.654605	51.708221	47.626495
7.707034	62.923431	57.430267
7.759462	53.348541	50.144196
7.811891	60.634613	56.114197
7.864320	63.610077	55.522919
7.916749	55.027008	49.571991
7.969178	50.086975	45.757294
8.021606	52.814484	49.629211
8.074035	46.463013	45.700073
8.126464	60.615540	58.135986
8.178893	52.356720	51.212311
8.231322	48.904419	46.558380
8.283750	64.792633	58.460236
8.336179	51.193237	47.206879
8.388608	55.370331	49.362183
8.441037	56.171417	52.547455
8.493466	59.299469	52.757263
8.545894	53.462982	49.667358
8.598323	66.967010	60.462952
8.650752	61.855316	58.155060
8.703181	48.561096	45.223236
8.755610	56.018829	52.471161
8.808038	57.830811	53.977966
8.860467	41.809082	37.975311
8.912896	48.007965	44.097900
8.965325	49.285889	44.803619
9.017754	45.375824	43.373108
9.070182	61.168671	55.885315
9.122611	68.473816	65.917969
9.175040	60.520172	53.691864
9.227469	48.160553	43.830872
9.279898	62.866211	56.476593
9.332326	50.354004	46.558380
9.384755	63.285828	60.462952
9.437184	56.972504	52.471161
9.489613	66.909790	63.304901
9.542042	69.961548	67.691803
9.594470	64.811707	58.059692
9.646899	64.735413	58.097839
9.699328	38.108826	34.503937
9.751757	46.749115	41.580200
9.804186	55.694580	52.356720
9.856614	55.484772	51.689148
9.909043	56.858063	53.558350
9.961472	53.386688	49.114227
10.013901	91.171265	83.122253
10.066330	44.784546	40.493011
10.118758	64.983368	59.642792
10.171187	61.569214	55.046082
10.223616	65.517426	61.130524
10.276045	45.986176	45.375824
10.328474	88.329315	80.604553
10.380902	53.577423	51.727295
10.433331	70.590973	64.659119
10.485760	83.446503	73.909760
10.538189	44.040680	42.247772
10.590618	58.593750	54.302216
10.643046	46.901703	43.716431
10.695475	55.809021	50.811768
10.747904	56.324005	50.945282
10.800333	46.443939	40.950775
10.852762	50.373077	45.070648
10.905190	56.362152	52.452087
10.957619	56.571960	50.449371
11.010048	63.819885	61.740875
11.062477	47.206879	43.926239
11.114906	45.375824	41.503906
11.167334	46.653748	42.133331
11.219763	59.661865	55.503845
11.272192	65.517426	58.898926
11.324621	64.506531	57.296753
11.377050	60.462952	57.010651
11.429478	54.645538	50.220490
11.481907	51.517487	47.130585
11.534336	42.495728	37.555695
11.586765	47.550201	45.509338
11.639194	67.520142	63.095093
11.691622	58.403015	54.759979
11.744051	59.642792	56.838989
11.796480	60.939789	55.160522
11.848909	52.413940	49.076080
11.901338	49.610138	45.661926
11.953766	57.716370	55.255890
12.006195	44.002533	40.283203
12.058624	50.048828	46.482086
12.111053	56.266785	51.784515
12.163482	50.067902	45.261383
12.215910	45.928955	41.179657
12.268339	49.018860	46.157837
12.320768	68.111420	63.915253
12.373197	57.945251	55.332184
12.425626	61.759949	55.770874
12.478054	67.653656	61.244965
12.530483	58.269501	52.833557
12.582912	49.762726	45.051575
12.635341	44.708252	41.179657
12.687770	52.795410	50.125122
12.740198	51.517487	47.740936
12.792627	55.122375	51.002502
12.845056	61.817169	55.160522
12.897485	57.754517	52.528381
12.949914	64.449310	58.364868
13.002342	75.244904	69.179535
13.054771	59.013367	55.503845
13.107200	66.642761	60.997009
13.159629	72.879791	67.729950
13.212058	63.667297	57.849884
13.264486	46.977997	42.972565
13.316915	51.822662	48.408508
13.369344	52.146912	51.860809
13.421773	46.043396	41.217804
13.474202	56.095123	52.108765
13.526630	57.716370	54.264069
13.579059	59.700012	52.890778
13.631488	58.574677	51.498413
13.683917	53.615570	49.324036
13.736346	48.065186	45.833588
13.788774	51.574707	46.749115
13.841203	67.520142	62.580109
13.893632	67.596436	63.476563
13.946061	71.277618	65.231323
13.998490	45.948029	42.819977
14.050918	47.569275	44.460297
14.103347	77.304840	70.571899
