3/3/2026	9:43 AM
Pseudo Cross Correlation
Scattering angle:	20.01
Duration (s):	15
Wavelength (nm):	660.0
Refractive index:	1.330
Viscosity (mPas):	0.999
Temperature (K):	293.1
Laser intensity (mW):	84.000000
Average Count rate  A (kHz):	192.3
Average Count rate  B (kHz):	176.0
Intercept:	0.8351
Cumulant 1st	33.9424
Cumulant 2nd	22.5248	21.9158
Cumulant 3rd	17.8595	23.3806

Lag time (s)         g2-1
1.25E-08	0.824302
2.5E-08	0.830585
3.75E-08	0.847499
5E-08	0.8388
6.25E-08	0.836384
7.5E-08	0.840733
8.75E-08	0.84621
1E-07	0.859258
1.125E-07	0.81351
1.25E-07	0.824302
1.375E-07	0.871017
1.5E-07	0.834612
1.625E-07	0.79869
1.75E-07	0.845405
1.875E-07	0.813026
2E-07	0.865218
2.125E-07	0.841941
2.375E-07	0.821
2.625E-07	0.855392
2.875E-07	0.861433
3.125E-07	0.82986
3.375E-07	0.858936
3.625E-07	0.828491
3.875E-07	0.823739
4.125E-07	0.833927
4.625E-07	0.834411
5.125E-07	0.841579
5.625E-07	0.832598
6.125E-07	0.833726
6.625E-07	0.840371
7.125E-07	0.847539
7.625E-07	0.834169
8.125E-07	0.838639
9.125E-07	0.841881
1.0125E-06	0.841156
1.1125E-06	0.825591
1.2125E-06	0.837793
1.3125E-06	0.831592
1.4125E-06	0.841096
1.5125E-06	0.835276
1.6125E-06	0.838589
1.8125E-06	0.830555
2.0125E-06	0.836092
2.2125E-06	0.84179
2.4125E-06	0.837824
2.6125E-06	0.835115
2.8125E-06	0.832267
3.0125E-06	0.835982
3.2125E-06	0.836838
3.6125E-06	0.833994
4.0125E-06	0.838142
4.4125E-06	0.843851
4.8125E-06	0.835882
5.2125E-06	0.828527
5.6125E-06	0.832217
6.0125E-06	0.834372
6.4125E-06	0.834908
7.2125E-06	0.832887
8.0125E-06	0.835278
8.8125E-06	0.833351
9.6125E-06	0.835838
1.04125E-05	0.834507
1.12125E-05	0.830613
1.20125E-05	0.830762
1.28125E-05	0.832387
1.44125E-05	0.827307
1.60125E-05	0.831353
1.76125E-05	0.828634
1.92125E-05	0.829503
2.08125E-05	0.828223
2.24125E-05	0.825166
2.40125E-05	0.824012
2.56125E-05	0.825427
2.88125E-05	0.823988
3.20125E-05	0.821052
3.52125E-05	0.819482
3.84125E-05	0.818741
4.16125E-05	0.816561
4.48125E-05	0.816161
4.80125E-05	0.813849
5.12125E-05	0.812463
5.76125E-05	0.81187
6.40125E-05	0.808132
7.04125E-05	0.806197
7.68125E-05	0.803161
8.32125E-05	0.800118
8.96125E-05	0.797323
9.60125E-05	0.793398
0.000102413	0.791903
0.000115213	0.788445
0.000128013	0.781985
0.000140813	0.776639
0.000153613	0.773242
0.000166413	0.768805
0.000179213	0.76313
0.000192013	0.759182
0.000204813	0.754556
0.000230413	0.745626
0.000256013	0.736449
0.000281613	0.72857
0.000307213	0.720954
0.000332813	0.711879
0.000358413	0.705315
0.000384013	0.697665
0.000409613	0.690212
0.000460813	0.676745
0.000512013	0.66349
0.000563213	0.651351
0.000614413	0.639892
0.000665613	0.628501
0.000716813	0.618346
0.000768013	0.608412
0.000819213	0.599621
0.000921613	0.582642
0.00102401	0.56722
0.00112641	0.552395
0.00122881	0.538688
0.00133121	0.5264
0.00143361	0.514402
0.00153601	0.503304
0.00163841	0.493401
0.00184321	0.475487
0.00204801	0.45915
0.00225281	0.444563
0.00245761	0.430739
0.00266241	0.418191
0.00286721	0.406557
0.00307201	0.397031
0.00327681	0.387047
0.00368641	0.36811
0.00409601	0.352431
0.00450561	0.338636
0.00491521	0.324225
0.00532481	0.308985
0.00573441	0.295804
0.00614401	0.284786
0.00655361	0.272858
0.00737281	0.253084
0.00819201	0.237106
0.00901121	0.219683
0.00983041	0.203762
0.0106496	0.189022
0.0114688	0.177513
0.012288	0.167039
0.0131072	0.159629
0.0147456	0.143773
0.016384	0.12633
0.0180224	0.106925
0.0196608	0.0930859
0.0212992	0.0888889
0.0229376	0.081098
0.024576	0.0754781
0.0262144	0.067686
0.0294912	0.0542092
0.032768	0.0420462
0.0360448	0.0357754
0.0393216	0.029888
0.0425984	0.0213173
0.0458752	0.0149312
0.049152	0.00889269
0.0524288	0.00122328
0.0589824	0.00394988
0.065536	-0.00343715
0.0720896	0.00804618
0.0786432	0.0161793
0.0851968	0.0101841
0.0917504	0.00530253
0.098304	0.0111897
0.104858	0.0136064
0.117965	0.00384783
0.131072	-0.00106278
0.144179	-0.00978956
0.157286	0.00211714
0.170394	0.00716575
0.183501	0.00566138
0.196608	0.0307444
0.209715	0.0300551
0.23593	0.003607
0.262144	-0.00318082
0.288358	-0.00336374
0.314573	-0.00376456
0.340787	-0.00604271
0.367002	-0.00375549
0.393216	-0.00810216
0.41943	-0.0123085
0.471859	0.00220534
0.524288	0.0185396
0.576717	0.029778
0.629146	0.00589094
0.681574	-0.0133223
0.734003	0.00237312
0.786432	-0.00105683
0.838861	0.00972627
0.943718	-0.0106692
1.04858	-0.00193537
1.15343	-0.00182782
1.25829	-0.00489487
1.36315	-0.00262015
1.46801	-0.00794745
1.57286	0.000360374
1.67772	-0.00739526
1.88744	-0.0146242
2.09715	-0.00733055
2.30687	-0.0107978
2.51658	-0.00862305
2.7263	-0.013166
2.93601	-0.0188925
3.14573	-0.0120256
3.35544	-0.0279655
3.77487	-0.0234734
4.1943	-0.0328455
4.61373	-0.0131464
5.03316	-0.0277249
5.4526	-0.0162554
5.87203	-0.00761754
6.29146	-0.00343235
6.71089	0.00794993
7.54975	0.0222313
8.38861	-0.00290923
9.22747	-0.0185013
10.0663	-0.00306886
10.9052	-0.0471838
11.7441	-0.0499337
12.5829	-0.0433714

Count Rate History (KHz)  CR CHA / CR CHB
0.000000	141.544342	130.043030
0.052429	96.683502	87.051392
0.104858	125.141144	115.318298
0.157286	153.789520	141.849518
0.209715	106.182098	96.740723
0.262144	341.815948	312.156677
0.314573	254.554749	231.819153
0.367002	153.465271	137.062073
0.419430	145.320892	135.097504
0.471859	181.274414	160.942078
0.524288	163.383484	151.252747
0.576717	231.704712	211.429596
0.629146	226.917267	208.930969
0.681574	264.739990	244.731903
0.734003	96.378326	89.454651
0.786432	172.138214	158.653259
0.838861	300.521851	279.254913
0.891290	104.751587	92.945099
0.943718	155.696869	142.631531
0.996147	100.135803	89.263916
1.048576	253.047943	228.061676
1.101005	406.322479	366.725922
1.153434	325.031281	302.753448
1.205862	175.628662	162.982941
1.258291	184.020996	163.040161
1.310720	305.423737	284.366608
1.363149	334.091187	304.889679
1.415578	134.506226	125.045776
1.468006	200.748444	181.465149
1.520435	284.595490	259.456635
1.572864	143.928528	133.285522
1.625293	370.292664	343.399048
1.677722	190.334320	175.876617
1.730150	178.718567	162.277222
1.782579	179.290771	163.707733
1.835008	124.702454	114.059448
1.887437	163.040161	146.579742
1.939866	167.121887	152.893066
1.992294	141.487122	131.416321
2.044723	227.165222	214.614868
2.097152	167.713165	152.854919
2.149581	143.547058	132.331848
2.202010	226.135254	209.617615
2.254438	212.898254	198.478699
2.306867	250.854492	234.031677
2.359296	140.113831	131.206512
2.411725	160.140991	145.339966
2.464154	150.699615	139.942169
2.516582	100.154877	93.536377
2.569011	104.579926	95.367432
2.621440	213.756561	197.658539
2.673869	491.714478	449.829102
2.726298	193.672180	176.925659
2.778726	341.548920	319.995880
2.831155	282.497406	261.001587
2.883584	255.870819	234.241486
2.936013	96.836090	87.471008
2.988442	134.239197	121.402740
3.040870	339.088440	314.159393
3.093299	202.350616	183.734894
3.145728	229.854584	207.576752
3.198157	177.402496	162.525177
3.250586	233.383179	214.214325
3.303014	193.042755	175.056458
3.355443	148.143768	132.961273
3.407872	148.334503	135.631561
3.460301	114.402771	106.906891
3.512730	308.170319	275.020599
3.565158	144.309998	132.427216
3.617587	209.388733	192.623138
3.670016	241.031647	221.233368
3.722445	136.833191	123.806000
3.774874	149.345398	138.568878
3.827302	131.320953	119.628906
3.879731	155.754089	147.285461
3.932160	322.380066	294.570923
3.984589	195.388794	177.879333
4.037018	77.533722	72.765350
4.089446	172.100067	157.165527
4.141875	430.622101	394.535065
4.194304	207.271576	187.358856
4.246733	148.601532	133.972168
4.299162	208.644867	189.113617
4.351590	141.487122	133.476257
4.404019	180.931091	166.950226
4.456448	157.356262	144.119263
4.508877	126.171112	115.184784
4.561306	113.315582	102.062225
4.613734	199.050903	182.952881
4.666163	351.734161	325.012207
4.718592	279.121399	261.268616
4.771021	249.404907	230.140686
4.823450	242.481232	224.170685
4.875878	199.604034	181.579590
4.928307	197.315216	182.590485
4.980736	132.484436	122.776031
5.033165	130.863190	119.018555
5.085594	96.340179	90.808868
5.138022	100.936890	92.582703
5.190451	102.462769	91.152191
5.242880	100.574493	91.381073
5.295309	140.819550	130.214691
5.347738	180.530548	167.865753
5.400166	110.549927	100.955963
5.452595	182.895660	167.312622
5.505024	126.876831	113.945007
5.557453	308.570862	276.622772
5.609882	193.519592	173.759460
5.662310	218.429565	202.522278
5.714739	194.931030	175.781250
5.767168	223.865509	204.181671
5.819597	175.533295	164.680481
5.872026	76.503754	72.937012
5.924454	204.620361	189.533234
5.976883	190.086365	174.293518
6.029312	111.732483	100.383759
6.081741	172.691345	160.846710
6.134170	169.715881	156.192780
6.186598	151.519775	133.972168
6.239027	117.702484	109.996796
6.291456	252.456665	230.083466
6.343885	149.497986	134.677887
6.396314	123.291016	115.566254
6.448742	192.794800	178.871155
6.501171	175.304413	160.789490
6.553600	143.127441	130.462646
6.606029	128.631592	115.852356
6.658458	103.492737	97.637177
6.710886	152.091980	138.683319
6.763315	131.435394	125.255585
6.815744	106.945038	99.697113
6.868173	77.018738	73.261261
6.920602	127.983093	114.574432
6.973030	184.726715	173.168182
7.025459	149.650574	139.026642
7.077888	135.993958	122.680664
7.130317	174.293518	160.236359
7.182746	115.203857	101.909637
7.235174	203.132629	187.473297
7.287603	319.404602	286.216736
7.340032	226.020813	209.522247
7.392461	276.451111	250.492096
7.444890	193.881989	179.023743
7.497318	269.279480	244.140625
7.549747	180.454254	169.067383
7.602176	127.582550	118.064880
7.654605	112.705231	106.754303
7.707034	159.130096	147.190094
7.759462	152.130127	137.119293
7.811891	412.120819	375.175476
7.864320	377.922058	347.557068
7.916749	156.669617	142.078400
7.969178	137.557983	129.146576
8.021606	140.876770	130.729675
8.074035	381.278992	353.813171
8.126464	255.928040	230.369568
8.178893	144.710541	132.255554
8.231322	158.443451	146.179199
8.283750	270.900726	249.576569
8.336179	241.870880	222.396851
8.388608	203.762054	187.911987
8.441037	248.546600	223.388672
8.493466	258.293152	235.500336
8.545894	156.364441	143.432617
8.598323	132.064819	119.724274
8.650752	470.123291	434.741974
8.703181	280.303955	254.116058
8.755610	133.342743	121.555328
8.808038	102.519989	93.250275
8.860467	124.130249	112.304688
8.912896	255.641937	231.246948
8.965325	264.453888	239.868164
9.017754	142.841339	128.250122
9.070182	215.530396	198.669434
9.122611	325.870514	295.696259
9.175040	139.999390	128.746033
9.227469	358.009338	319.995880
9.279898	264.663696	244.388580
9.332326	133.419037	120.143890
9.384755	222.072601	198.669434
9.437184	142.307281	131.855011
9.489613	236.263275	217.838287
9.542042	216.503143	194.683075
9.594470	158.786774	147.438049
9.646899	156.726837	141.849518
9.699328	146.064758	131.435394
9.751757	135.345459	120.010376
9.804186	77.934265	75.035095
9.856614	181.827545	166.664124
9.909043	111.160278	100.135803
9.961472	166.454315	157.566071
10.013901	74.901581	68.798065
10.066330	105.876923	96.321106
10.118758	206.623077	185.089111
10.171187	162.258148	147.609711
10.223616	172.519684	158.615112
10.276045	152.225494	141.563416
10.328474	285.835266	264.930725
10.380902	167.903900	153.694153
10.433331	298.156738	273.818970
10.485760	432.758331	398.616791
10.538189	351.486206	318.145752
10.590618	187.339783	168.056488
10.643046	111.865997	104.160309
10.695475	104.217529	94.890594
10.747904	189.952850	173.797607
10.800333	93.116760	84.838867
10.852762	412.254333	373.039246
10.905190	201.988220	183.620453
10.957619	108.413696	100.612640
11.010048	324.783325	291.900635
11.062477	448.875427	410.423279
11.114906	212.707520	194.358826
11.167334	126.304626	117.855072
11.219763	193.233490	178.508759
11.272192	92.391968	84.190369
11.324621	109.691620	98.896027
11.377050	127.124786	116.615295
11.429478	170.173645	152.473450
11.481907	190.963745	174.045563
11.534336	90.465546	79.936981
11.586765	393.810272	366.134644
11.639194	125.408173	115.585327
11.691622	244.197845	224.647522
11.744051	177.669525	160.465240
11.796480	115.928650	104.026794
11.848909	133.743286	126.094818
11.901338	179.252625	162.429810
11.953766	88.253021	79.040527
12.006195	120.048523	109.825134
12.058624	263.919830	238.304138
12.111053	108.184814	96.282959
12.163482	205.307007	186.653137
12.215910	161.952972	145.912170
12.268339	156.917572	145.435333
12.320768	205.898285	191.326141
12.373197	135.707855	123.138428
12.425626	338.745117	311.832428
12.478054	145.568848	136.165619
12.530483	176.773071	164.051056
12.582912	198.516846	182.609558
12.635341	134.029388	123.882294
12.687770	202.655792	185.699463
12.740198	167.636871	155.448914
12.792627	171.070099	154.380798
12.845056	103.683472	94.108582
12.897485	171.012878	154.399872
12.949914	142.192841	132.141113
13.002342	173.587799	156.726837
13.054771	345.973969	320.835114
13.107200	291.996002	268.592834
13.159629	270.977020	249.500275
13.212058	230.846405	213.146210
13.264486	205.230713	184.783936
13.316915	268.592834	243.320465
13.369344	113.830566	105.628967
13.421773	220.527649	200.424194
13.474202	137.062073	126.209259
13.526630	159.034729	146.179199
13.579059	233.497620	212.917328
13.631488	243.358612	220.336914
13.683917	109.024048	98.857880
13.736346	190.448761	173.015594
13.788774	321.273804	286.331177
13.841203	244.102478	218.086243
13.893632	131.530762	123.786926
13.946061	135.402679	126.724243
13.998490	105.895996	100.440979
14.050918	125.637054	113.868713
14.103347	134.143829	119.361877
14.155776	141.601563	128.364563
14.208205	111.713409	103.416443
14.260634	127.315521	117.130280
14.313062	146.961212	133.342743
14.365491	288.887024	257.778168
14.417920	200.576782	181.026459
14.470349	110.569000	100.002289
14.522778	194.091797	173.053741
14.575206	475.673676	430.278778
14.627635	234.680176	214.805603
