3/3/2026	9:47 AM
Pseudo Cross Correlation
Scattering angle:	27.99
Duration (s):	15
Wavelength (nm):	660.0
Refractive index:	1.330
Viscosity (mPas):	1.000
Temperature (K):	293.1
Laser intensity (mW):	84.000000
Average Count rate  A (kHz):	1043.0
Average Count rate  B (kHz):	952.6
Intercept:	0.7259
Cumulant 1st	6562.2211
Cumulant 2nd	3740.0169	3706.3733
Cumulant 3rd	2228.8016	2916.9828

Lag time (s)         g2-1
1.25E-08	0.745868
2.5E-08	0.751938
3.75E-08	0.748766
5E-08	0.750637
6.25E-08	0.753675
7.5E-08	0.748532
8.75E-08	0.751603
1E-07	0.752072
1.125E-07	0.742216
1.25E-07	0.74985
1.375E-07	0.751419
1.5E-07	0.747365
1.625E-07	0.749961
1.75E-07	0.750883
1.875E-07	0.751765
2E-07	0.749135
2.125E-07	0.750238
2.375E-07	0.75033
2.625E-07	0.750727
2.875E-07	0.749894
3.125E-07	0.751776
3.375E-07	0.750506
3.625E-07	0.749936
3.875E-07	0.749808
4.125E-07	0.749245
4.625E-07	0.748807
5.125E-07	0.748719
5.625E-07	0.750847
6.125E-07	0.748695
6.625E-07	0.75132
7.125E-07	0.751585
7.625E-07	0.749491
8.125E-07	0.750069
9.125E-07	0.748743
1.0125E-06	0.749876
1.1125E-06	0.750016
1.2125E-06	0.750836
1.3125E-06	0.751484
1.4125E-06	0.750484
1.5125E-06	0.749109
1.6125E-06	0.749955
1.8125E-06	0.748978
2.0125E-06	0.749232
2.2125E-06	0.749934
2.4125E-06	0.750915
2.6125E-06	0.74958
2.8125E-06	0.750726
3.0125E-06	0.749779
3.2125E-06	0.75041
3.6125E-06	0.749787
4.0125E-06	0.750306
4.4125E-06	0.749833
4.8125E-06	0.74942
5.2125E-06	0.750331
5.6125E-06	0.74954
6.0125E-06	0.749707
6.4125E-06	0.749898
7.2125E-06	0.749316
8.0125E-06	0.749481
8.8125E-06	0.749543
9.6125E-06	0.74932
1.04125E-05	0.749232
1.12125E-05	0.749205
1.20125E-05	0.749163
1.28125E-05	0.748772
1.44125E-05	0.748299
1.60125E-05	0.748364
1.76125E-05	0.748323
1.92125E-05	0.748541
2.08125E-05	0.747471
2.24125E-05	0.748073
2.40125E-05	0.747198
2.56125E-05	0.747134
2.88125E-05	0.746967
3.20125E-05	0.746749
3.52125E-05	0.746304
3.84125E-05	0.74586
4.16125E-05	0.745625
4.48125E-05	0.74509
4.80125E-05	0.745068
5.12125E-05	0.744679
5.76125E-05	0.743969
6.40125E-05	0.743352
7.04125E-05	0.742802
7.68125E-05	0.742454
8.32125E-05	0.741529
8.96125E-05	0.740913
9.60125E-05	0.740572
0.000102413	0.739946
0.000115213	0.738797
0.000128013	0.737714
0.000140813	0.736819
0.000153613	0.735765
0.000166413	0.734637
0.000179213	0.733764
0.000192013	0.732631
0.000204813	0.731832
0.000230413	0.730029
0.000256013	0.728328
0.000281613	0.726708
0.000307213	0.725131
0.000332813	0.723729
0.000358413	0.722222
0.000384013	0.720833
0.000409613	0.719486
0.000460813	0.717013
0.000512013	0.714581
0.000563213	0.712387
0.000614413	0.71041
0.000665613	0.708353
0.000716813	0.706695
0.000768013	0.704914
0.000819213	0.703306
0.000921613	0.700248
0.00102401	0.697574
0.00112641	0.695258
0.00122881	0.693078
0.00133121	0.69107
0.00143361	0.689167
0.00153601	0.687403
0.00163841	0.68557
0.00184321	0.682121
0.00204801	0.679261
0.00225281	0.676287
0.00245761	0.673494
0.00266241	0.67077
0.00286721	0.668283
0.00307201	0.665994
0.00327681	0.663627
0.00368641	0.658844
0.00409601	0.654237
0.00450561	0.649506
0.00491521	0.645266
0.00532481	0.641103
0.00573441	0.63718
0.00614401	0.633337
0.00655361	0.630054
0.00737281	0.624171
0.00819201	0.618397
0.00901121	0.613149
0.00983041	0.608253
0.0106496	0.603272
0.0114688	0.598262
0.012288	0.593001
0.0131072	0.588663
0.0147456	0.580788
0.016384	0.574169
0.0180224	0.567383
0.0196608	0.560568
0.0212992	0.554564
0.0229376	0.549284
0.024576	0.544966
0.0262144	0.541595
0.0294912	0.534615
0.032768	0.528852
0.0360448	0.523305
0.0393216	0.519499
0.0425984	0.515597
0.0458752	0.510329
0.049152	0.50517
0.0524288	0.499736
0.0589824	0.489054
0.065536	0.483489
0.0720896	0.47999
0.0786432	0.473882
0.0851968	0.469017
0.0917504	0.464507
0.098304	0.458357
0.104858	0.454889
0.117965	0.450022
0.131072	0.441707
0.144179	0.435324
0.157286	0.427233
0.170394	0.41944
0.183501	0.415007
0.196608	0.414202
0.209715	0.406446
0.23593	0.403124
0.262144	0.401104
0.288358	0.395058
0.314573	0.388423
0.340787	0.372955
0.367002	0.363577
0.393216	0.356203
0.41943	0.342967
0.471859	0.325732
0.524288	0.287896
0.576717	0.288894
0.629146	0.289531
0.681574	0.26385
0.734003	0.240944
0.786432	0.220088
0.838861	0.193556
0.943718	0.141039
1.04858	0.132462
1.15343	0.117585
1.25829	0.0868049
1.36315	0.0707488
1.46801	0.0738047
1.57286	0.069217
1.67772	0.0671117
1.88744	0.0789386
2.09715	0.111366
2.30687	0.161645
2.51658	0.147017
2.7263	0.146421
2.93601	0.142899
3.14573	0.121402
3.35544	0.109112
3.77487	0.143075
4.1943	0.192906
4.61373	0.175511
5.03316	0.147627
5.4526	0.100385
5.87203	0.0744142
6.29146	0.158047
6.71089	0.328013
7.54975	0.261848
8.38861	0.275084
9.22747	0.657537
10.0663	0.814638
10.9052	0.813414
11.7441	0.370486
12.5829	0.119994

Count Rate History (KHz)  CR CHA / CR CHB
0.000000	223.922729	198.879242
0.052429	459.136963	426.349640
0.104858	1174.316406	1067.199707
0.157286	1531.429291	1395.626068
0.209715	806.522369	740.947723
0.262144	566.730499	521.812439
0.314573	358.181000	326.137543
0.367002	609.550476	555.000305
0.419430	1020.908356	933.609009
0.471859	1304.626465	1191.272736
0.524288	793.914795	728.988647
0.576717	322.990417	293.464661
0.629146	470.008850	424.194336
0.681574	1382.102966	1257.495880
0.734003	1059.703827	972.194672
0.786432	1472.549438	1344.528198
0.838861	788.097382	714.626312
0.891290	1197.261810	1085.910797
0.943718	1138.668060	1037.597656
0.996147	1556.320190	1431.865692
1.048576	1182.937622	1084.175110
1.101005	586.719513	533.046722
1.153434	559.558868	505.046844
1.205862	631.809235	583.820343
1.258291	1196.231842	1090.679169
1.310720	786.972046	715.656281
1.363149	859.088898	782.241821
1.415578	715.236664	651.435852
1.468006	1258.831024	1149.501801
1.520435	1221.065521	1117.706299
1.572864	1027.202606	933.380127
1.625293	1187.419891	1093.807220
1.677722	1240.158081	1122.722626
1.730150	1196.632385	1100.692749
1.782579	517.768860	473.728180
1.835008	447.578430	403.518677
1.887437	627.956390	574.874878
1.939866	592.250824	539.665222
1.992294	662.441254	601.959229
2.044723	438.804626	399.208069
2.097152	735.301971	675.220490
2.149581	620.384216	568.599701
2.202010	759.277344	701.065063
2.254438	359.725952	327.491760
2.306867	969.810486	886.802673
2.359296	1016.216278	921.287537
2.411725	481.414795	439.014435
2.464154	446.586609	410.194397
2.516582	615.539551	557.422638
2.569011	854.358673	770.206451
2.621440	608.558655	554.351807
2.673869	584.163666	538.406372
2.726298	1094.398499	1002.788544
2.778726	812.129974	746.307373
2.831155	472.202301	436.306000
2.883584	499.286652	460.777283
2.936013	677.261353	623.855591
2.988442	465.869904	426.769257
3.040870	355.167389	317.401886
3.093299	353.012085	318.450928
3.145728	567.150116	520.324707
3.198157	935.897827	845.680237
3.250586	603.427887	547.618866
3.303014	372.219086	334.949493
3.355443	282.707214	262.928009
3.407872	236.625671	211.448669
3.460301	403.404236	366.973877
3.512730	367.774963	334.587097
3.565158	87.032318	85.849762
3.617587	340.290070	316.524506
3.670016	390.167236	356.292725
3.722445	254.936218	230.903625
3.774874	385.761261	353.183746
3.827302	733.757019	669.612885
3.879731	179.195404	162.811279
3.932160	114.574432	103.187561
3.984589	205.860138	187.854767
4.037018	112.552643	107.536316
4.089446	118.370056	109.939575
4.141875	367.774963	335.769653
4.194304	1063.022614	977.916718
4.246733	1034.450531	941.925049
4.299162	1253.795624	1137.237549
4.351590	863.857269	792.369843
4.404019	1391.525269	1266.403198
4.456448	1832.637787	1681.308746
4.508877	2044.601440	1862.545013
4.561306	2410.507202	2192.592621
4.613734	993.690491	905.570984
4.666163	221.767426	204.257965
4.718592	112.247467	106.143951
4.771021	177.974701	161.285400
4.823450	256.366730	236.454010
4.875878	443.000793	402.030945
4.928307	275.402069	257.434845
4.980736	573.444366	529.670715
5.033165	569.038391	525.550842
5.085594	482.997894	445.594788
5.138022	661.754608	603.675842
5.190451	405.502319	371.551514
5.242880	442.237854	402.412415
5.295309	243.225098	219.478607
5.347738	333.213806	309.944153
5.400166	303.421021	279.541016
5.452595	282.649994	259.189606
5.505024	617.370605	565.624237
5.557453	137.100220	126.113892
5.609882	341.835022	311.183929
5.662310	292.682648	268.878937
5.714739	162.448883	149.726868
5.767168	214.786530	195.331573
5.819597	535.697937	488.739014
5.872026	207.939148	191.555023
5.924454	437.107086	401.077271
5.976883	695.495605	637.779236
6.029312	497.512817	456.199646
6.081741	169.639587	160.179138
6.134170	77.686310	68.359375
6.186598	332.965851	301.475525
6.239027	186.996460	173.206329
6.291456	147.533417	134.506226
6.343885	361.728668	328.388214
6.396314	305.156708	277.957916
6.448742	312.061310	286.178589
6.501171	405.635834	372.428894
6.553600	671.939850	617.580414
6.606029	1466.693878	1341.075897
6.658458	1254.539490	1146.240234
6.710886	584.526062	537.891388
6.763315	1347.160339	1236.305237
6.815744	1231.384277	1124.534607
6.868173	1545.238495	1407.966614
6.920602	922.985077	841.121674
6.973030	884.609222	810.337067
7.025459	1388.339996	1274.833679
7.077888	1161.975861	1056.022644
7.130317	1476.898193	1331.310272
7.182746	756.549835	687.141418
7.235174	1262.187958	1166.706085
7.287603	1568.813324	1436.824799
7.340032	1298.160553	1197.566986
7.392461	1341.209412	1226.882935
7.444890	1136.264801	1028.518677
7.497318	793.609619	723.972321
7.549747	1047.649384	963.935852
7.602176	447.845459	410.404205
7.654605	442.676544	408.573151
7.707034	540.103912	503.692627
7.759462	445.785522	409.355164
7.811891	467.414856	421.257019
7.864320	217.838287	198.116302
7.916749	211.563110	191.612244
7.969178	185.794830	171.699524
8.021606	709.209442	651.016235
8.074035	464.382172	419.845581
8.126464	372.295380	338.344574
8.178893	413.074493	369.548798
8.231322	677.719116	620.155334
8.283750	667.076111	601.577759
8.336179	1856.784821	1705.055237
8.388608	1000.270844	906.162262
8.441037	1231.250763	1124.935150
8.493466	998.687744	896.301270
8.545894	1235.504150	1125.411987
8.598323	558.815002	507.926941
8.650752	178.852081	162.124634
8.703181	201.663971	179.557800
8.755610	181.655884	162.334442
8.808038	250.148773	224.494934
8.860467	504.798889	456.333160
8.912896	1208.648682	1102.046967
8.965325	591.106415	542.659760
9.017754	809.516907	750.675201
9.070182	1094.474792	992.050171
9.122611	764.884949	701.446533
9.175040	1033.840179	946.292877
9.227469	1169.643402	1065.158844
9.279898	712.661743	646.076202
9.332326	886.726379	810.127258
9.384755	1149.063110	1042.613983
9.437184	921.192169	837.802887
9.489613	367.107391	332.469940
9.542042	619.697571	567.398071
9.594470	1296.958923	1189.899445
9.646899	1224.441528	1122.112274
9.699328	1457.977295	1337.642670
9.751757	1102.008820	1000.461578
9.804186	1314.067841	1209.888458
9.856614	872.459412	792.160034
9.909043	1290.893555	1193.447113
9.961472	749.320984	683.021545
10.013901	1392.230988	1284.046173
10.066330	1333.026886	1232.757568
10.118758	583.209991	529.270172
10.171187	1080.703735	1000.442505
10.223616	1475.276947	1352.100372
10.276045	1141.471863	1040.477753
10.328474	1946.964264	1784.954071
10.380902	1799.812317	1648.635864
10.433331	1526.126862	1387.424469
10.485760	1508.445740	1380.558014
10.538189	1155.891418	1060.314178
10.590618	1479.034424	1363.182068
10.643046	2820.777893	2589.263916
10.695475	2772.903442	2537.364960
10.747904	2052.783966	1863.079071
10.800333	2287.597656	2096.672058
10.852762	1395.397186	1278.038025
10.905190	2055.091858	1886.005402
10.957619	2265.148163	2082.080841
11.010048	2100.677490	1914.844513
11.062477	2424.201965	2205.085754
11.114906	2255.992889	2069.034576
11.167334	1814.136505	1667.366028
11.219763	1626.129150	1487.789154
11.272192	3325.862885	3040.866852
11.324621	2769.241333	2530.555725
11.377050	3312.778473	3034.725189
11.429478	4304.447174	3923.377991
11.481907	3015.041351	2737.388611
11.534336	2854.347229	2613.945007
11.586765	3256.187439	2969.226837
11.639194	3030.376434	2755.508423
11.691622	2642.345428	2412.872314
11.744051	3266.582489	2994.422913
11.796480	3277.740479	2986.888885
11.848909	3537.445068	3235.263824
11.901338	3335.704803	3025.417328
11.953766	1685.581207	1523.761749
12.006195	2269.268036	2059.345245
12.058624	2313.060760	2114.753723
12.111053	2101.459503	1912.708282
12.163482	1716.670990	1566.333771
12.215910	2073.745728	1904.468536
12.268339	2027.854919	1829.166412
12.320768	915.794373	827.560425
12.373197	1181.716919	1071.014404
12.425626	1222.724915	1124.572754
12.478054	2153.339386	1955.089569
12.530483	2367.019653	2159.690857
12.582912	1603.832245	1467.227936
12.635341	1105.651855	1010.417938
12.687770	444.335938	409.927368
12.740198	559.616089	519.809723
12.792627	497.264862	457.706451
12.845056	464.229584	423.583984
12.897485	305.900574	276.775360
12.949914	319.232941	294.799805
13.002342	311.679840	284.194946
13.054771	300.788879	273.075104
13.107200	182.762146	168.800354
13.159629	194.931030	178.642273
13.212058	767.593384	695.209503
13.264486	598.411560	549.373627
13.316915	485.820770	438.995361
13.369344	687.637329	629.806519
13.421773	160.808563	145.359039
13.474202	490.989685	445.499420
13.526630	404.682159	366.039276
13.579059	404.262543	368.022919
13.631488	2690.448761	2453.250885
13.683917	2189.521790	1996.040344
13.736346	1670.475006	1531.257629
13.788774	1856.861115	1701.526642
13.841203	2214.641571	2020.168304
13.893632	2236.480713	2031.364441
13.946061	1773.319244	1616.287231
13.998490	1811.618805	1660.556793
14.050918	2137.641907	1944.656372
14.103347	2050.323486	1869.373322
14.155776	1859.340668	1690.082550
14.208205	2735.824585	2504.425049
14.260634	2159.347534	1966.991425
14.313062	2367.858887	2155.761719
14.365491	2162.666321	1992.874146
