3/3/2026	9:50 AM
Pseudo Cross Correlation
Scattering angle:	32.00
Duration (s):	15
Wavelength (nm):	660.0
Refractive index:	1.330
Viscosity (mPas):	1.001
Temperature (K):	293.2
Laser intensity (mW):	84.000000
Average Count rate  A (kHz):	131.0
Average Count rate  B (kHz):	120.3
Intercept:	0.8784
Cumulant 1st	41.2830
Cumulant 2nd	26.7194	26.6134
Cumulant 3rd	20.6707	27.8744

Lag time (s)         g2-1
1.25E-08	0.887264
2.5E-08	0.875994
3.75E-08	0.853456
5E-08	0.905576
6.25E-08	0.888672
7.5E-08	0.884446
8.75E-08	0.882686
1E-07	0.879516
1.125E-07	0.902055
1.25E-07	0.885855
1.375E-07	0.853104
1.5E-07	0.90452
1.625E-07	0.860499
1.75E-07	0.862612
1.875E-07	0.878812
2E-07	0.908746
2.125E-07	0.881101
2.375E-07	0.88251
2.625E-07	0.862964
2.875E-07	0.893075
3.125E-07	0.89642
3.375E-07	0.902055
3.625E-07	0.891666
3.875E-07	0.87036
4.125E-07	0.879604
4.625E-07	0.87168
5.125E-07	0.871592
5.625E-07	0.894571
6.125E-07	0.876963
6.625E-07	0.879428
7.125E-07	0.889201
7.625E-07	0.86587
8.125E-07	0.880088
9.125E-07	0.869391
1.0125E-06	0.879516
1.1125E-06	0.888188
1.2125E-06	0.881805
1.3125E-06	0.877799
1.4125E-06	0.879384
1.5125E-06	0.888012
1.6125E-06	0.885019
1.8125E-06	0.880264
2.0125E-06	0.880793
2.2125E-06	0.880463
2.4125E-06	0.878812
2.6125E-06	0.880463
2.8125E-06	0.872033
3.0125E-06	0.878812
3.2125E-06	0.878581
3.6125E-06	0.881519
4.0125E-06	0.876027
4.4125E-06	0.872176
4.8125E-06	0.874587
5.2125E-06	0.868622
5.6125E-06	0.876986
6.0125E-06	0.879341
6.4125E-06	0.876799
7.2125E-06	0.873893
8.0125E-06	0.869277
8.8125E-06	0.869079
9.6125E-06	0.870977
1.04125E-05	0.871637
1.12125E-05	0.864099
1.20125E-05	0.865826
1.28125E-05	0.869582
1.44125E-05	0.866702
1.60125E-05	0.861162
1.76125E-05	0.859373
1.92125E-05	0.858009
2.08125E-05	0.863511
2.24125E-05	0.857718
2.40125E-05	0.851728
2.56125E-05	0.853325
2.88125E-05	0.851475
3.20125E-05	0.846813
3.52125E-05	0.845375
3.84125E-05	0.840366
4.16125E-05	0.838604
4.48125E-05	0.832787
4.80125E-05	0.833406
5.12125E-05	0.829278
5.76125E-05	0.823829
6.40125E-05	0.81734
7.04125E-05	0.811305
7.68125E-05	0.805893
8.32125E-05	0.803432
8.96125E-05	0.795675
9.60125E-05	0.789005
0.000102413	0.784788
0.000115213	0.776677
0.000128013	0.765744
0.000140813	0.756645
0.000153613	0.746765
0.000166413	0.738838
0.000179213	0.73239
0.000192013	0.723491
0.000204813	0.71579
0.000230413	0.702718
0.000256013	0.686927
0.000281613	0.675066
0.000307213	0.662787
0.000332813	0.651128
0.000358413	0.641169
0.000384013	0.63014
0.000409613	0.620452
0.000460813	0.603459
0.000512013	0.587335
0.000563213	0.57252
0.000614413	0.559349
0.000665613	0.547695
0.000716813	0.535411
0.000768013	0.52413
0.000819213	0.514196
0.000921613	0.495597
0.00102401	0.479421
0.00112641	0.465158
0.00122881	0.45164
0.00133121	0.439403
0.00143361	0.427627
0.00153601	0.416546
0.00163841	0.406939
0.00184321	0.387914
0.00204801	0.371415
0.00225281	0.355132
0.00245761	0.339252
0.00266241	0.323777
0.00286721	0.310964
0.00307201	0.296583
0.00327681	0.284548
0.00368641	0.264572
0.00409601	0.247171
0.00450561	0.227069
0.00491521	0.20964
0.00532481	0.193263
0.00573441	0.179599
0.00614401	0.168264
0.00655361	0.158908
0.00737281	0.140834
0.00819201	0.123644
0.00901121	0.108098
0.00983041	0.0952016
0.0106496	0.0874023
0.0114688	0.0781018
0.012288	0.0714776
0.0131072	0.0629141
0.0147456	0.049579
0.016384	0.0324685
0.0180224	0.0149647
0.0196608	0.0101945
0.0212992	0.00635134
0.0229376	0.00646513
0.024576	0.00599096
0.0262144	-0.000647622
0.0294912	-0.00229396
0.032768	-0.00255783
0.0360448	0.00110083
0.0393216	0.00606554
0.0425984	0.0061581
0.0458752	0.00508101
0.049152	0.0156954
0.0524288	0.0127629
0.0589824	0.0174015
0.065536	0.00658105
0.0720896	-0.00271923
0.0786432	-0.0108948
0.0851968	-0.00106001
0.0917504	-0.0149648
0.098304	-0.0197709
0.104858	-0.013795
0.117965	-0.00216238
0.131072	-0.00716889
0.144179	-0.0112638
0.157286	-0.00779769
0.170394	-0.0141056
0.183501	-0.0113097
0.196608	0.000419957
0.209715	-0.00183673
0.23593	-0.00462165
0.262144	-0.00437844
0.288358	-0.00836266
0.314573	-0.00546134
0.340787	-0.00379842
0.367002	-0.00553809
0.393216	-0.0114233
0.41943	-0.00518806
0.471859	0.00363782
0.524288	-0.00195242
0.576717	-0.00159504
0.629146	-0.0035448
0.681574	0.00377714
0.734003	0.00482227
0.786432	-0.00593946
0.838861	-0.00228136
0.943718	-8.37335E-05
1.04858	0.00368087
1.15343	0.00094121
1.25829	0.000302445
1.36315	0.0067064
1.46801	-0.00205403
1.57286	-0.00259122
1.67772	-0.0110011
1.88744	-0.00089222
2.09715	0.00227909
2.30687	-0.00765706
2.51658	-0.0101367
2.7263	-0.00655867
2.93601	-0.0124588
3.14573	-0.00803314
3.35544	-0.0111537
3.77487	-0.0110252
4.1943	-0.0107241
4.61373	-0.0117891
5.03316	-0.0125353
5.4526	-0.0075382
5.87203	-0.00681435
6.29146	-0.00894537
6.71089	-0.0141309
7.54975	-0.00732392
8.38861	0.00110743
9.22747	0.0194364
10.0663	0.0330631
10.9052	0.0357272
11.7441	0.0565932
12.5829	0.00316442

Count Rate History (KHz)  CR CHA / CR CHB
0.000000	122.585297	110.797882
0.052429	182.266235	169.200897
0.104858	130.043030	116.806030
0.157286	190.010071	175.457001
0.209715	113.143921	104.808807
0.262144	102.405548	93.765259
0.314573	112.667084	103.206635
0.367002	159.339905	144.977570
0.419430	95.977783	87.509155
0.471859	85.182190	81.901550
0.524288	171.794891	154.819489
0.576717	89.969635	80.337524
0.629146	83.675385	79.231262
0.681574	144.977570	132.446289
0.734003	151.958466	141.181946
0.786432	152.854919	143.070221
0.838861	137.310028	124.740601
0.891290	162.010193	146.846771
0.943718	121.326447	110.569000
0.996147	142.650604	130.615234
1.048576	128.974915	116.577148
1.101005	100.288391	92.487335
1.153434	153.694153	143.184662
1.205862	116.500854	107.345581
1.258291	105.323792	100.650787
1.310720	134.067535	125.274658
1.363149	263.881683	234.756470
1.415578	152.511597	136.833191
1.468006	156.402588	141.277313
1.520435	85.449219	80.242157
1.572864	138.320923	126.152039
1.625293	116.710663	108.013153
1.677722	123.596191	115.375519
1.730150	114.936829	105.495453
1.782579	91.762543	82.397461
1.835008	119.304657	110.378265
1.887437	165.615082	153.064728
1.939866	176.353455	161.342621
1.992294	159.473419	146.598816
2.044723	109.710693	102.024078
2.097152	167.427063	159.244537
2.149581	132.064819	122.299194
2.202010	142.669678	131.244659
2.254438	88.615417	82.302094
2.306867	128.574371	120.582581
2.359296	206.317902	188.407898
2.411725	116.939545	109.977722
2.464154	180.568695	164.337158
2.516582	118.427277	112.018585
2.569011	161.323547	147.418976
2.621440	60.253143	55.713654
2.673869	120.067596	109.310150
2.726298	99.773407	91.495514
2.778726	116.920471	106.391907
2.831155	155.677795	142.745972
2.883584	118.827820	112.609863
2.936013	144.252777	130.329132
2.988442	175.647736	161.628723
3.040870	92.983246	84.877014
3.093299	98.495483	92.468262
3.145728	202.198029	186.786652
3.198157	147.190094	138.664246
3.250586	118.885040	108.814240
3.303014	140.876770	131.530762
3.355443	118.274689	109.558105
3.407872	159.626007	144.939423
3.460301	118.675232	107.841492
3.512730	169.200897	150.985718
3.565158	73.566437	68.092346
3.617587	89.817047	80.795288
3.670016	166.969299	150.241852
3.722445	188.980103	170.688629
3.774874	113.010406	103.816986
3.827302	125.560760	115.871429
3.879731	108.089447	96.931458
3.932160	141.048431	128.440857
3.984589	159.912109	147.285461
4.037018	134.239197	119.857788
4.089446	142.898560	131.072998
4.141875	109.977722	103.340149
4.194304	95.481873	90.408325
4.246733	140.571594	131.092072
4.299162	147.552490	134.830475
4.351590	97.427368	92.945099
4.404019	102.062225	90.694427
4.456448	121.879578	109.748840
4.508877	105.342865	96.111298
4.561306	233.440399	211.467743
4.613734	111.103058	99.487305
4.666163	103.836060	95.081329
4.718592	116.424561	106.201172
4.771021	231.056213	207.614899
4.823450	174.064636	158.882141
4.875878	66.795349	64.220428
4.928307	75.855255	71.163177
4.980736	112.361908	105.514526
5.033165	137.958527	130.844116
5.085594	104.770660	96.626282
5.138022	89.550018	84.304810
5.190451	109.939575	100.269318
5.242880	115.203857	104.045868
5.295309	163.459778	149.078369
5.347738	89.817047	82.874298
5.400166	116.024017	110.015869
5.452595	176.486969	160.942078
5.505024	166.530609	154.342651
5.557453	106.487274	97.789764
5.609882	76.179504	72.135925
5.662310	88.844299	82.740784
5.714739	77.629089	73.146820
5.767168	176.181793	158.672333
5.819597	146.274567	137.348175
5.872026	187.931061	169.219971
5.924454	149.822235	133.876801
5.976883	88.062286	80.776215
6.029312	142.765045	132.923126
6.081741	133.514404	121.879578
6.134170	104.980469	96.225739
6.186598	284.843445	260.734558
6.239027	92.754364	84.133148
6.291456	169.601440	154.094696
6.343885	97.656250	87.757111
6.396314	125.694275	117.988586
6.448742	126.991272	118.446350
6.501171	99.620819	93.078613
6.553600	89.015961	83.065033
6.606029	103.187561	96.492767
6.658458	192.451477	178.432465
6.710886	137.748718	130.405426
6.763315	113.124847	109.119415
6.815744	85.487366	76.179504
6.868173	127.449036	115.776062
6.920602	144.767761	134.849548
6.973030	128.917694	118.675232
7.025459	93.097687	86.860657
7.077888	158.958435	145.111084
7.130317	170.917511	159.664154
7.182746	102.901459	95.424652
7.235174	108.051300	99.468231
7.287603	118.179321	107.574463
7.340032	172.634125	153.465271
7.392461	122.241974	113.372803
7.444890	132.312775	124.702454
7.497318	70.915222	63.419342
7.549747	151.290894	138.263702
7.602176	76.751709	68.702698
7.654605	181.980133	166.511536
7.707034	87.375641	82.550049
7.759462	95.653534	89.664459
7.811891	81.920624	78.010559
7.864320	184.726715	173.301697
7.916749	125.484467	109.825134
7.969178	78.220367	69.255829
8.021606	125.579834	113.182068
8.074035	110.492706	101.737976
8.126464	147.647858	138.721466
8.178893	104.866028	97.064972
8.231322	123.786926	116.481781
8.283750	143.756866	134.067535
8.336179	123.825073	114.898682
8.388608	111.370087	101.699829
8.441037	159.149170	145.225525
8.493466	148.696899	135.116577
8.545894	187.263489	177.268982
8.598323	188.121796	170.612335
8.650752	92.468262	85.067749
8.703181	126.800537	115.871429
8.755610	103.511810	95.443726
8.808038	104.026794	93.765259
8.860467	82.035065	75.798035
8.912896	102.481842	88.500977
8.965325	70.724487	64.640045
9.017754	95.291138	86.708069
9.070182	75.683594	67.195892
9.122611	91.476440	84.152222
9.175040	118.217468	108.413696
9.227469	108.013153	99.029541
9.279898	100.879669	91.876984
9.332326	135.269165	124.320984
9.384755	73.585510	69.465637
9.437184	78.239441	72.498322
9.489613	145.950317	134.372711
9.542042	146.369934	137.062073
9.594470	180.301666	166.187286
9.646899	211.906433	194.683075
9.699328	169.467926	153.141022
9.751757	91.762543	85.029602
9.804186	130.596161	120.391846
9.856614	131.549835	120.487213
9.909043	93.383789	84.724426
9.961472	104.274750	94.642639
10.013901	111.083984	103.073120
10.066330	84.552765	75.759888
10.118758	80.928802	74.710846
10.171187	162.639618	146.541595
10.223616	116.100311	102.081299
10.276045	112.304688	105.381012
10.328474	76.770782	70.934296
10.380902	164.852142	149.707794
10.433331	104.141235	94.337463
10.485760	167.255402	151.519775
10.538189	200.405121	187.797546
10.590618	179.767609	169.601440
10.643046	196.418762	181.999207
10.695475	100.116730	89.836121
10.747904	128.612518	119.075775
10.800333	134.906769	123.195648
10.852762	113.811493	103.950500
10.905190	120.849609	111.942291
10.957619	110.416412	98.037720
11.010048	149.021149	133.819580
11.062477	111.675262	101.242065
11.114906	74.176788	69.713593
11.167334	208.854675	191.497803
11.219763	210.895538	194.950104
11.272192	105.400085	96.874237
11.324621	137.329102	124.568939
11.377050	119.857788	110.740662
11.429478	129.852295	119.209290
11.481907	145.702362	131.168365
11.534336	135.364532	125.102997
11.586765	52.967072	49.037933
11.639194	108.585358	99.582672
11.691622	100.879669	93.212128
11.744051	160.598755	146.694183
11.796480	133.895874	121.421814
11.848909	123.233795	112.571716
11.901338	315.208435	285.491943
11.953766	147.838593	135.917664
12.006195	92.792511	87.165833
12.058624	87.203979	78.353882
12.111053	164.051056	145.263672
12.163482	95.100403	89.607239
12.215910	133.972168	123.748779
12.268339	140.876770	130.329132
12.320768	115.985870	107.288361
12.373197	173.683167	161.037445
12.425626	182.876587	167.503357
12.478054	168.724060	156.154633
12.530483	223.159790	202.426910
12.582912	140.876770	126.209259
12.635341	116.958618	110.034943
12.687770	121.898651	109.977722
12.740198	99.449158	91.152191
12.792627	106.487274	99.353790
12.845056	151.100159	141.220093
12.897485	190.639496	171.146393
12.949914	122.489929	109.729767
13.002342	125.484467	115.051270
13.054771	103.950500	98.686218
13.107200	144.329071	133.190155
13.159629	70.533752	67.176819
13.212058	109.100342	99.143982
13.264486	95.787048	85.811615
13.316915	94.165802	87.833405
13.369344	124.053955	112.533569
13.421773	164.966583	152.454376
13.474202	86.097717	79.574585
13.526630	104.312897	96.988678
13.579059	134.563446	120.792389
13.631488	170.764923	155.906677
13.683917	163.536072	150.203705
13.736346	100.002289	95.615387
13.788774	81.100464	76.332092
13.841203	152.168274	136.775970
13.893632	318.679810	292.453766
13.946061	247.173309	224.704742
13.998490	187.301636	172.691345
14.050918	94.738007	87.776184
14.103347	87.432861	78.926086
14.155776	102.310181	93.574524
14.208205	64.983368	61.244965
14.260634	156.059265	142.574310
14.313062	269.851685	246.200562
14.365491	129.432678	119.743347
