3/3/2026	9:44 AM
Pseudo Cross Correlation
Scattering angle:	20.01
Duration (s):	15
Wavelength (nm):	660.0
Refractive index:	1.330
Viscosity (mPas):	1.000
Temperature (K):	293.1
Laser intensity (mW):	84.000000
Average Count rate  A (kHz):	179.5
Average Count rate  B (kHz):	164.4
Intercept:	0.8959
Cumulant 1st	35.5511
Cumulant 2nd	23.4817	23.2358
Cumulant 3rd	18.6062	24.7843

Lag time (s)         g2-1
1.25E-08	0.896444
2.5E-08	0.89494
3.75E-08	0.886102
5E-08	0.907915
6.25E-08	0.892495
7.5E-08	0.883469
8.75E-08	0.883281
1E-07	0.930292
1.125E-07	0.894376
1.25E-07	0.891743
1.375E-07	0.897572
1.5E-07	0.922394
1.625E-07	0.854698
1.75E-07	0.920326
1.875E-07	0.916565
2E-07	0.901897
2.125E-07	0.886196
2.375E-07	0.885161
2.625E-07	0.907915
2.875E-07	0.921736
3.125E-07	0.908855
3.375E-07	0.908667
3.625E-07	0.876793
3.875E-07	0.920608
4.125E-07	0.907727
4.625E-07	0.92404
5.125E-07	0.892213
5.625E-07	0.908244
6.125E-07	0.892542
6.625E-07	0.903825
7.125E-07	0.900957
7.625E-07	0.904342
8.125E-07	0.898301
9.125E-07	0.89856
1.0125E-06	0.90272
1.1125E-06	0.91452
1.2125E-06	0.909866
1.3125E-06	0.886736
1.4125E-06	0.903472
1.5125E-06	0.890004
1.6125E-06	0.894105
1.8125E-06	0.89595
2.0125E-06	0.898089
2.2125E-06	0.889956
2.4125E-06	0.899758
2.6125E-06	0.890286
2.8125E-06	0.892425
3.0125E-06	0.8938
3.2125E-06	0.893735
3.6125E-06	0.895045
4.0125E-06	0.896932
4.4125E-06	0.897696
4.8125E-06	0.890162
5.2125E-06	0.897408
5.6125E-06	0.889328
6.0125E-06	0.895986
6.4125E-06	0.891731
7.2125E-06	0.898416
8.0125E-06	0.89107
8.8125E-06	0.889419
9.6125E-06	0.892578
1.04125E-05	0.892261
1.12125E-05	0.892484
1.20125E-05	0.889992
1.28125E-05	0.889702
1.44125E-05	0.887397
1.60125E-05	0.891519
1.76125E-05	0.886735
1.92125E-05	0.891067
2.08125E-05	0.886204
2.24125E-05	0.885414
2.40125E-05	0.883408
2.56125E-05	0.884609
2.88125E-05	0.882094
3.20125E-05	0.88172
3.52125E-05	0.878929
3.84125E-05	0.876778
4.16125E-05	0.874834
4.48125E-05	0.87691
4.80125E-05	0.872967
5.12125E-05	0.87229
5.76125E-05	0.868611
6.40125E-05	0.866834
7.04125E-05	0.863819
7.68125E-05	0.860659
8.32125E-05	0.858412
8.96125E-05	0.855469
9.60125E-05	0.852774
0.000102413	0.849647
0.000115213	0.845684
0.000128013	0.841534
0.000140813	0.834414
0.000153613	0.829999
0.000166413	0.824475
0.000179213	0.820558
0.000192013	0.816567
0.000204813	0.811672
0.000230413	0.802811
0.000256013	0.794065
0.000281613	0.786069
0.000307213	0.777615
0.000332813	0.770433
0.000358413	0.762749
0.000384013	0.754744
0.000409613	0.747657
0.000460813	0.733575
0.000512013	0.720302
0.000563213	0.707574
0.000614413	0.696015
0.000665613	0.683801
0.000716813	0.67329
0.000768013	0.662909
0.000819213	0.652853
0.000921613	0.63344
0.00102401	0.615904
0.00112641	0.600621
0.00122881	0.58606
0.00133121	0.572344
0.00143361	0.560076
0.00153601	0.548769
0.00163841	0.538251
0.00184321	0.519244
0.00204801	0.50309
0.00225281	0.487146
0.00245761	0.473757
0.00266241	0.462241
0.00286721	0.450723
0.00307201	0.439754
0.00327681	0.429369
0.00368641	0.407881
0.00409601	0.38887
0.00450561	0.371166
0.00491521	0.357036
0.00532481	0.343133
0.00573441	0.328542
0.00614401	0.314786
0.00655361	0.304416
0.00737281	0.282506
0.00819201	0.260846
0.00901121	0.240575
0.00983041	0.22134
0.0106496	0.206299
0.0114688	0.190199
0.012288	0.176697
0.0131072	0.166708
0.0147456	0.148236
0.016384	0.133316
0.0180224	0.118602
0.0196608	0.103291
0.0212992	0.0949638
0.0229376	0.0856436
0.024576	0.0735461
0.0262144	0.0679267
0.0294912	0.0528047
0.032768	0.0412889
0.0360448	0.0353115
0.0393216	0.0255025
0.0425984	0.0223009
0.0458752	0.0247694
0.049152	0.0298914
0.0524288	0.0208917
0.0589824	0.0212922
0.065536	0.0261283
0.0720896	0.00601647
0.0786432	0.00383664
0.0851968	0.00769517
0.0917504	0.0119789
0.098304	0.00707167
0.104858	-0.00168122
0.117965	0.0132536
0.131072	0.0203903
0.144179	-0.00742499
0.157286	0.00653737
0.170394	-0.00310318
0.183501	0.00434494
0.196608	0.00202432
0.209715	-0.00319992
0.23593	-0.00508747
0.262144	0.00539696
0.288358	0.00757901
0.314573	0.003966
0.340787	0.00950097
0.367002	0.00302108
0.393216	0.0122636
0.41943	-8.2948E-06
0.471859	0.00290886
0.524288	0.00480699
0.576717	-0.00901948
0.629146	-0.00594283
0.681574	-0.0192491
0.734003	0.00319617
0.786432	-0.00869881
0.838861	-0.00184306
0.943718	-0.0155696
1.04858	0.00256523
1.15343	0.000744762
1.25829	-0.0198699
1.36315	-0.000517551
1.46801	-0.00304805
1.57286	-0.0163321
1.67772	-0.0220892
1.88744	-0.0290866
2.09715	-0.0125388
2.30687	-0.0176176
2.51658	-0.00287446
2.7263	0.012427
2.93601	0.0192395
3.14573	0.00523651
3.35544	0.00657024
3.77487	0.00801882
4.1943	0.00360226
4.61373	-0.00996098
5.03316	-0.000715908
5.4526	0.00487068
5.87203	0.0197284
6.29146	0.0234665
6.71089	0.013682
7.54975	-0.00845976
8.38861	-0.0211104
9.22747	-0.000153811
10.0663	0.0342541
10.9052	0.0461764
11.7441	0.052993
12.5829	0.143439

Count Rate History (KHz)  CR CHA / CR CHB
0.000000	143.356323	129.871368
0.052429	168.933868	153.160095
0.104858	156.269073	146.617889
0.157286	77.838898	68.416595
0.209715	109.004974	101.184845
0.262144	120.334625	107.784271
0.314573	192.985535	178.718567
0.367002	348.739624	317.764282
0.419430	346.069336	319.328308
0.471859	169.963837	154.705048
0.524288	284.938812	264.358521
0.576717	215.663910	199.794769
0.629146	442.276001	405.788422
0.681574	258.617401	229.511261
0.734003	92.830658	84.705353
0.786432	155.925751	144.634247
0.838861	109.729767	98.972321
0.891290	173.339844	156.250000
0.943718	166.492462	150.661469
0.996147	249.023438	231.113434
1.048576	217.609406	198.497772
1.101005	92.639923	84.857941
1.153434	119.724274	109.806061
1.205862	168.228149	151.576996
1.258291	100.898743	88.596344
1.310720	184.707642	171.375275
1.363149	115.566254	106.353760
1.415578	142.459869	129.089355
1.468006	334.243774	308.074951
1.520435	276.756287	247.631073
1.572864	203.170776	185.108185
1.625293	105.648041	98.648071
1.677722	237.064362	214.004517
1.730150	482.711792	444.355011
1.782579	194.568634	176.925659
1.835008	209.503174	193.080902
1.887437	183.238983	171.508789
1.939866	140.419006	129.032135
1.992294	175.590515	158.195496
2.044723	122.795105	110.893250
2.097152	75.244904	68.283081
2.149581	132.751465	118.904114
2.202010	64.449310	60.100555
2.254438	187.435150	169.410706
2.306867	114.231110	104.389191
2.359296	99.563599	88.424683
2.411725	99.868774	90.293884
2.464154	77.667236	72.326660
2.516582	118.961334	106.658936
2.569011	108.165741	100.479126
2.621440	141.887665	130.634308
2.673869	225.009918	204.429626
2.726298	113.983154	101.814270
2.778726	125.045776	111.274719
2.831155	146.026611	137.653351
2.883584	111.465454	102.653503
2.936013	226.135254	212.821960
2.988442	99.830627	90.045929
3.040870	103.721619	96.988678
3.093299	183.200836	166.568756
3.145728	157.394409	144.615173
3.198157	183.296204	162.677765
3.250586	122.909546	113.639832
3.303014	165.004730	150.108337
3.355443	230.045319	209.941864
3.407872	322.284698	294.780731
3.460301	170.059204	157.508850
3.512730	129.489899	119.895935
3.565158	125.427246	114.936829
3.617587	164.260864	153.884888
3.670016	154.590607	144.519806
3.722445	415.725708	380.420685
3.774874	328.483582	298.862457
3.827302	158.424377	146.198273
3.879731	89.149475	82.225800
3.932160	171.127319	160.503387
3.984589	61.950684	57.811737
4.037018	212.879181	196.704865
4.089446	66.165924	61.588287
4.141875	226.440430	205.383301
4.194304	183.944702	166.721344
4.246733	350.303650	323.181152
4.299162	220.470428	200.138092
4.351590	298.080444	278.873444
4.404019	67.710876	63.629150
4.456448	106.105804	98.514557
4.508877	289.344788	261.268616
4.561306	199.127197	180.721283
4.613734	131.797791	119.495392
4.666163	185.337067	172.100067
4.718592	335.502625	300.827026
4.771021	163.383484	151.557922
4.823450	94.337463	90.103149
4.875878	202.884674	191.097260
4.928307	92.296600	84.495544
4.980736	237.998962	215.072632
5.033165	181.865692	167.579651
5.085594	113.372803	104.198456
5.138022	63.800812	59.909821
5.190451	105.476379	96.626282
5.242880	222.110748	198.097229
5.295309	70.781708	67.710876
5.347738	175.457001	161.151886
5.400166	161.800385	151.958466
5.452595	76.408386	69.637299
5.505024	79.135895	72.822571
5.557453	266.513824	244.235992
5.609882	233.592987	213.031769
5.662310	238.647461	219.898224
5.714739	352.153778	321.769714
5.767168	138.912201	127.658844
5.819597	176.029205	157.413483
5.872026	201.644897	189.418793
5.924454	140.285492	129.623413
5.976883	136.394501	119.934082
6.029312	79.879761	72.460175
6.081741	200.920105	182.056427
6.134170	94.890594	85.315704
6.186598	289.058685	263.328552
6.239027	120.315552	111.732483
6.291456	429.420471	391.845703
6.343885	273.494720	249.805450
6.396314	261.325836	237.541199
6.448742	129.222870	119.171143
6.501171	191.574097	173.244476
6.553600	151.405334	141.429901
6.606029	268.535614	245.456696
6.658458	128.307343	117.816925
6.710886	203.533173	188.179016
6.763315	217.781067	200.672150
6.815744	135.879517	124.340057
6.868173	72.174072	66.909790
6.920602	240.058899	221.843719
6.973030	181.503296	165.672302
7.025459	270.004272	248.012543
7.077888	276.069641	254.840851
7.130317	158.271790	144.844055
7.182746	234.775543	215.778351
7.235174	273.017883	247.707367
7.287603	304.889679	276.851654
7.340032	157.966614	144.519806
7.392461	224.685669	203.762054
7.444890	115.737915	106.487274
7.497318	157.966614	143.909454
7.549747	92.067719	83.332062
7.602176	229.816437	214.862823
7.654605	278.358459	256.996155
7.707034	224.781036	206.184387
7.759462	280.666351	256.233215
7.811891	207.481384	186.347961
7.864320	388.603210	354.022980
7.916749	107.059479	99.353790
7.969178	128.765106	120.315552
8.021606	110.664368	103.149414
8.074035	105.514526	95.081329
8.126464	272.083282	251.846313
8.178893	68.988800	60.863495
8.231322	203.571320	185.432434
8.283750	101.947784	94.795227
8.336179	138.721466	129.528046
8.388608	318.336487	290.279388
8.441037	175.743103	161.933899
8.493466	158.271790	146.064758
8.545894	161.457062	148.525238
8.598323	106.163025	99.391937
8.650752	90.904236	85.849762
8.703181	136.947632	127.639771
8.755610	186.557770	174.236298
8.808038	140.228271	127.315521
8.860467	128.555298	120.048523
8.912896	188.446045	170.764923
8.965325	174.465179	157.623291
9.017754	111.351013	101.089478
9.070182	179.042816	161.380768
9.122611	134.563446	119.590759
9.175040	158.138275	147.342682
9.227469	254.268646	234.603882
9.279898	113.315582	103.836060
9.332326	208.187103	193.748474
9.384755	145.015717	132.160187
9.437184	158.271790	150.012970
9.489613	96.778870	88.462830
9.542042	197.277069	179.481506
9.594470	97.408295	86.154938
9.646899	105.514526	96.263885
9.699328	94.242096	90.389252
9.751757	97.694397	89.664459
9.804186	119.247437	111.541748
9.856614	136.222839	126.667023
9.909043	192.089081	178.356171
9.961472	180.950165	170.688629
10.013901	106.658936	98.571777
10.066330	183.563232	169.200897
10.118758	283.660889	260.181427
10.171187	127.372742	116.844177
10.223616	181.026459	162.792206
10.276045	220.947266	204.505920
10.328474	110.149384	99.411011
10.380902	225.925446	209.274292
10.433331	82.035065	73.814392
10.485760	212.707520	189.342499
10.538189	281.257629	262.184143
10.590618	164.909363	150.432587
10.643046	148.925781	140.590668
10.695475	166.263580	153.236389
10.747904	110.664368	99.658966
10.800333	119.018555	109.367371
10.852762	122.375488	113.506317
10.905190	140.514374	127.086639
10.957619	138.664246	124.664307
11.010048	229.263306	212.497711
11.062477	178.890228	164.470673
11.114906	117.378235	108.642578
11.167334	171.165466	154.685974
11.219763	154.495239	144.367218
11.272192	288.944244	261.421204
11.324621	436.630249	391.349792
11.377050	134.410858	117.740631
11.429478	119.419098	110.969543
11.481907	108.051300	100.784302
11.534336	222.015381	202.770233
11.586765	118.312836	108.833313
11.639194	236.930847	219.306946
11.691622	138.168335	131.645203
11.744051	251.979828	229.511261
11.796480	221.099854	198.478699
11.848909	149.803162	138.778687
11.901338	132.160187	122.718811
11.953766	82.778931	78.792572
12.006195	179.519653	162.944794
12.058624	389.919281	357.475281
12.111053	114.536285	106.735229
12.163482	89.664459	81.253052
12.215910	110.530853	100.784302
12.268339	115.127563	109.539032
12.320768	164.661407	153.999329
12.373197	143.413544	130.920410
12.425626	93.498230	82.855225
12.478054	91.114044	81.920624
12.530483	254.974365	231.952667
12.582912	96.435547	88.958740
12.635341	153.102875	140.323639
12.687770	367.221832	339.603424
12.740198	76.713562	69.866180
12.792627	317.058563	289.230347
12.845056	172.443390	156.307220
12.897485	84.056854	76.580048
12.949914	342.235565	312.633514
13.002342	174.045563	156.269073
13.054771	208.415985	186.252594
13.107200	165.138245	144.672394
13.159629	323.524475	292.339325
13.212058	154.113770	140.590668
13.264486	144.844055	132.713318
13.316915	212.726593	192.298889
13.369344	189.361572	170.021057
13.421773	103.092194	96.015930
13.474202	173.587799	157.623291
13.526630	448.265076	413.208008
13.579059	243.244171	222.549438
13.631488	117.149353	107.669830
13.683917	157.718658	143.108368
13.736346	237.617493	219.879150
13.788774	112.171173	106.124878
13.841203	128.955841	122.108459
13.893632	321.388245	293.941498
13.946061	370.330811	339.965820
13.998490	351.791382	316.772461
14.050918	254.611969	229.492188
14.103347	164.947510	151.100159
14.155776	118.865967	109.786987
14.208205	129.356384	116.653442
14.260634	195.407867	182.285309
14.313062	160.770416	148.754120
14.365491	201.969147	184.135437
