3/3/2026	9:41 AM
Pseudo Cross Correlation
Scattering angle:	15.99
Duration (s):	15
Wavelength (nm):	660.0
Refractive index:	1.330
Viscosity (mPas):	1.002
Temperature (K):	293.2
Laser intensity (mW):	84.000000
Average Count rate  A (kHz):	246.1
Average Count rate  B (kHz):	225.7
Intercept:	0.8737
Cumulant 1st	44.1849
Cumulant 2nd	28.7816	28.3260
Cumulant 3rd	21.8923	29.3350

Lag time (s)         g2-1
1.25E-08	0.867083
2.5E-08	0.893748
3.75E-08	0.862289
5E-08	0.879866
6.25E-08	0.856197
7.5E-08	0.871377
8.75E-08	0.886757
1E-07	0.872576
1.125E-07	0.879267
1.25E-07	0.872875
1.375E-07	0.868781
1.5E-07	0.882862
1.625E-07	0.874573
1.75E-07	0.889154
1.875E-07	0.872176
2E-07	0.854799
2.125E-07	0.879816
2.375E-07	0.886358
2.625E-07	0.879717
2.875E-07	0.887556
3.125E-07	0.873924
3.375E-07	0.880016
3.625E-07	0.875422
3.875E-07	0.89265
4.125E-07	0.881564
4.625E-07	0.899441
5.125E-07	0.87712
5.625E-07	0.88506
6.125E-07	0.880466
6.625E-07	0.86913
7.125E-07	0.860791
7.625E-07	0.882713
8.125E-07	0.881152
9.125E-07	0.879679
1.0125E-06	0.87742
1.1125E-06	0.879042
1.2125E-06	0.880054
1.3125E-06	0.872202
1.4125E-06	0.869543
1.5125E-06	0.877295
1.6125E-06	0.881527
1.8125E-06	0.876946
2.0125E-06	0.879074
2.2125E-06	0.880235
2.4125E-06	0.880934
2.6125E-06	0.875947
2.8125E-06	0.874642
3.0125E-06	0.879992
3.2125E-06	0.880323
3.6125E-06	0.876378
4.0125E-06	0.87864
4.4125E-06	0.875382
4.8125E-06	0.875366
5.2125E-06	0.872994
5.6125E-06	0.873928
6.0125E-06	0.881165
6.4125E-06	0.877787
7.2125E-06	0.873115
8.0125E-06	0.877609
8.8125E-06	0.870963
9.6125E-06	0.875736
1.04125E-05	0.876829
1.12125E-05	0.87656
1.20125E-05	0.873461
1.28125E-05	0.872975
1.44125E-05	0.871982
1.60125E-05	0.870879
1.76125E-05	0.872293
1.92125E-05	0.872352
2.08125E-05	0.870836
2.24125E-05	0.871975
2.40125E-05	0.8721
2.56125E-05	0.869795
2.88125E-05	0.869813
3.20125E-05	0.868319
3.52125E-05	0.866051
3.84125E-05	0.865621
4.16125E-05	0.864649
4.48125E-05	0.863803
4.80125E-05	0.862623
5.12125E-05	0.861863
5.76125E-05	0.859634
6.40125E-05	0.858572
7.04125E-05	0.857999
7.68125E-05	0.855521
8.32125E-05	0.852889
8.96125E-05	0.852632
9.60125E-05	0.8506
0.000102413	0.848634
0.000115213	0.84599
0.000128013	0.841699
0.000140813	0.838068
0.000153613	0.83528
0.000166413	0.832069
0.000179213	0.82902
0.000192013	0.825286
0.000204813	0.823239
0.000230413	0.817459
0.000256013	0.811434
0.000281613	0.806302
0.000307213	0.800204
0.000332813	0.795591
0.000358413	0.789584
0.000384013	0.784949
0.000409613	0.780403
0.000460813	0.770652
0.000512013	0.76103
0.000563213	0.752137
0.000614413	0.743614
0.000665613	0.734939
0.000716813	0.727025
0.000768013	0.719003
0.000819213	0.711765
0.000921613	0.697139
0.00102401	0.683521
0.00112641	0.671167
0.00122881	0.659371
0.00133121	0.648433
0.00143361	0.638517
0.00153601	0.629046
0.00163841	0.619876
0.00184321	0.60309
0.00204801	0.588883
0.00225281	0.575924
0.00245761	0.56355
0.00266241	0.552044
0.00286721	0.541432
0.00307201	0.531672
0.00327681	0.521893
0.00368641	0.503731
0.00409601	0.487679
0.00450561	0.474172
0.00491521	0.461398
0.00532481	0.44872
0.00573441	0.436136
0.00614401	0.423847
0.00655361	0.413014
0.00737281	0.392936
0.00819201	0.376783
0.00901121	0.361386
0.00983041	0.347918
0.0106496	0.334006
0.0114688	0.320546
0.012288	0.304975
0.0131072	0.291719
0.0147456	0.267751
0.016384	0.248491
0.0180224	0.227152
0.0196608	0.20971
0.0212992	0.197613
0.0229376	0.185878
0.024576	0.17649
0.0262144	0.168441
0.0294912	0.148674
0.032768	0.137407
0.0360448	0.12807
0.0393216	0.113723
0.0425984	0.100557
0.0458752	0.0807612
0.049152	0.0664133
0.0524288	0.0613942
0.0589824	0.0525329
0.065536	0.0469646
0.0720896	0.0332611
0.0786432	0.0201025
0.0851968	0.0246937
0.0917504	0.0243686
0.098304	0.0358442
0.104858	0.0281583
0.117965	0.00866188
0.131072	0.00128204
0.144179	-0.00348138
0.157286	0.0133416
0.170394	0.0107254
0.183501	0.0183368
0.196608	0.0433339
0.209715	0.0354158
0.23593	0.0317532
0.262144	0.0208002
0.288358	0.0332736
0.314573	0.0122122
0.340787	-0.0312614
0.367002	-0.0168455
0.393216	0.0079689
0.41943	0.0105343
0.471859	0.0137068
0.524288	0.0237197
0.576717	-0.0352111
0.629146	-0.00604829
0.681574	0.0314909
0.734003	0.0244988
0.786432	0.0170276
0.838861	-0.00770791
0.943718	-0.0172042
1.04858	0.00343295
1.15343	-0.0114961
1.25829	-0.00475007
1.36315	0.00644263
1.46801	0.0331026
1.57286	0.00452909
1.67772	-0.000715625
1.88744	0.0367234
2.09715	0.0219435
2.30687	0.0244096
2.51658	-0.00954546
2.7263	0.00424994
2.93601	-0.00648803
3.14573	0.00906786
3.35544	0.0145536
3.77487	0.0256619
4.1943	0.0220226
4.61373	0.00382687
5.03316	0.0238228
5.4526	0.0292949
5.87203	0.0262619
6.29146	0.034339
6.71089	0.0619845
7.54975	0.0716747
8.38861	0.0895862
9.22747	0.11673
10.0663	0.0819581
10.9052	0.146995
11.7441	-0.0207226
12.5829	-0.107309

Count Rate History (KHz)  CR CHA / CR CHB
0.000000	263.633728	245.914459
0.052429	160.388947	143.203735
0.104858	192.451477	179.824829
0.157286	142.383575	130.844116
0.209715	174.903870	159.015656
0.262144	267.848969	244.617462
0.314573	246.143341	221.881866
0.367002	306.186676	283.298492
0.419430	446.891785	410.346985
0.471859	239.238739	218.582153
0.524288	152.111053	139.808655
0.576717	74.539185	72.612762
0.629146	108.852386	101.089478
0.681574	331.707001	304.679871
0.734003	295.238495	268.459320
0.786432	124.626160	114.097595
0.838861	77.419281	72.555542
0.891290	404.033661	373.363495
0.943718	227.699280	208.950043
0.996147	183.410645	169.639587
1.048576	420.360565	383.453369
1.101005	361.995697	333.003998
1.153434	127.620697	119.762421
1.205862	234.050751	214.080811
1.258291	173.206329	158.500671
1.310720	123.691559	113.162994
1.363149	238.666534	222.187042
1.415578	115.051270	105.495453
1.468006	118.923187	107.479095
1.520435	94.604492	88.405609
1.572864	261.173248	234.889984
1.625293	133.666992	123.901367
1.677722	306.930542	277.385712
1.730150	236.682892	216.255188
1.782579	236.816406	215.187073
1.835008	477.371216	437.068939
1.887437	106.315613	102.252960
1.939866	199.794769	185.375214
1.992294	90.579987	79.364777
2.044723	284.671783	260.086060
2.097152	553.359985	504.665375
2.149581	125.904083	118.522644
2.202010	123.939514	113.410950
2.254438	212.039948	196.418762
2.306867	150.985718	140.647888
2.359296	394.783020	361.671448
2.411725	235.977173	215.873718
2.464154	263.710022	241.222382
2.516582	303.897858	284.004211
2.569011	613.193512	562.000275
2.621440	113.658905	102.825165
2.673869	139.026642	129.756927
2.726298	343.189240	310.077667
2.778726	314.674377	284.843445
2.831155	81.195831	75.702667
2.883584	206.470490	186.195374
2.936013	292.396545	268.020630
2.988442	407.390594	372.066498
3.040870	455.055237	410.442352
3.093299	216.999054	197.563171
3.145728	165.615082	151.882172
3.198157	94.184875	89.378357
3.250586	113.162994	105.075836
3.303014	249.214172	226.097107
3.355443	139.236450	130.577087
3.407872	116.519928	108.833313
3.460301	346.717834	317.344666
3.512730	290.126801	265.445709
3.565158	427.608490	388.126373
3.617587	179.958344	170.955658
3.670016	226.993561	208.053589
3.722445	129.852295	123.252869
3.774874	181.827545	172.901154
3.827302	150.222778	139.389038
3.879731	131.778717	119.438171
3.932160	172.100067	159.893036
3.984589	302.028656	275.821686
4.037018	326.175690	303.630829
4.089446	336.036682	303.039551
4.141875	281.848907	252.685547
4.194304	453.643799	413.513184
4.246733	392.265320	356.559753
4.299162	281.276703	257.663727
4.351590	291.309357	276.298523
4.404019	273.704529	244.827271
4.456448	317.420959	290.222168
4.508877	195.426941	179.443359
4.561306	128.231049	119.915009
4.613734	121.707916	114.459991
4.666163	127.391815	120.639801
4.718592	171.566010	156.669617
4.771021	151.863098	139.961243
4.823450	227.832794	203.018188
4.875878	144.062042	129.737854
4.928307	274.887085	250.110626
4.980736	465.373993	420.608521
5.033165	498.962402	458.354950
5.085594	141.010284	130.405426
5.138022	94.509125	88.024139
5.190451	146.331787	135.822296
5.242880	194.244385	178.432465
5.295309	80.890656	73.242188
5.347738	139.675140	128.116608
5.400166	80.604553	76.637268
5.452595	96.950531	91.476440
5.505024	160.198212	146.713257
5.557453	87.833405	81.520081
5.609882	135.383606	123.023987
5.662310	466.308594	427.875519
5.714739	195.198059	181.369781
5.767168	174.350739	157.833099
5.819597	225.830078	207.576752
5.872026	173.301697	160.007477
5.924454	208.187103	195.503235
5.976883	241.031647	224.494934
6.029312	154.476166	142.974854
6.081741	220.108032	200.157166
6.134170	222.396851	206.623077
6.186598	309.333801	282.897949
6.239027	151.042938	138.568878
6.291456	241.165161	220.031738
6.343885	240.364075	222.949982
6.396314	358.161926	327.110291
6.448742	170.555115	159.244537
6.501171	258.903503	238.208771
6.553600	218.086243	199.718475
6.606029	218.467712	201.663971
6.658458	221.843719	202.388763
6.710886	233.078003	212.192535
6.763315	270.252228	247.154236
6.815744	214.748383	196.990967
6.868173	193.557739	178.413391
6.920602	122.394562	113.544464
6.973030	201.091766	183.410645
7.025459	229.854584	210.723877
7.077888	128.841400	119.380951
7.130317	326.251984	295.181274
7.182746	493.335724	450.477600
7.235174	364.437103	333.156586
7.287603	315.933228	288.486481
7.340032	261.840820	244.522095
7.392461	144.233704	137.042999
7.444890	309.391022	282.630920
7.497318	95.977783	90.122223
7.549747	380.821228	344.009399
7.602176	178.127289	165.519714
7.654605	374.450684	337.829590
7.707034	207.786560	188.503265
7.759462	140.590668	131.587982
7.811891	166.797638	149.135590
7.864320	148.983002	137.119293
7.916749	255.126953	231.227875
7.969178	166.549683	154.590607
8.021606	353.927612	321.655273
8.074035	410.003662	373.783112
8.126464	337.810516	307.712555
8.178893	126.914978	118.713379
8.231322	75.206757	71.792603
8.283750	209.903717	189.914703
8.336179	219.726563	200.462341
8.388608	144.863129	132.369995
8.441037	304.374695	278.739929
8.493466	242.824554	220.966339
8.545894	202.274323	185.203552
8.598323	471.153259	422.935486
8.650752	308.094025	285.892487
8.703181	113.449097	105.819702
8.755610	187.206268	172.595978
8.808038	209.789276	190.029144
8.860467	107.517242	99.868774
8.912896	128.803253	115.242004
8.965325	75.359344	73.051453
9.017754	317.401886	293.369293
9.070182	239.238739	221.023560
9.122611	177.326202	162.887573
9.175040	365.619659	336.685181
9.227469	236.873627	218.639374
9.279898	463.161469	423.603058
9.332326	335.140228	304.489136
9.384755	106.868744	98.400116
9.437184	124.759674	117.683411
9.489613	265.464783	246.334076
9.542042	244.655609	228.366852
9.594470	293.636322	266.323090
9.646899	122.699738	113.334656
9.699328	267.086029	239.887238
9.751757	511.226654	461.692810
9.804186	167.560577	154.113770
9.856614	377.540588	344.867706
9.909043	491.027832	446.033478
9.961472	366.725922	336.532593
10.013901	130.195618	118.694305
10.066330	170.421600	153.026581
10.118758	223.598480	210.361481
10.171187	122.833252	116.481781
10.223616	295.696259	270.805359
10.276045	309.200287	286.121368
10.328474	150.909424	135.841370
10.380902	142.116547	128.364563
10.433331	231.552124	207.309723
10.485760	180.988312	165.081024
10.538189	127.296448	115.146637
10.590618	166.664124	154.857635
10.643046	356.655121	325.813293
10.695475	259.170532	241.451263
10.747904	287.208557	262.031555
10.800333	115.451813	106.830597
10.852762	72.956085	67.634583
10.905190	164.871216	154.705048
10.957619	426.445007	388.851166
11.010048	383.148193	351.409912
11.062477	111.141205	101.985931
11.114906	101.642609	93.688965
11.167334	698.986053	647.392273
11.219763	341.491699	310.268402
11.272192	528.182983	484.752655
11.324621	361.557007	330.791473
11.377050	624.485016	563.735962
11.429478	966.167450	895.423889
11.481907	748.710632	690.498352
11.534336	311.908722	284.748077
11.586765	300.712585	275.974274
11.639194	158.786774	149.631500
11.691622	502.243042	448.856354
11.744051	304.603577	278.015137
11.796480	653.915405	592.460632
11.848909	322.418213	293.712616
11.901338	99.163055	91.762543
11.953766	177.383423	159.397125
12.006195	378.589630	345.935822
12.058624	137.844086	124.187469
12.111053	176.124573	164.527893
12.163482	106.887817	101.871490
12.215910	290.203094	262.489319
12.268339	168.952942	156.593323
12.320768	241.813660	222.187042
12.373197	159.626007	149.860382
12.425626	277.519226	259.532928
12.478054	693.130493	642.242432
12.530483	306.682587	286.540985
12.582912	167.293549	152.320862
12.635341	129.470825	119.934082
12.687770	100.383759	93.860626
12.740198	271.720886	255.031586
12.792627	179.119110	161.991119
12.845056	219.192505	203.247070
12.897485	130.653381	117.092133
12.949914	242.099762	223.159790
13.002342	220.031738	204.486847
13.054771	85.487366	75.759888
13.107200	171.680450	156.211853
13.159629	205.078125	188.274384
13.212058	482.101440	444.240570
13.264486	361.042023	333.423615
13.316915	210.628510	194.301605
13.369344	228.290558	212.135315
13.421773	328.960419	299.682617
13.474202	116.386414	108.776093
13.526630	444.450378	405.101776
13.579059	115.242004	104.656219
13.631488	430.984497	391.902924
13.683917	259.532928	242.156982
13.736346	88.996887	84.285736
13.788774	257.072449	242.881775
13.841203	155.754089	143.737793
13.893632	183.849335	167.083740
13.946061	146.369934	133.914948
13.998490	133.819580	124.950409
14.050918	210.685730	193.786621
14.103347	232.524872	210.971832
14.155776	255.832672	234.012604
14.208205	183.029175	174.999237
14.260634	108.051300	100.727081
14.313062	701.923370	638.408661
14.365491	511.188507	459.041595
