3/3/2026	12:1 PM
Pseudo Cross Correlation
Scattering angle:	48.01
Duration (s):	15
Wavelength (nm):	660.0
Refractive index:	1.330
Viscosity (mPas):	0.999
Temperature (K):	293.2
Laser intensity (mW):	84.000000
Average Count rate  A (kHz):	29.2
Average Count rate  B (kHz):	27.0
Intercept:	0.8220
Cumulant 1st	30.8416
Cumulant 2nd	20.3866	20.4914
Cumulant 3rd	17.2911	22.1019

Lag time (s)         g2-1
1.25E-08	0.934922
2.5E-08	0.850489
3.75E-08	1.03343
5E-08	0.871597
6.25E-08	0.744948
7.5E-08	0.857525
8.75E-08	0.934922
1E-07	0.829381
1.125E-07	0.569046
1.25E-07	0.857525
1.375E-07	0.681623
1.5E-07	0.871597
1.625E-07	0.716804
1.75E-07	0.864561
1.875E-07	0.899742
2E-07	0.88567
2.125E-07	0.716804
2.375E-07	0.734394
2.625E-07	0.74143
2.875E-07	0.818827
3.125E-07	0.906778
3.375E-07	0.832899
3.625E-07	0.72384
3.875E-07	0.804755
4.125E-07	0.834658
4.625E-07	0.855766
5.125E-07	0.854007
5.625E-07	0.810032
6.125E-07	0.727358
6.625E-07	0.808273
7.125E-07	0.75902
7.625E-07	0.751984
8.125E-07	0.749345
9.125E-07	0.836417
1.0125E-06	0.836417
1.1125E-06	0.851369
1.2125E-06	0.77661
1.3125E-06	0.84961
1.4125E-06	0.782767
1.5125E-06	0.930525
1.6125E-06	0.814869
1.8125E-06	0.81267
2.0125E-06	0.828062
2.2125E-06	0.836417
2.4125E-06	0.86764
2.6125E-06	0.795959
2.8125E-06	0.84917
3.0125E-06	0.804315
3.2125E-06	0.809592
3.6125E-06	0.824544
4.0125E-06	0.822345
4.4125E-06	0.833119
4.8125E-06	0.829161
5.2125E-06	0.823004
5.6125E-06	0.787604
6.0125E-06	0.79442
6.4125E-06	0.827402
7.2125E-06	0.800467
8.0125E-06	0.801236
8.8125E-06	0.809812
9.6125E-06	0.822455
1.04125E-05	0.83004
1.12125E-05	0.822345
1.20125E-05	0.787934
1.28125E-05	0.784636
1.44125E-05	0.787274
1.60125E-05	0.795135
1.76125E-05	0.78568
1.92125E-05	0.777929
2.08125E-05	0.796674
2.24125E-05	0.770673
2.40125E-05	0.764462
2.56125E-05	0.768616
2.88125E-05	0.76977
3.20125E-05	0.757705
3.52125E-05	0.738685
3.84125E-05	0.741379
4.16125E-05	0.744952
4.48125E-05	0.731622
4.80125E-05	0.729285
5.12125E-05	0.722441
5.76125E-05	0.71278
6.40125E-05	0.69607
7.04125E-05	0.689198
7.68125E-05	0.679496
8.32125E-05	0.669203
8.96125E-05	0.662882
9.60125E-05	0.646487
0.000102413	0.644047
0.000115213	0.626313
0.000128013	0.601679
0.000140813	0.598406
0.000153613	0.578692
0.000166413	0.567527
0.000179213	0.557327
0.000192013	0.539689
0.000204813	0.539691
0.000230413	0.518393
0.000256013	0.495522
0.000281613	0.476795
0.000307213	0.459764
0.000332813	0.45056
0.000358413	0.440858
0.000384013	0.424398
0.000409613	0.418903
0.000460813	0.403202
0.000512013	0.385795
0.000563213	0.373064
0.000614413	0.363738
0.000665613	0.347821
0.000716813	0.335155
0.000768013	0.328631
0.000819213	0.322739
0.000921613	0.307672
0.00102401	0.295932
0.00112641	0.281887
0.00122881	0.270832
0.00133121	0.260925
0.00143361	0.250944
0.00153601	0.241186
0.00163841	0.232044
0.00184321	0.214124
0.00204801	0.195913
0.00225281	0.183723
0.00245761	0.177204
0.00266241	0.166218
0.00286721	0.157922
0.00307201	0.150571
0.00327681	0.142295
0.00368641	0.1297
0.00409601	0.117849
0.00450561	0.113623
0.00491521	0.103797
0.00532481	0.0994056
0.00573441	0.0956396
0.00614401	0.0952427
0.00655361	0.0916989
0.00737281	0.0852638
0.00819201	0.0780261
0.00901121	0.0819069
0.00983041	0.0802742
0.0106496	0.0781022
0.0114688	0.0709285
0.012288	0.0694178
0.0131072	0.0648851
0.0147456	0.0614452
0.016384	0.0650406
0.0180224	0.0656917
0.0196608	0.0659431
0.0212992	0.0615376
0.0229376	0.0669853
0.024576	0.0655341
0.0262144	0.0575296
0.0294912	0.0607726
0.032768	0.0666536
0.0360448	0.0591455
0.0393216	0.0663605
0.0425984	0.0651961
0.0458752	0.0618473
0.049152	0.0643832
0.0524288	0.0663786
0.0589824	0.0738349
0.065536	0.0625205
0.0720896	0.0684514
0.0786432	0.074864
0.0851968	0.0686272
0.0917504	0.0635573
0.098304	0.0625195
0.104858	0.0620845
0.117965	0.0661286
0.131072	0.0694208
0.144179	0.0680393
0.157286	0.0594369
0.170394	0.0648085
0.183501	0.0597547
0.196608	0.0547439
0.209715	0.056804
0.23593	0.0536006
0.262144	0.0509124
0.288358	0.0509828
0.314573	0.0596244
0.340787	0.0493205
0.367002	0.0498599
0.393216	0.051278
0.41943	0.0484612
0.471859	0.0411325
0.524288	0.0386498
0.576717	0.0394406
0.629146	0.0391015
0.681574	0.0305959
0.734003	0.0314234
0.786432	0.0219863
0.838861	0.019425
0.943718	0.0125996
1.04858	0.00798683
1.15343	0.00162574
1.25829	-0.00504697
1.36315	-0.010756
1.46801	-0.0156745
1.57286	-0.0206949
1.67772	-0.0322823
1.88744	-0.0499841
2.09715	-0.0667654
2.30687	-0.0795296
2.51658	-0.0934844
2.7263	-0.0997857
2.93601	-0.106675
3.14573	-0.118683
3.35544	-0.12798
3.77487	-0.136558
4.1943	-0.148621
4.61373	-0.153813
5.03316	-0.155117
5.4526	-0.162033
5.87203	-0.157985
6.29146	-0.15393
6.71089	-0.150157
7.54975	-0.149784
8.38861	-0.145093
9.22747	-0.145498
10.0663	-0.145005
10.9052	-0.151414
11.7441	-0.148027
12.5829	-0.125395

Count Rate History (KHz)  CR CHA / CR CHB
0.000000	38.757324	34.561157
0.052429	41.389465	38.013458
0.104858	62.427521	55.503845
0.157286	51.460266	44.307709
0.209715	50.506592	46.806335
0.262144	42.858124	38.356781
0.314573	41.465759	37.860870
0.367002	38.642883	35.781860
0.419430	49.171448	43.392181
0.471859	50.182343	46.310425
0.524288	42.209625	39.176941
0.576717	45.280457	41.618347
0.629146	52.757263	46.691895
0.681574	49.858093	44.593811
0.734003	58.784485	55.007935
0.786432	45.776367	42.667389
0.838861	55.885315	52.127838
0.891290	47.130585	42.877197
0.943718	37.250519	33.550262
0.996147	52.986145	48.599243
1.048576	38.890839	35.037994
1.101005	43.239594	40.378571
1.153434	50.010681	42.858124
1.205862	45.566559	42.171478
1.258291	40.702820	37.136078
1.310720	43.277740	39.958954
1.363149	37.269592	35.743713
1.415578	37.765503	33.168793
1.468006	44.021606	41.542053
1.520435	36.697388	33.340454
1.572864	46.405792	40.950775
1.625293	61.588287	55.522919
1.677722	43.468475	39.920807
1.730150	51.021576	48.847198
1.782579	42.324066	39.310455
1.835008	48.027039	44.193268
1.887437	35.686493	33.569336
1.939866	53.977966	50.487518
1.992294	50.601959	50.735474
2.044723	45.070648	41.961670
2.097152	39.310455	35.705566
2.149581	39.920807	40.130615
2.202010	41.313171	36.144257
2.254438	43.792725	40.988922
2.306867	44.574738	41.713715
2.359296	47.264099	44.269562
2.411725	30.784607	28.114319
2.464154	33.359528	31.032562
2.516582	32.672882	29.754639
2.569011	28.457642	27.713776
2.621440	33.168793	28.991699
2.673869	33.779144	29.354095
2.726298	30.117035	28.114319
2.778726	31.795502	30.002594
2.831155	23.136139	23.269653
2.883584	44.803619	43.239594
2.936013	39.558411	35.228729
2.988442	40.340424	37.746429
3.040870	39.825439	37.994385
3.093299	35.190582	32.939911
3.145728	34.675598	32.939911
3.198157	31.528473	30.574799
3.250586	31.394958	29.659271
3.303014	36.582947	33.054352
3.355443	26.512146	22.659302
3.407872	25.596619	22.106171
3.460301	33.874512	31.700134
3.512730	30.002594	28.896332
3.565158	27.885437	27.275085
3.617587	24.662018	23.117065
3.670016	22.201538	22.506714
3.722445	34.084320	33.302307
3.774874	33.664703	29.773712
3.827302	27.122498	25.138855
3.879731	42.114258	40.531158
3.932160	24.890900	22.354126
3.984589	28.095245	26.454926
4.037018	27.275085	25.730133
4.089446	28.419495	26.645660
4.141875	32.367706	28.667450
4.194304	22.926331	21.724701
4.246733	26.569366	23.880005
4.299162	24.662018	23.593903
4.351590	32.634735	32.978058
4.404019	21.324158	20.408630
4.456448	24.032593	23.155212
4.508877	32.424927	31.032562
4.561306	23.040771	21.896362
4.613734	25.520325	24.280548
4.666163	24.528503	23.269653
4.718592	35.037994	30.632019
4.771021	22.850037	21.762848
4.823450	21.572113	21.095276
4.875878	20.923615	19.397736
4.928307	25.405884	24.204254
4.980736	26.741028	24.528503
5.033165	25.501251	23.975372
5.085594	36.067963	33.702850
5.138022	34.694672	31.013489
5.190451	28.076172	25.196075
5.242880	20.103455	17.910004
5.295309	18.539429	16.880035
5.347738	29.525757	26.226044
5.400166	28.896332	26.035309
5.452595	26.073456	24.986267
5.505024	23.536682	21.381378
5.557453	23.384094	20.217896
5.609882	18.711090	18.100739
5.662310	23.345947	22.697449
5.714739	25.463104	23.384094
5.767168	24.986267	22.163391
5.819597	19.416809	18.539429
5.872026	20.923615	18.939972
5.924454	25.196075	21.972656
5.976883	23.441315	21.324158
6.029312	20.484924	19.111633
6.081741	28.419495	26.130676
6.134170	26.206970	24.986267
6.186598	20.694733	18.348694
6.239027	22.201538	21.858215
6.291456	32.329559	29.792786
6.343885	21.839142	20.847321
6.396314	20.179749	19.512177
6.448742	27.580261	25.901794
6.501171	19.760132	20.122528
6.553600	19.588470	16.479492
6.606029	22.945404	20.771027
6.658458	19.550323	18.501282
6.710886	27.828217	25.959015
6.763315	23.269653	20.561218
6.815744	20.122528	19.607544
6.868173	25.959015	24.642944
6.920602	24.852753	23.384094
6.973030	21.820068	20.980835
7.025459	27.923584	25.386810
7.077888	22.354126	22.335052
7.130317	22.449493	21.324158
7.182746	24.852753	23.651123
7.235174	24.948120	23.632050
7.287603	19.626617	19.149780
7.340032	30.708313	28.190613
7.392461	22.258759	21.152496
7.444890	25.196075	24.242401
7.497318	25.444031	23.059845
7.549747	28.877258	26.435852
7.602176	22.373199	21.400452
7.654605	28.362274	25.424957
7.707034	23.345947	21.686554
7.759462	25.196075	23.384094
7.811891	22.087097	19.550323
7.864320	21.495819	19.378662
7.916749	23.403168	20.351410
7.969178	25.749207	23.899078
8.021606	25.691986	24.318695
8.074035	20.675659	19.130707
8.126464	26.874542	25.577545
8.178893	23.155212	20.523071
8.231322	22.773743	21.839142
8.283750	24.318695	22.926331
8.336179	26.016235	23.689270
8.388608	27.027130	25.177002
8.441037	21.915436	21.629333
8.493466	20.656586	19.416809
8.545894	20.751953	20.236969
8.598323	22.449493	19.073486
8.650752	34.732819	31.948090
8.703181	20.923615	19.588470
8.755610	21.076202	19.111633
8.808038	31.986237	28.858185
8.860467	21.343231	20.980835
8.912896	30.345917	27.961731
8.965325	19.702911	17.356873
9.017754	27.179718	25.691986
9.070182	27.656555	27.427673
9.122611	24.681091	23.231506
9.175040	21.362305	20.999908
9.227469	25.177002	23.536682
9.279898	23.746490	22.335052
9.332326	24.662018	23.994446
9.384755	27.275085	27.122498
9.437184	24.909973	22.964478
9.489613	22.277832	21.018982
9.542042	30.002594	27.732849
9.594470	22.945404	21.381378
9.646899	23.860931	22.716522
9.699328	24.795532	22.182465
9.751757	23.078918	21.190643
9.804186	20.122528	16.803741
9.856614	20.751953	19.340515
9.909043	25.672913	23.841858
9.961472	34.141541	29.258728
10.013901	23.937225	22.048950
10.066330	22.335052	21.038055
10.118758	28.629303	26.264191
10.171187	24.890900	22.888184
10.223616	30.574799	28.915405
10.276045	30.422211	27.008057
10.328474	29.907227	25.177002
10.380902	32.157898	29.315948
10.433331	27.179718	24.528503
10.485760	20.885468	20.236969
10.538189	19.359589	18.405914
10.590618	33.016205	30.555725
10.643046	22.583008	21.247864
10.695475	23.250580	21.991730
10.747904	23.555756	22.716522
10.800333	22.201538	21.667480
10.852762	20.027161	19.073486
10.905190	26.149750	24.700165
10.957619	20.751953	20.179749
11.010048	28.572083	25.978088
11.062477	21.305084	18.062592
11.114906	22.182465	21.152496
11.167334	29.258728	24.547577
11.219763	32.615662	31.490326
11.272192	22.373199	20.465851
11.324621	29.067993	27.885437
11.377050	22.048950	19.550323
11.429478	19.645691	19.588470
11.481907	21.553040	21.018982
11.534336	23.632050	21.362305
11.586765	28.457642	25.691986
11.639194	19.493103	17.871857
11.691622	28.209686	27.198792
11.744051	18.939972	17.127991
11.796480	21.438599	20.656586
11.848909	23.403168	21.991730
11.901338	23.365021	22.106171
11.953766	21.915436	18.997192
12.006195	35.362244	31.356812
12.058624	22.850037	21.286011
12.111053	21.915436	20.847321
12.163482	21.038055	18.863678
12.215910	26.473999	24.604797
12.268339	21.705627	20.866394
12.320768	26.702881	23.975372
12.373197	22.277832	21.476746
12.425626	27.885437	27.351379
12.478054	23.727417	20.656586
12.530483	20.332336	18.615723
12.582912	34.923553	32.043457
12.635341	31.642914	28.324127
12.687770	21.972656	20.141602
12.740198	24.738312	22.830963
12.792627	20.675659	19.054413
12.845056	23.441315	22.945404
12.897485	27.618408	25.043488
12.949914	33.664703	29.106140
13.002342	19.149780	17.566681
13.054771	26.607513	24.662018
13.107200	23.822784	22.621155
13.159629	24.948120	23.536682
13.212058	19.550323	18.558502
13.264486	21.553040	18.692017
13.316915	22.563934	21.762848
13.369344	23.708344	21.572113
13.421773	20.427704	17.719269
13.474202	23.689270	20.427704
13.526630	27.275085	25.081635
13.579059	23.880005	21.591187
13.631488	34.351349	31.623840
13.683917	30.441284	28.018951
13.736346	28.953552	27.713776
13.788774	30.212402	27.332306
13.841203	23.689270	23.250580
13.893632	24.604797	23.460388
13.946061	20.694733	17.700195
13.998490	29.716492	27.046204
14.050918	31.471252	29.830933
14.103347	25.997162	23.326874
14.155776	21.038055	19.855499
14.208205	28.343201	25.997162
14.260634	27.084351	24.738312
14.313062	20.465851	19.741058
14.365491	22.430420	20.675659
