3/3/2026	11:46 AM
Pseudo Cross Correlation
Scattering angle:	20.01
Duration (s):	15
Wavelength (nm):	660.0
Refractive index:	1.330
Viscosity (mPas):	0.999
Temperature (K):	293.1
Laser intensity (mW):	84.000000
Average Count rate  A (kHz):	282.3
Average Count rate  B (kHz):	258.9
Intercept:	1.0021
Cumulant 1st	352.9460
Cumulant 2nd	251.1020	257.3208
Cumulant 3rd	181.0569	282.3034

Lag time (s)         g2-1
1.25E-08	1.02642
2.5E-08	1.01622
3.75E-08	0.994261
5E-08	1.00423
6.25E-08	1.01575
7.5E-08	1.00895
8.75E-08	1.00122
1E-07	1.03477
1.125E-07	1.0047
1.25E-07	0.993333
1.375E-07	1.02828
1.5E-07	1.03129
1.625E-07	1.01382
1.75E-07	1.01483
1.875E-07	1.00346
2E-07	1.00655
2.125E-07	0.999093
2.375E-07	1.02515
2.625E-07	0.997585
2.875E-07	1.02194
3.125E-07	1.0105
3.375E-07	1.01827
3.625E-07	1.0243
3.875E-07	1.00941
4.125E-07	1.00458
4.625E-07	1.01175
5.125E-07	1.01299
5.625E-07	1.00309
6.125E-07	1.01262
6.625E-07	1.01067
7.125E-07	1.0218
7.625E-07	1.01867
8.125E-07	1.00887
9.125E-07	1.0137
1.0125E-06	1.0028
1.1125E-06	1.00595
1.2125E-06	1.00678
1.3125E-06	1.01137
1.4125E-06	1.00704
1.5125E-06	1.00894
1.6125E-06	1.00572
1.8125E-06	1.0115
2.0125E-06	1.00715
2.2125E-06	1.0045
2.4125E-06	1.00979
2.6125E-06	1.01409
2.8125E-06	1.01025
3.0125E-06	1.01062
3.2125E-06	1.00549
3.6125E-06	1.00723
4.0125E-06	1.01214
4.4125E-06	1.00983
4.8125E-06	1.01056
5.2125E-06	1.0123
5.6125E-06	1.01068
6.0125E-06	1.01043
6.4125E-06	1.01166
7.2125E-06	1.00881
8.0125E-06	1.00942
8.8125E-06	1.00847
9.6125E-06	1.00603
1.04125E-05	1.00883
1.12125E-05	1.00729
1.20125E-05	1.00708
1.28125E-05	1.00829
1.44125E-05	1.01067
1.60125E-05	1.00841
1.76125E-05	1.00823
1.92125E-05	1.00929
2.08125E-05	1.00793
2.24125E-05	1.006
2.40125E-05	1.00769
2.56125E-05	1.00711
2.88125E-05	1.00701
3.20125E-05	1.00721
3.52125E-05	1.00688
3.84125E-05	1.00577
4.16125E-05	1.00531
4.48125E-05	1.005
4.80125E-05	1.00335
5.12125E-05	1.00458
5.76125E-05	1.00268
6.40125E-05	1.00309
7.04125E-05	1.002
7.68125E-05	1.0013
8.32125E-05	1.00067
8.96125E-05	0.999595
9.60125E-05	0.999527
0.000102413	0.998963
0.000115213	0.996313
0.000128013	0.995477
0.000140813	0.994008
0.000153613	0.993162
0.000166413	0.991101
0.000179213	0.989695
0.000192013	0.988665
0.000204813	0.988218
0.000230413	0.985476
0.000256013	0.982761
0.000281613	0.980399
0.000307213	0.977838
0.000332813	0.975591
0.000358413	0.973582
0.000384013	0.971652
0.000409613	0.969421
0.000460813	0.965099
0.000512013	0.961249
0.000563213	0.957516
0.000614413	0.953654
0.000665613	0.949952
0.000716813	0.946735
0.000768013	0.943345
0.000819213	0.939872
0.000921613	0.933678
0.00102401	0.927527
0.00112641	0.922123
0.00122881	0.916695
0.00133121	0.911874
0.00143361	0.906881
0.00153601	0.901894
0.00163841	0.896987
0.00184321	0.888309
0.00204801	0.88021
0.00225281	0.872734
0.00245761	0.865647
0.00266241	0.85927
0.00286721	0.853419
0.00307201	0.848108
0.00327681	0.843176
0.00368641	0.833748
0.00409601	0.825452
0.00450561	0.817422
0.00491521	0.81071
0.00532481	0.804364
0.00573441	0.797467
0.00614401	0.790701
0.00655361	0.784401
0.00737281	0.770938
0.00819201	0.758168
0.00901121	0.74518
0.00983041	0.733102
0.0106496	0.722097
0.0114688	0.710821
0.012288	0.698899
0.0131072	0.686815
0.0147456	0.665184
0.016384	0.647782
0.0180224	0.628903
0.0196608	0.612808
0.0212992	0.597073
0.0229376	0.582574
0.024576	0.569157
0.0262144	0.557675
0.0294912	0.533884
0.032768	0.510167
0.0360448	0.479656
0.0393216	0.45203
0.0425984	0.422274
0.0458752	0.395179
0.049152	0.371627
0.0524288	0.351308
0.0589824	0.31578
0.065536	0.283962
0.0720896	0.26914
0.0786432	0.252414
0.0851968	0.229472
0.0917504	0.211512
0.098304	0.205515
0.104858	0.204649
0.117965	0.201458
0.131072	0.199047
0.144179	0.201734
0.157286	0.206478
0.170394	0.206573
0.183501	0.212906
0.196608	0.226297
0.209715	0.216632
0.23593	0.178782
0.262144	0.166789
0.288358	0.134367
0.314573	0.121058
0.340787	0.113067
0.367002	0.110889
0.393216	0.0985703
0.41943	0.100656
0.471859	0.0850246
0.524288	0.0920546
0.576717	0.1052
0.629146	0.0781701
0.681574	0.0615736
0.734003	0.0930018
0.786432	0.128432
0.838861	0.141439
0.943718	0.187958
1.04858	0.139162
1.15343	0.0954447
1.25829	0.0408531
1.36315	0.0425218
1.46801	0.0368859
1.57286	0.0323878
1.67772	0.0159123
1.88744	0.00429344
2.09715	-0.0418196
2.30687	-0.0946898
2.51658	-0.086178
2.7263	-0.0165451
2.93601	-0.043741
3.14573	-0.0756418
3.35544	-0.0964225
3.77487	-0.0295614
4.1943	-0.0669375
4.61373	-0.0117552
5.03316	-0.00607542
5.4526	0.00440622
5.87203	-0.0621716
6.29146	0.000430283
6.71089	-0.0666394
7.54975	-0.0825577
8.38861	-0.0941934
9.22747	-0.0657161
10.0663	-0.017107
10.9052	0.0422666
11.7441	0.263507
12.5829	0.347401

Count Rate History (KHz)  CR CHA / CR CHB
0.000000	247.974396	230.751038
0.052429	143.451691	133.094788
0.104858	236.148834	220.050812
0.157286	304.279327	280.189514
0.209715	539.798737	486.221313
0.262144	269.031525	251.617432
0.314573	335.865021	313.892365
0.367002	479.602814	441.589355
0.419430	306.987762	277.919769
0.471859	273.742676	249.214172
0.524288	405.120850	368.709564
0.576717	258.617401	234.947205
0.629146	120.563507	106.773376
0.681574	72.669983	67.691803
0.734003	170.764923	157.318115
0.786432	161.724091	149.497986
0.838861	276.908875	254.821777
0.891290	333.480835	304.183960
0.943718	190.372467	174.388885
0.996147	151.157379	139.579773
1.048576	286.598206	261.192322
1.101005	220.146179	202.884674
1.153434	133.209229	120.220184
1.205862	311.222076	277.709961
1.258291	323.371887	300.827026
1.310720	305.557251	280.437469
1.363149	179.767609	169.219971
1.415578	203.571320	185.890198
1.468006	276.374817	250.320435
1.520435	170.650482	158.729553
1.572864	178.718567	159.873962
1.625293	267.906189	249.462128
1.677722	52.280426	49.591064
1.730150	197.429657	178.394318
1.782579	326.671600	298.347473
1.835008	57.258606	52.719116
1.887437	100.669861	91.018677
1.939866	345.821381	319.366455
1.992294	466.232300	436.897278
2.044723	178.642273	161.952972
2.097152	88.520050	79.193115
2.149581	220.985413	202.083588
2.202010	273.151398	254.192352
2.254438	167.980194	149.440765
2.306867	80.509186	73.261261
2.359296	261.154175	236.816406
2.411725	180.625916	167.465210
2.464154	229.434967	211.963654
2.516582	169.010162	148.544312
2.569011	267.772675	246.238708
2.621440	60.214996	55.828094
2.673869	121.250153	111.274719
2.726298	214.138031	198.135376
2.778726	213.699341	191.555023
2.831155	298.347473	273.971558
2.883584	326.766968	293.426514
2.936013	52.967072	49.171448
2.988442	109.424591	101.184845
3.040870	37.841797	37.460327
3.093299	47.760010	47.473907
3.145728	154.895782	146.465302
3.198157	141.639709	128.135681
3.250586	58.670044	55.751801
3.303014	136.375427	127.639771
3.355443	439.834595	398.654938
3.407872	320.835114	293.960571
3.460301	166.683197	152.111053
3.512730	157.279968	146.713257
3.565158	109.386444	102.500916
3.617587	126.132965	113.239288
3.670016	366.077423	346.851349
3.722445	744.190216	676.078796
3.774874	314.350128	291.309357
3.827302	387.744904	350.780487
3.879731	270.118713	250.091553
3.932160	345.878601	310.668945
3.984589	732.727051	660.934448
4.037018	156.135559	141.849518
4.089446	129.489899	117.568970
4.141875	206.565857	191.116333
4.194304	177.173615	162.982941
4.246733	237.464905	221.080780
4.299162	58.364868	54.550171
4.351590	113.792419	106.773376
4.404019	169.925690	157.527924
4.456448	176.792145	163.192749
4.508877	208.377838	193.862915
4.561306	193.672180	177.536011
4.613734	384.273529	352.458954
4.666163	186.500549	175.914764
4.718592	299.320221	278.034210
4.771021	552.806854	500.831604
4.823450	282.020569	258.808136
4.875878	318.717957	289.077759
4.928307	495.891571	460.166931
4.980736	592.536926	551.452637
5.033165	338.516235	311.222076
5.085594	704.612732	640.201569
5.138022	881.443024	802.879333
5.190451	218.982697	199.050903
5.242880	188.713074	175.132751
5.295309	467.758179	430.603027
5.347738	547.790527	498.905182
5.400166	309.238434	277.633667
5.452595	659.179688	614.490509
5.505024	780.086517	719.242096
5.557453	1577.930450	1445.121765
5.609882	1228.122711	1115.016937
5.662310	148.525238	134.429932
5.714739	204.010010	186.729431
5.767168	683.422089	633.163452
5.819597	384.254456	348.377228
5.872026	81.405640	75.931549
5.924454	61.988831	58.631897
5.976883	169.410706	155.563354
6.029312	230.484009	211.429596
6.081741	348.320007	320.472717
6.134170	886.764526	815.391541
6.186598	386.333466	350.875854
6.239027	136.375427	124.607086
6.291456	611.915588	557.708740
6.343885	962.066650	880.775452
6.396314	1014.003754	925.197601
6.448742	951.194763	877.590179
6.501171	913.925171	845.527649
6.553600	935.134888	861.186981
6.606029	456.657410	413.227081
6.658458	144.195557	137.195587
6.710886	212.268829	197.067261
6.763315	287.094116	266.704559
6.815744	232.906342	212.669373
6.868173	323.104858	295.734406
6.920602	117.149353	109.386444
6.973030	93.917847	86.784363
7.025459	93.669891	84.724426
7.077888	123.023987	113.296509
7.130317	78.544617	71.544647
7.182746	96.912384	89.397430
7.235174	85.544586	79.936981
7.287603	91.152191	86.936951
7.340032	168.266296	153.141022
7.392461	445.747375	411.853790
7.444890	315.341949	291.442871
7.497318	204.830170	188.865662
7.549747	434.112549	392.360687
7.602176	311.679840	286.865234
7.654605	261.421204	235.996246
7.707034	51.364899	45.833588
7.759462	67.100525	62.694550
7.811891	102.424622	94.089508
7.864320	117.588043	107.765198
7.916749	58.231354	54.683685
7.969178	47.435760	45.681000
8.021606	60.272217	55.770874
8.074035	100.479126	92.182159
8.126464	139.617920	127.677917
8.178893	150.909424	137.786865
8.231322	176.486969	160.026550
8.283750	156.402588	140.457153
8.336179	228.347778	206.108093
8.388608	238.094330	216.999054
8.441037	316.123962	291.862488
8.493466	175.399780	162.487030
8.545894	131.340027	121.784210
8.598323	108.928680	98.628998
8.650752	180.435181	162.200928
8.703181	157.947540	143.871307
8.755610	245.227814	225.391388
8.808038	167.999268	154.895782
8.860467	53.901672	51.708221
8.912896	68.550110	64.125061
8.965325	56.056976	54.569244
9.017754	45.738220	42.533875
9.070182	354.804993	329.399109
9.122611	94.375610	86.879730
9.175040	90.293884	79.879761
9.227469	214.214325	195.655823
9.279898	145.168304	130.996704
9.332326	219.745636	202.426910
9.384755	185.661316	173.835754
9.437184	228.748322	213.241577
9.489613	250.873566	229.034424
9.542042	100.898743	92.506409
9.594470	68.054199	63.743591
9.646899	100.440979	92.906952
9.699328	81.005096	72.746277
9.751757	53.844452	50.716400
9.804186	119.304657	109.519958
9.856614	88.214874	83.122253
9.909043	104.255676	95.062256
9.961472	74.386597	69.427490
10.013901	289.058685	267.982483
10.066330	240.974426	221.309662
10.118758	196.228027	182.571411
10.171187	327.663422	305.347443
10.223616	252.685547	227.470398
10.276045	301.361084	278.778076
10.328474	161.724091	149.059296
10.380902	282.516479	259.056091
10.433331	342.884064	310.649872
10.485760	173.625946	156.364441
10.538189	143.775940	130.290985
10.590618	359.592438	324.363708
10.643046	136.299133	124.893188
10.695475	62.580109	56.495667
10.747904	201.797485	187.683105
10.800333	372.867584	343.055725
10.852762	259.971619	240.612030
10.905190	153.846741	141.315460
10.957619	115.470886	105.724335
11.010048	100.975037	94.413757
11.062477	216.369629	198.307037
11.114906	202.465057	189.514160
11.167334	186.786652	165.901184
11.219763	282.955170	261.230469
11.272192	169.658661	151.557922
11.324621	176.448822	161.399841
11.377050	230.884552	211.944580
11.429478	93.460083	82.893372
11.481907	175.838470	163.898468
11.534336	119.171143	106.468201
11.586765	174.903870	159.320831
11.639194	164.051056	148.582458
11.691622	387.554169	355.682373
11.744051	439.357758	404.777527
11.796480	655.040741	601.749420
11.848909	155.754089	144.672394
11.901338	109.367371	100.612640
11.953766	166.702271	154.533386
12.006195	200.557709	183.944702
12.058624	505.275726	464.210510
12.111053	124.664307	118.751526
12.163482	98.972321	94.795227
12.215910	196.552277	179.862976
12.268339	185.508728	167.999268
12.320768	576.953888	528.469086
12.373197	703.144073	640.850067
12.425626	489.215851	444.355011
12.478054	223.598480	207.729340
12.530483	268.917084	249.366760
12.582912	159.358978	148.563385
12.635341	137.844086	125.770569
12.687770	236.701965	209.960938
12.740198	446.052551	409.221649
12.792627	679.359436	615.253448
12.845056	407.009125	374.050140
12.897485	151.672363	136.871338
12.949914	449.943542	421.638489
13.002342	211.353302	192.146301
13.054771	239.219666	218.772888
13.107200	106.525421	101.604462
13.159629	229.701996	212.497711
13.212058	892.715454	823.726654
13.264486	543.575287	492.095947
13.316915	522.975922	477.066040
13.369344	374.126434	348.930359
13.421773	660.648346	601.024628
13.474202	896.186829	820.941925
13.526630	796.337128	734.577179
13.579059	559.787750	515.155792
13.631488	363.044739	323.314667
13.683917	346.183777	315.704346
13.736346	377.807617	347.576141
13.788774	1070.518494	989.704132
13.841203	694.580078	635.318756
13.893632	419.673920	380.859375
13.946061	689.964294	627.479553
13.998490	282.306671	260.200500
14.050918	52.623749	47.760010
14.103347	311.298370	276.737213
