3/3/2026	11:49 AM
Pseudo Cross Correlation
Scattering angle:	24.02
Duration (s):	15
Wavelength (nm):	660.0
Refractive index:	1.330
Viscosity (mPas):	0.999
Temperature (K):	293.2
Laser intensity (mW):	84.000000
Average Count rate  A (kHz):	84.8
Average Count rate  B (kHz):	78.1
Intercept:	1.1387
Cumulant 1st	273.7040
Cumulant 2nd	257.3305	182.6117
Cumulant 3rd	168.2403	152.8930

Lag time (s)         g2-1
1.25E-08	1.16662
2.5E-08	1.14871
3.75E-08	1.16321
5E-08	1.14359
6.25E-08	1.14785
7.5E-08	1.19733
8.75E-08	1.23912
1E-07	1.15127
1.125E-07	1.27666
1.25E-07	1.26045
1.375E-07	1.24765
1.5E-07	1.19989
1.625E-07	1.21098
1.75E-07	1.2468
1.875E-07	1.22633
2E-07	1.1615
2.125E-07	1.1952
2.375E-07	1.09028
2.625E-07	1.18368
2.875E-07	1.1598
3.125E-07	1.13634
3.375E-07	1.20031
3.625E-07	1.2387
3.875E-07	1.16065
4.125E-07	1.17238
4.625E-07	1.14551
5.125E-07	1.18496
5.625E-07	1.19413
6.125E-07	1.16641
6.625E-07	1.18539
7.125E-07	1.14785
7.625E-07	1.19498
8.125E-07	1.18816
9.125E-07	1.1357
1.0125E-06	1.20149
1.1125E-06	1.19807
1.2125E-06	1.20277
1.3125E-06	1.18624
1.4125E-06	1.20703
1.5125E-06	1.19509
1.6125E-06	1.17744
1.8125E-06	1.15223
2.0125E-06	1.17435
2.2125E-06	1.19946
2.4125E-06	1.16006
2.6125E-06	1.17344
2.8125E-06	1.17424
3.0125E-06	1.16881
3.2125E-06	1.16513
3.6125E-06	1.17393
4.0125E-06	1.17182
4.4125E-06	1.18723
4.8125E-06	1.19773
5.2125E-06	1.17563
5.6125E-06	1.17467
6.0125E-06	1.18128
6.4125E-06	1.17265
7.2125E-06	1.17459
8.0125E-06	1.17705
8.8125E-06	1.17286
9.6125E-06	1.18667
1.04125E-05	1.17646
1.12125E-05	1.17407
1.20125E-05	1.1759
1.28125E-05	1.17867
1.44125E-05	1.17602
1.60125E-05	1.17229
1.76125E-05	1.17875
1.92125E-05	1.174
2.08125E-05	1.17066
2.24125E-05	1.17136
2.40125E-05	1.17317
2.56125E-05	1.17366
2.88125E-05	1.16824
3.20125E-05	1.1645
3.52125E-05	1.1715
3.84125E-05	1.16594
4.16125E-05	1.1626
4.48125E-05	1.15846
4.80125E-05	1.16524
5.12125E-05	1.16312
5.76125E-05	1.15916
6.40125E-05	1.15189
7.04125E-05	1.15076
7.68125E-05	1.14743
8.32125E-05	1.14543
8.96125E-05	1.14436
9.60125E-05	1.13929
0.000102413	1.13976
0.000115213	1.13548
0.000128013	1.12772
0.000140813	1.12422
0.000153613	1.12226
0.000166413	1.11504
0.000179213	1.10988
0.000192013	1.10801
0.000204813	1.10406
0.000230413	1.09514
0.000256013	1.08766
0.000281613	1.07998
0.000307213	1.07294
0.000332813	1.06613
0.000358413	1.0578
0.000384013	1.05157
0.000409613	1.04526
0.000460813	1.03309
0.000512013	1.02147
0.000563213	1.01064
0.000614413	1.00048
0.000665613	0.990532
0.000716813	0.981049
0.000768013	0.971401
0.000819213	0.963814
0.000921613	0.948326
0.00102401	0.932365
0.00112641	0.920107
0.00122881	0.907186
0.00133121	0.896311
0.00143361	0.884411
0.00153601	0.874248
0.00163841	0.865745
0.00184321	0.851464
0.00204801	0.838093
0.00225281	0.825551
0.00245761	0.813938
0.00266241	0.803069
0.00286721	0.79189
0.00307201	0.78109
0.00327681	0.771307
0.00368641	0.75366
0.00409601	0.738314
0.00450561	0.724722
0.00491521	0.711021
0.00532481	0.698418
0.00573441	0.68627
0.00614401	0.674092
0.00655361	0.661207
0.00737281	0.637319
0.00819201	0.616361
0.00901121	0.602401
0.00983041	0.588479
0.0106496	0.57068
0.0114688	0.554655
0.012288	0.546487
0.0131072	0.537426
0.0147456	0.526546
0.016384	0.512777
0.0180224	0.497103
0.0196608	0.4832
0.0212992	0.4648
0.0229376	0.444801
0.024576	0.428247
0.0262144	0.421596
0.0294912	0.41632
0.032768	0.411381
0.0360448	0.403134
0.0393216	0.399734
0.0425984	0.402419
0.0458752	0.408075
0.049152	0.40637
0.0524288	0.399398
0.0589824	0.383742
0.065536	0.395619
0.0720896	0.398082
0.0786432	0.383158
0.0851968	0.366162
0.0917504	0.361317
0.098304	0.352818
0.104858	0.378095
0.117965	0.416507
0.131072	0.434552
0.144179	0.406054
0.157286	0.369933
0.170394	0.323123
0.183501	0.313122
0.196608	0.333785
0.209715	0.319754
0.23593	0.308435
0.262144	0.341977
0.288358	0.368516
0.314573	0.30613
0.340787	0.296929
0.367002	0.304415
0.393216	0.308612
0.41943	0.315975
0.471859	0.288378
0.524288	0.273992
0.576717	0.256469
0.629146	0.198113
0.681574	0.203073
0.734003	0.167822
0.786432	0.14454
0.838861	0.143282
0.943718	0.104625
1.04858	0.0709733
1.15343	0.0688784
1.25829	0.0519751
1.36315	0.028457
1.46801	-0.0024742
1.57286	-0.0136681
1.67772	-0.0181412
1.88744	-0.0646972
2.09715	-0.0667104
2.30687	-0.115748
2.51658	-0.121485
2.7263	-0.162412
2.93601	-0.185289
3.14573	-0.206467
3.35544	-0.242694
3.77487	-0.301983
4.1943	-0.342104
4.61373	-0.329846
5.03316	-0.349415
5.4526	-0.359489
5.87203	-0.349489
6.29146	-0.350201
6.71089	-0.368551
7.54975	-0.412668
8.38861	-0.394878
9.22747	-0.364315
10.0663	-0.395233
10.9052	-0.347525
11.7441	-0.343627
12.5829	-0.356437

Count Rate History (KHz)  CR CHA / CR CHB
0.000000	321.922302	291.633606
0.052429	215.721130	195.388794
0.104858	353.450775	327.930450
0.157286	349.006653	319.271088
0.209715	206.527710	183.010101
0.262144	240.821838	221.881866
0.314573	112.590790	99.906921
0.367002	198.535919	181.732178
0.419430	331.611633	301.113129
0.471859	275.478363	250.377655
0.524288	267.028809	246.009827
0.576717	314.064026	294.532776
0.629146	264.682770	240.325928
0.681574	378.112793	345.268250
0.734003	156.230927	141.067505
0.786432	165.863037	152.416229
0.838861	215.663910	198.364258
0.891290	252.056122	231.800079
0.943718	193.042755	179.958344
0.996147	218.296051	200.576782
1.048576	98.094940	88.863373
1.101005	191.726685	178.661346
1.153434	196.342468	179.042816
1.205862	186.405182	176.048279
1.258291	181.922913	169.906616
1.310720	130.844116	118.980408
1.363149	146.541595	135.154724
1.415578	192.146301	177.516937
1.468006	128.669739	116.977692
1.520435	156.707764	144.309998
1.572864	148.696899	136.795044
1.625293	132.217407	118.999481
1.677722	127.029419	112.380981
1.730150	99.906921	91.514587
1.782579	213.317871	194.721222
1.835008	173.873901	162.639618
1.887437	130.977631	118.942261
1.939866	146.217346	135.650635
1.992294	130.767822	119.171143
2.044723	49.171448	45.814514
2.097152	152.454376	134.315491
2.149581	135.669708	126.037598
2.202010	142.688751	133.953094
2.254438	135.192871	124.588013
2.306867	86.879730	75.359344
2.359296	124.320984	115.413666
2.411725	118.865967	111.408234
2.464154	130.825043	116.176605
2.516582	156.345367	141.525269
2.569011	136.451721	124.053955
2.621440	127.983093	116.519928
2.673869	153.656006	138.378143
2.726298	116.958618	110.321045
2.778726	85.525513	78.067780
2.831155	175.991058	160.522461
2.883584	61.416626	57.563782
2.936013	105.419159	98.438263
2.988442	88.119507	81.806183
3.040870	65.536499	61.492920
3.093299	130.062103	116.443634
3.145728	186.119080	170.822144
3.198157	87.070465	83.293915
3.250586	76.332092	73.356628
3.303014	125.522614	112.209320
3.355443	174.560547	154.953003
3.407872	126.743317	118.503571
3.460301	104.751587	94.070435
3.512730	70.037842	63.610077
3.565158	69.561005	65.822601
3.617587	88.443756	81.062317
3.670016	80.795288	73.127747
3.722445	99.544525	88.500977
3.774874	115.013123	106.277466
3.827302	126.132965	116.119385
3.879731	99.334717	90.255737
3.932160	130.176544	122.661591
3.984589	88.119507	82.798004
4.037018	57.544708	51.727295
4.089446	50.888062	47.874451
4.141875	70.571899	65.479279
4.194304	34.008026	30.899048
4.246733	50.621033	47.206879
4.299162	56.591034	51.307678
4.351590	44.021606	40.855408
4.404019	42.667389	40.626526
4.456448	61.874390	57.640076
4.508877	35.514832	32.100677
4.561306	43.163300	40.531158
4.613734	48.255920	45.719147
4.666163	100.116730	94.394684
4.718592	51.765442	47.416687
4.771021	49.648285	47.111511
4.823450	51.536560	47.721863
4.875878	36.697388	33.779144
4.928307	114.727020	103.836060
4.980736	86.174011	76.484680
5.033165	65.231323	61.874390
5.085594	46.234131	41.675568
5.138022	125.274658	114.765167
5.190451	35.381317	31.147003
5.242880	42.610168	39.710999
5.295309	57.773590	54.378510
5.347738	40.721893	36.811829
5.400166	86.936951	81.062317
5.452595	75.187683	68.073273
5.505024	46.806335	42.324066
5.557453	46.863556	44.078827
5.609882	81.443787	73.814392
5.662310	45.108795	39.863586
5.714739	36.125183	32.119751
5.767168	41.084290	37.937164
5.819597	44.231415	42.839050
5.872026	38.509369	35.228729
5.924454	64.964294	61.511993
5.976883	98.876953	90.827942
6.029312	63.896179	58.174133
6.081741	49.667358	45.089722
6.134170	51.021576	48.007965
6.186598	71.849823	66.165924
6.239027	29.029846	27.332306
6.291456	55.484772	52.738190
6.343885	34.866333	32.196045
6.396314	32.711029	31.013489
6.448742	59.680939	54.683685
6.501171	66.947937	62.427521
6.553600	82.130432	74.748993
6.606029	76.580048	70.838928
6.658458	57.430267	52.967072
6.710886	78.086853	72.021484
6.763315	50.430298	47.569275
6.815744	73.432922	66.184998
6.868173	79.441071	75.397491
6.920602	51.765442	49.152374
6.973030	59.127808	52.814484
7.025459	100.479126	92.811584
7.077888	43.888092	41.809082
7.130317	39.997101	37.879944
7.182746	42.953491	39.787292
7.235174	45.413971	40.969849
7.287603	47.664642	44.231415
7.340032	124.378204	113.296509
7.392461	72.574615	65.402985
7.444890	47.435760	43.029785
7.497318	57.220459	51.116943
7.549747	51.403046	47.836304
7.602176	38.070679	35.305023
7.654605	34.790039	30.364990
7.707034	34.141541	30.307770
7.759462	39.710999	35.877228
7.811891	55.065155	52.032471
7.864320	45.032501	44.460297
7.916749	38.280487	36.659241
7.969178	65.917969	60.024261
8.021606	77.362061	69.255829
8.074035	48.885345	45.318604
8.126464	54.931641	51.155090
8.178893	40.836334	38.261414
8.231322	35.114288	35.381317
8.283750	43.392181	39.901733
8.336179	38.471222	37.212372
8.388608	40.531158	35.743713
8.441037	40.035248	36.010742
8.493466	62.637329	57.582855
8.545894	60.501099	55.294037
8.598323	40.168762	36.201477
8.650752	56.438446	53.100586
8.703181	38.566589	34.294128
8.755610	25.806427	23.555756
8.808038	60.863495	54.626465
8.860467	47.512054	45.452118
8.912896	42.076111	37.994385
8.965325	47.283173	46.405792
9.017754	52.890778	48.694611
9.070182	30.555725	28.266907
9.122611	58.879852	54.454803
9.175040	39.291382	37.403107
9.227469	51.918030	46.710968
9.279898	52.795410	47.168732
9.332326	41.770935	39.234161
9.384755	70.190430	65.097809
9.437184	37.117004	34.790039
9.489613	41.027069	41.751862
9.542042	59.928894	53.043365
9.594470	45.413971	42.247772
9.646899	65.517426	59.432983
9.699328	72.193146	65.879822
9.751757	26.435852	24.528503
9.804186	45.146942	41.961670
9.856614	98.609924	90.618134
9.909043	112.056732	96.988678
9.961472	64.010620	57.754517
10.013901	65.917969	61.111450
10.066330	36.888123	34.656525
10.118758	54.721832	50.430298
10.171187	49.457550	45.452118
10.223616	69.389343	63.991547
10.276045	47.130585	45.394897
10.328474	36.449432	34.809113
10.380902	39.215088	38.871765
10.433331	33.226013	30.746460
10.485760	34.694672	31.738281
10.538189	34.465790	33.035278
10.590618	46.844482	45.127869
10.643046	46.215057	42.953491
10.695475	33.283234	31.528473
10.747904	36.182404	32.749176
10.800333	68.683624	61.969757
10.852762	46.787262	45.146942
10.905190	46.310425	40.340424
10.957619	53.062439	47.931671
11.010048	87.451935	80.528259
11.062477	71.105957	63.858032
11.114906	33.302307	29.678345
11.167334	61.111450	56.381226
11.219763	38.566589	38.013458
11.272192	43.411255	39.176941
11.324621	94.699860	86.650848
11.377050	91.114044	86.574554
11.429478	29.544830	28.114319
11.481907	46.005249	43.334961
11.534336	48.618317	45.051575
11.586765	42.934418	39.424896
11.639194	63.362122	59.757233
11.691622	41.809082	37.345886
11.744051	61.340332	56.743622
11.796480	52.757263	48.980713
11.848909	39.215088	40.531158
11.901338	58.383942	54.912567
11.953766	54.454803	51.078796
12.006195	71.334839	64.296722
12.058624	39.024353	35.514832
12.111053	51.860809	49.037933
12.163482	67.138672	63.724518
12.215910	74.291229	67.367554
12.268339	66.986084	64.296722
12.320768	67.977905	60.672760
12.373197	44.116974	42.037964
12.425626	35.972595	33.702850
12.478054	51.898956	48.599243
12.530483	64.373016	61.244965
12.582912	75.416565	65.898895
12.635341	50.601959	48.217773
12.687770	39.310455	38.127899
12.740198	50.792694	46.253204
12.792627	64.163208	63.133240
12.845056	99.220276	94.108582
12.897485	42.495728	37.555695
12.949914	35.839081	34.313202
13.002342	43.563843	39.672852
13.054771	64.849854	58.555603
13.107200	38.642883	34.732819
13.159629	34.961700	33.836365
13.212058	45.661926	42.915344
13.264486	40.626526	37.021637
13.316915	70.209503	64.105988
13.369344	80.718994	77.228546
13.421773	109.844208	99.678040
13.474202	45.661926	42.819977
13.526630	72.002411	65.441132
13.579059	87.833405	80.757141
13.631488	63.571930	59.165955
13.683917	46.825409	43.792725
13.736346	45.623779	43.411255
13.788774	56.495667	51.803589
13.841203	56.018829	52.490234
13.893632	93.345642	87.776184
13.946061	46.215057	42.324066
13.998490	52.299500	49.190521
14.050918	35.514832	33.931732
14.103347	54.721832	52.146912
