3/3/2026	12:2 PM
Pseudo Cross Correlation
Scattering angle:	48.01
Duration (s):	15
Wavelength (nm):	660.0
Refractive index:	1.330
Viscosity (mPas):	0.999
Temperature (K):	293.2
Laser intensity (mW):	84.000000
Average Count rate  A (kHz):	380.5
Average Count rate  B (kHz):	348.1
Intercept:	0.9895
Cumulant 1st	30781.5536
Cumulant 2nd	18917.4776	19167.8865
Cumulant 3rd	12320.4372	17097.9638

Lag time (s)         g2-1
1.25E-08	1.02687
2.5E-08	1.03519
3.75E-08	1.03826
5E-08	1.02218
6.25E-08	1.02252
7.5E-08	1.0052
8.75E-08	1.01424
1E-07	1.03353
1.125E-07	1.02141
1.25E-07	1.02824
1.375E-07	1.01339
1.5E-07	1.03067
1.625E-07	1.01766
1.75E-07	1.01638
1.875E-07	1.01766
2E-07	1.04872
2.125E-07	1.03118
2.375E-07	1.03144
2.625E-07	1.01552
2.875E-07	1.01855
3.125E-07	1.03161
3.375E-07	1.03227
3.625E-07	1.0254
3.875E-07	1.03165
4.125E-07	1.03019
4.625E-07	1.02406
5.125E-07	1.02051
5.625E-07	1.02845
6.125E-07	1.02525
6.625E-07	1.02415
7.125E-07	1.02076
7.625E-07	1.01932
8.125E-07	1.02097
9.125E-07	1.02088
1.0125E-06	1.02139
1.1125E-06	1.02609
1.2125E-06	1.01871
1.3125E-06	1.0186
1.4125E-06	1.02534
1.5125E-06	1.02121
1.6125E-06	1.02104
1.8125E-06	1.01474
2.0125E-06	1.01726
2.2125E-06	1.02318
2.4125E-06	1.02154
2.6125E-06	1.0212
2.8125E-06	1.02322
3.0125E-06	1.02463
3.2125E-06	1.02324
3.6125E-06	1.02082
4.0125E-06	1.0188
4.4125E-06	1.02163
4.8125E-06	1.01922
5.2125E-06	1.02113
5.6125E-06	1.02272
6.0125E-06	1.02032
6.4125E-06	1.02198
7.2125E-06	1.01947
8.0125E-06	1.02109
8.8125E-06	1.02148
9.6125E-06	1.02035
1.04125E-05	1.02313
1.12125E-05	1.01961
1.20125E-05	1.01781
1.28125E-05	1.02014
1.44125E-05	1.01982
1.60125E-05	1.02032
1.76125E-05	1.01704
1.92125E-05	1.01819
2.08125E-05	1.01855
2.24125E-05	1.01912
2.40125E-05	1.01979
2.56125E-05	1.01811
2.88125E-05	1.01755
3.20125E-05	1.01695
3.52125E-05	1.01534
3.84125E-05	1.01594
4.16125E-05	1.0149
4.48125E-05	1.01424
4.80125E-05	1.01355
5.12125E-05	1.01371
5.76125E-05	1.01268
6.40125E-05	1.01219
7.04125E-05	1.01026
7.68125E-05	1.00998
8.32125E-05	1.00939
8.96125E-05	1.00841
9.60125E-05	1.00744
0.000102413	1.00608
0.000115213	1.0051
0.000128013	1.00332
0.000140813	1.00175
0.000153613	0.999856
0.000166413	0.99883
0.000179213	0.997427
0.000192013	0.996458
0.000204813	0.995296
0.000230413	0.993229
0.000256013	0.991035
0.000281613	0.988956
0.000307213	0.987299
0.000332813	0.98624
0.000358413	0.984643
0.000384013	0.983281
0.000409613	0.981925
0.000460813	0.979787
0.000512013	0.977689
0.000563213	0.975543
0.000614413	0.973973
0.000665613	0.972186
0.000716813	0.970733
0.000768013	0.969226
0.000819213	0.967934
0.000921613	0.965422
0.00102401	0.963372
0.00112641	0.96092
0.00122881	0.958902
0.00133121	0.957045
0.00143361	0.955167
0.00153601	0.953423
0.00163841	0.951803
0.00184321	0.947961
0.00204801	0.944362
0.00225281	0.940879
0.00245761	0.93736
0.00266241	0.934423
0.00286721	0.931476
0.00307201	0.928584
0.00327681	0.925824
0.00368641	0.920834
0.00409601	0.916267
0.00450561	0.911551
0.00491521	0.906935
0.00532481	0.902584
0.00573441	0.898766
0.00614401	0.895081
0.00655361	0.891705
0.00737281	0.885544
0.00819201	0.879621
0.00901121	0.874771
0.00983041	0.870693
0.0106496	0.866898
0.0114688	0.862649
0.012288	0.859316
0.0131072	0.855776
0.0147456	0.848932
0.016384	0.843162
0.0180224	0.838414
0.0196608	0.83286
0.0212992	0.828354
0.0229376	0.824085
0.024576	0.821458
0.0262144	0.818918
0.0294912	0.811461
0.032768	0.804851
0.0360448	0.799918
0.0393216	0.793716
0.0425984	0.788606
0.0458752	0.781206
0.049152	0.775621
0.0524288	0.772258
0.0589824	0.765173
0.065536	0.753306
0.0720896	0.744268
0.0786432	0.738043
0.0851968	0.728572
0.0917504	0.71657
0.098304	0.706589
0.104858	0.70035
0.117965	0.67788
0.131072	0.663661
0.144179	0.656534
0.157286	0.651884
0.170394	0.646636
0.183501	0.643598
0.196608	0.637748
0.209715	0.626458
0.23593	0.626069
0.262144	0.620458
0.288358	0.616283
0.314573	0.625578
0.340787	0.619059
0.367002	0.606008
0.393216	0.594376
0.41943	0.57115
0.471859	0.524441
0.524288	0.471891
0.576717	0.453963
0.629146	0.462715
0.681574	0.454258
0.734003	0.420779
0.786432	0.396569
0.838861	0.385647
0.943718	0.358704
1.04858	0.347038
1.15343	0.336714
1.25829	0.292326
1.36315	0.26486
1.46801	0.263062
1.57286	0.253249
1.67772	0.23126
1.88744	0.210678
2.09715	0.205104
2.30687	0.229657
2.51658	0.191337
2.7263	0.149523
2.93601	0.11921
3.14573	0.101098
3.35544	0.108647
3.77487	0.183078
4.1943	0.221793
4.61373	0.204536
5.03316	0.0541862
5.4526	-0.0884363
5.87203	-0.167594
6.29146	-0.131161
6.71089	-0.0856351
7.54975	-0.0639858
8.38861	0.139129
9.22747	0.0923786
10.0663	-0.324324
10.9052	-0.463351
11.7441	-0.465449
12.5829	-0.457817

Count Rate History (KHz)  CR CHA / CR CHB
0.000000	106.830597	98.552704
0.052429	76.198578	71.411133
0.104858	99.430084	89.874268
0.157286	101.470947	95.920563
0.209715	95.825195	88.577271
0.262144	53.615570	46.882629
0.314573	76.255798	70.476532
0.367002	112.457275	101.184845
0.419430	79.059601	72.250366
0.471859	96.969604	86.154938
0.524288	146.465302	135.421753
0.576717	87.985992	82.321167
0.629146	70.095062	65.059662
0.681574	58.841705	53.691864
0.734003	124.263763	114.498138
0.786432	73.127747	65.250397
0.838861	132.884979	122.604370
0.891290	42.457581	36.983490
0.943718	105.419159	96.969604
0.996147	185.356140	170.497894
1.048576	235.309601	211.486816
1.101005	175.514221	157.051086
1.153434	110.549927	100.917816
1.205862	131.931305	123.558044
1.258291	113.658905	102.500916
1.310720	117.378235	109.481812
1.363149	87.013245	79.574585
1.415578	121.955872	114.517212
1.468006	80.013275	74.710846
1.520435	121.898651	112.094879
1.572864	105.381012	95.920563
1.625293	238.513947	216.979980
1.677722	137.557983	130.424500
1.730150	152.320862	141.887665
1.782579	138.530731	128.135681
1.835008	186.252594	168.590546
1.887437	131.912231	119.075775
1.939866	195.178986	177.612305
1.992294	97.503662	87.757111
2.044723	82.607269	75.912476
2.097152	73.013306	65.479279
2.149581	119.094849	110.893250
2.202010	110.225677	102.748871
2.254438	104.541779	97.904205
2.306867	79.689026	69.942474
2.359296	87.738037	83.103180
2.411725	154.304504	137.653351
2.464154	130.252838	119.152069
2.516582	245.094299	221.157074
2.569011	161.952972	149.726868
2.621440	121.536255	115.432739
2.673869	87.203979	83.522797
2.726298	189.514160	175.647736
2.778726	150.909424	138.130188
2.831155	126.209259	117.530823
2.883584	131.969452	118.293762
2.936013	214.500427	194.511414
2.988442	238.399506	214.843750
3.040870	128.498077	120.773315
3.093299	68.550110	60.558319
3.145728	122.661591	113.601685
3.198157	193.729401	176.906586
3.250586	137.119293	123.844147
3.303014	111.045837	100.269318
3.355443	95.825195	89.721680
3.407872	183.715820	171.375275
3.460301	92.391968	85.639954
3.512730	64.411163	57.754517
3.565158	84.915161	78.544617
3.617587	45.719147	42.476654
3.670016	92.353821	82.874298
3.722445	87.394714	79.555511
3.774874	162.200928	145.111084
3.827302	80.394745	75.759888
3.879731	70.991516	65.383911
3.932160	75.359344	72.765350
3.984589	79.078674	72.765350
4.037018	104.064941	94.013214
4.089446	66.928864	62.580109
4.141875	52.318573	47.454834
4.194304	96.549988	89.511871
4.246733	40.149689	34.637451
4.299162	165.672302	150.985718
4.351590	147.075653	135.536194
4.404019	76.141357	69.141388
4.456448	164.318085	152.416229
4.508877	497.436523	455.150604
4.561306	184.993744	168.838501
4.613734	219.020844	202.922821
4.666163	330.448151	303.516388
4.718592	503.082275	460.338593
4.771021	419.635773	376.586914
4.823450	641.918182	580.520630
4.875878	464.344025	425.109863
4.928307	478.267670	445.766449
4.980736	570.144653	521.965027
5.033165	388.050079	360.507965
5.085594	691.356659	635.528564
5.138022	839.576721	775.222778
5.190451	855.216980	782.833099
5.242880	871.276855	802.421570
5.295309	896.320343	811.862946
5.347738	1067.276001	972.537994
5.400166	1074.733734	979.404449
5.452595	858.497620	779.914856
5.505024	806.388855	743.465424
5.557453	944.366455	853.595734
5.609882	1302.452087	1193.580627
5.662310	982.761383	899.639130
5.714739	702.381134	653.190613
5.767168	602.016449	546.245575
5.819597	309.314728	285.568237
5.872026	288.906097	270.881653
5.924454	397.644043	367.279053
5.976883	587.902069	538.730621
6.029312	390.586853	359.230042
6.081741	489.902496	449.752808
6.134170	265.140533	240.631104
6.186598	286.045074	264.186859
6.239027	322.360992	295.085907
6.291456	643.749237	587.959290
6.343885	497.856140	460.186005
6.396314	263.233185	247.287750
6.448742	467.338562	424.652100
6.501171	300.712585	271.739960
6.553600	245.857239	228.939056
6.606029	433.921814	400.161743
6.658458	601.902008	554.828644
6.710886	539.474487	494.098663
6.763315	501.613617	456.333160
6.815744	414.543152	377.407074
6.868173	258.655548	238.914490
6.920602	514.888763	470.123291
6.973030	438.404083	397.605896
7.025459	385.456085	355.548859
7.077888	337.486267	305.671692
7.130317	655.612946	593.204498
7.182746	953.750610	872.268677
7.235174	924.987793	849.571228
7.287603	770.568848	697.650909
7.340032	294.494629	264.053345
7.392461	177.936554	162.868500
7.444890	425.720215	395.488739
7.497318	512.733459	469.570160
7.549747	498.065948	461.044312
7.602176	1025.180817	925.083160
7.654605	318.050385	296.821594
7.707034	174.770355	158.081055
7.759462	396.709442	362.777710
7.811891	497.169495	452.060699
7.864320	712.184906	652.236938
7.916749	1176.490784	1081.733704
7.969178	954.227448	863.571167
8.021606	643.882751	588.359833
8.074035	548.381805	501.346588
8.126464	498.352051	457.324982
8.178893	450.382233	406.074524
8.231322	448.474884	418.548584
8.283750	644.779205	590.267181
8.336179	888.423920	813.388824
8.388608	969.047546	880.794525
8.441037	590.496063	538.921356
8.493466	528.144836	475.940704
8.545894	824.794769	748.844147
8.598323	885.715485	809.116364
8.650752	526.428223	482.025146
8.703181	439.815521	399.951935
8.755610	585.479736	537.643433
8.808038	556.831360	497.779846
8.860467	379.905701	351.409912
8.912896	395.851135	359.973907
8.965325	1046.981812	959.587097
9.017754	1143.054962	1042.270660
9.070182	995.674133	911.178589
9.122611	876.102448	803.108215
9.175040	892.791748	822.105408
9.227469	1082.134247	991.878510
9.279898	1316.871643	1194.782257
9.332326	1434.707642	1314.048767
9.384755	1597.862244	1466.217041
9.437184	1661.262512	1521.148682
9.489613	1638.488770	1486.663818
9.542042	1424.961090	1302.089691
9.594470	1694.393158	1553.344727
9.646899	1509.208679	1386.260986
9.699328	1325.626373	1208.534241
9.751757	956.230164	873.069763
9.804186	692.348480	625.801086
9.856614	484.828949	438.251495
9.909043	661.258698	606.651306
9.961472	601.234436	555.305481
10.013901	1184.196472	1075.763702
10.066330	780.315399	720.710754
10.118758	565.128326	518.283844
10.171187	606.040955	553.321838
10.223616	643.863678	585.231781
10.276045	584.106445	523.757935
10.328474	524.463654	481.109619
10.380902	571.327209	523.719788
10.433331	608.444214	566.329956
10.485760	655.021667	598.793030
10.538189	492.649078	450.210571
10.590618	309.295654	279.903412
10.643046	354.099274	325.450897
10.695475	433.349609	393.409729
10.747904	298.767090	272.388458
10.800333	327.167511	301.342010
10.852762	405.826569	372.486115
10.905190	307.121277	277.881622
10.957619	183.105469	168.037415
11.010048	156.326294	141.048431
11.062477	33.016205	31.108856
11.114906	158.443451	145.301819
11.167334	164.279938	153.980255
11.219763	292.129517	269.966125
11.272192	199.565887	184.116364
11.324621	152.721405	137.062073
11.377050	283.603668	254.192352
11.429478	369.358063	343.856812
11.481907	266.628265	240.421295
11.534336	266.475677	244.636536
11.586765	228.176117	210.018158
11.639194	237.159729	214.347839
11.691622	171.966553	159.473419
11.744051	276.069641	248.641968
11.796480	302.467346	277.729034
11.848909	426.940918	388.755798
11.901338	446.262360	408.954620
11.953766	254.325867	231.056213
12.006195	171.508789	160.617828
12.058624	197.010040	184.574127
12.111053	232.658386	214.977264
12.163482	126.781464	116.920471
12.215910	119.533539	111.141205
12.268339	128.593445	117.321014
12.320768	188.484192	169.391632
12.373197	96.988678	88.768005
12.425626	155.696869	141.963959
12.478054	89.282990	82.435608
12.530483	98.094940	90.141296
12.582912	200.538635	184.516907
12.635341	181.217194	165.729523
12.687770	248.680115	226.707458
12.740198	327.224731	294.513702
12.792627	306.549072	281.047821
12.845056	250.530243	229.053497
12.897485	194.129944	178.737640
12.949914	107.994080	99.964142
13.002342	236.377716	222.740173
13.054771	330.524445	301.570892
13.107200	310.363770	283.737183
13.159629	272.006989	254.325867
13.212058	253.219604	230.216980
13.264486	89.397430	79.631805
13.316915	41.732788	37.460327
13.369344	73.909760	71.468353
13.421773	78.010559	69.370270
13.474202	144.157410	131.969452
13.526630	143.566132	135.002136
13.579059	41.923523	38.909912
13.631488	44.631958	41.446686
13.683917	133.628845	123.672485
13.736346	183.982849	164.699554
13.788774	186.481476	167.808533
13.841203	92.163086	85.277557
13.893632	96.035004	87.814331
13.946061	38.700104	36.029816
13.998490	78.315735	73.089600
14.050918	84.400177	77.743530
14.103347	54.168701	51.288605
