3/3/2026	12:8 PM
Pseudo Cross Correlation
Scattering angle:	59.99
Duration (s):	15
Wavelength (nm):	660.0
Refractive index:	1.330
Viscosity (mPas):	1.002
Temperature (K):	293.2
Laser intensity (mW):	84.000000
Average Count rate  A (kHz):	22.2
Average Count rate  B (kHz):	20.7
Intercept:	0.7249
Cumulant 1st	21.2476
Cumulant 2nd	16.0934	16.1588
Cumulant 3rd	16.5563	14.4078

Lag time (s)         g2-1
1.25E-08	0.891892
2.5E-08	0.572482
3.75E-08	0.670762
5E-08	0.793612
6.25E-08	0.695332
7.5E-08	0.707617
8.75E-08	0.646192
1E-07	0.621622
1.125E-07	0.597052
1.25E-07	0.719902
1.375E-07	0.658477
1.5E-07	0.830467
1.625E-07	0.719902
1.75E-07	0.560197
1.875E-07	0.904177
2E-07	0.511057
2.125E-07	0.713759
2.375E-07	0.676904
2.625E-07	0.898034
2.875E-07	0.732187
3.125E-07	0.836609
3.375E-07	0.695332
3.625E-07	0.572482
3.875E-07	0.615479
4.125E-07	0.609337
4.625E-07	0.713759
5.125E-07	0.867322
5.625E-07	0.679975
6.125E-07	0.741401
6.625E-07	0.821253
7.125E-07	0.790541
7.625E-07	0.769042
8.125E-07	0.772113
9.125E-07	0.735258
1.0125E-06	0.744472
1.1125E-06	0.733722
1.2125E-06	0.669226
1.3125E-06	0.744472
1.4125E-06	0.698403
1.5125E-06	0.793612
1.6125E-06	0.674601
1.8125E-06	0.775184
2.0125E-06	0.635442
2.2125E-06	0.722973
2.4125E-06	0.785934
2.6125E-06	0.722205
2.8125E-06	0.768274
3.0125E-06	0.785934
3.2125E-06	0.741017
3.6125E-06	0.731419
4.0125E-06	0.675369
4.4125E-06	0.645808
4.8125E-06	0.724125
5.2125E-06	0.708768
5.6125E-06	0.692644
6.0125E-06	0.731419
6.4125E-06	0.788429
7.2125E-06	0.719134
8.0125E-06	0.734112
8.8125E-06	0.685931
9.6125E-06	0.693034
1.04125E-05	0.700328
1.12125E-05	0.683244
1.20125E-05	0.671151
1.28125E-05	0.687088
1.44125E-05	0.672692
1.60125E-05	0.677203
1.76125E-05	0.684209
1.92125E-05	0.684689
2.08125E-05	0.667893
2.24125E-05	0.6725
2.40125E-05	0.669428
2.56125E-05	0.672835
2.88125E-05	0.645914
3.20125E-05	0.633533
3.52125E-05	0.62192
3.84125E-05	0.63003
4.16125E-05	0.600757
4.48125E-05	0.594566
4.80125E-05	0.609538
5.12125E-05	0.5836
5.76125E-05	0.577194
6.40125E-05	0.563157
7.04125E-05	0.545929
7.68125E-05	0.533524
8.32125E-05	0.518581
8.96125E-05	0.51417
9.60125E-05	0.491616
0.000102413	0.482245
0.000115213	0.468232
0.000128013	0.448257
0.000140813	0.42605
0.000153613	0.415385
0.000166413	0.39253
0.000179213	0.395433
0.000192013	0.38262
0.000204813	0.370824
0.000230413	0.346727
0.000256013	0.328612
0.000281613	0.321809
0.000307213	0.303477
0.000332813	0.295085
0.000358413	0.279333
0.000384013	0.275902
0.000409613	0.267213
0.000460813	0.251029
0.000512013	0.230296
0.000563213	0.225264
0.000614413	0.212259
0.000665613	0.20303
0.000716813	0.194118
0.000768013	0.187004
0.000819213	0.181659
0.000921613	0.169163
0.00102401	0.158725
0.00112641	0.145231
0.00122881	0.134357
0.00133121	0.123662
0.00143361	0.115764
0.00153601	0.105299
0.00163841	0.0991047
0.00184321	0.0877549
0.00204801	0.0820206
0.00225281	0.070154
0.00245761	0.0674494
0.00266241	0.0596262
0.00286721	0.0517291
0.00307201	0.0527463
0.00327681	0.0507996
0.00368641	0.043884
0.00409601	0.036814
0.00450561	0.0319521
0.00491521	0.029462
0.00532481	0.0279968
0.00573441	0.0240605
0.00614401	0.0230743
0.00655361	0.0214502
0.00737281	0.0217835
0.00819201	0.0162268
0.00901121	0.0176915
0.00983041	0.0167442
0.0106496	0.0109347
0.0114688	0.0137095
0.012288	0.0113643
0.0131072	0.0127599
0.0147456	0.0124706
0.016384	0.0157268
0.0180224	0.0182958
0.0196608	0.0193509
0.0212992	0.0163712
0.0229376	0.0180857
0.024576	0.0168585
0.0262144	0.0156816
0.0294912	0.0224821
0.032768	0.0170956
0.0360448	0.0179874
0.0393216	0.0140499
0.0425984	0.0172011
0.0458752	0.0184399
0.049152	0.0219492
0.0524288	0.017878
0.0589824	0.0189457
0.065536	0.0130965
0.0720896	0.0141343
0.0786432	0.0138246
0.0851968	0.015822
0.0917504	0.0141937
0.098304	0.0159159
0.104858	0.01784
0.117965	0.0226553
0.131072	0.0195326
0.144179	0.0140765
0.157286	0.0131784
0.170394	0.0122739
0.183501	0.0147256
0.196608	0.0145456
0.209715	0.0154351
0.23593	0.0116626
0.262144	0.00867074
0.288358	0.00663601
0.314573	0.00937121
0.340787	0.0101926
0.367002	0.00752988
0.393216	0.00760959
0.41943	0.00570401
0.471859	0.00403426
0.524288	0.00196961
0.576717	0.00118815
0.629146	0.000164783
0.681574	-0.00255377
0.734003	-0.00585607
0.786432	-0.00576916
0.838861	-0.00885312
0.943718	-0.0104033
1.04858	-0.0137796
1.15343	-0.0156875
1.25829	-0.0189224
1.36315	-0.0213889
1.46801	-0.0230724
1.57286	-0.0260753
1.67772	-0.0286562
1.88744	-0.0340363
2.09715	-0.0382562
2.30687	-0.0386932
2.51658	-0.044323
2.7263	-0.0505552
2.93601	-0.0547341
3.14573	-0.0587257
3.35544	-0.0610649
3.77487	-0.0651714
4.1943	-0.0728307
4.61373	-0.077445
5.03316	-0.0776915
5.4526	-0.0794592
5.87203	-0.0757944
6.29146	-0.077172
6.71089	-0.0760513
7.54975	-0.0637241
8.38861	-0.0464171
9.22747	-0.0350451
10.0663	-0.0210964
10.9052	-0.00707251
11.7441	0.0117446
12.5829	0.0271031

Count Rate History (KHz)  CR CHA / CR CHB
0.000000	21.934509	20.141602
0.052429	24.013519	21.934509
0.104858	28.800964	26.092529
0.157286	34.141541	31.738281
0.209715	33.721924	30.498505
0.262144	25.787354	25.119781
0.314573	27.980804	26.454926
0.367002	27.980804	26.340485
0.419430	42.915344	40.149689
0.471859	24.013519	23.059845
0.524288	28.190613	24.623871
0.576717	29.964447	29.506683
0.629146	32.138824	30.403137
0.681574	32.558441	28.991699
0.734003	25.920868	24.223328
0.786432	32.386780	30.689240
0.838861	27.618408	24.909973
0.891290	30.364990	29.506683
0.943718	24.795532	21.362305
0.996147	29.411316	29.067993
1.048576	27.751923	26.721954
1.101005	25.177002	23.651123
1.153434	26.264191	23.822784
1.205862	30.956268	29.087067
1.258291	27.332306	24.719238
1.310720	26.855469	23.880005
1.363149	27.694702	25.863647
1.415578	24.814606	21.686554
1.468006	27.103424	25.520325
1.520435	26.988983	25.119781
1.572864	34.275055	29.659271
1.625293	22.659302	20.713806
1.677722	29.335022	26.397705
1.730150	23.841858	21.781921
1.782579	29.869080	27.503967
1.835008	25.787354	24.127960
1.887437	28.572083	26.855469
1.939866	25.157928	22.678375
1.992294	22.583008	21.343231
2.044723	21.514893	19.531250
2.097152	25.196075	22.296906
2.149581	20.542145	18.005371
2.202010	23.975372	22.373199
2.254438	23.822784	22.563934
2.306867	25.043488	24.108887
2.359296	27.084351	25.463104
2.411725	25.138855	23.899078
2.464154	26.245117	23.460388
2.516582	25.310516	23.899078
2.569011	28.629303	26.092529
2.621440	22.048950	21.038055
2.673869	23.784637	23.384094
2.726298	23.918152	22.354126
2.778726	26.340485	23.651123
2.831155	21.858215	20.885468
2.883584	32.196045	28.209686
2.936013	22.277832	22.449493
2.988442	22.315979	20.866394
3.040870	26.378632	23.555756
3.093299	26.397705	24.738312
3.145728	19.779205	18.787384
3.198157	24.623871	22.678375
3.250586	23.002625	20.427704
3.303014	18.749237	18.444061
3.355443	25.558472	21.915436
3.407872	22.068024	20.313263
3.460301	24.719238	22.926331
3.512730	21.533966	19.474030
3.565158	26.702881	23.498535
3.617587	17.318726	15.583038
3.670016	17.700195	16.155243
3.722445	24.662018	22.125244
3.774874	25.081635	24.166107
3.827302	22.659302	21.438599
3.879731	23.441315	22.830963
3.932160	20.275116	18.291473
3.984589	29.907227	27.599335
4.037018	19.836426	18.329620
4.089446	22.735596	23.021698
4.141875	20.446777	18.787384
4.194304	20.103455	17.433167
4.246733	19.168854	19.130707
4.299162	22.163391	21.038055
4.351590	25.119781	22.640228
4.404019	19.226074	17.776489
4.456448	22.754669	23.231506
4.508877	27.465820	25.329590
4.561306	18.653870	17.566681
4.613734	22.392273	20.236969
4.666163	21.171570	19.474030
4.718592	21.781921	19.493103
4.771021	19.454956	17.795563
4.823450	20.904541	18.825531
4.875878	17.910004	16.117096
4.928307	16.059875	16.078949
4.980736	23.269653	22.087097
5.033165	17.318726	15.296936
5.085594	25.539398	22.563934
5.138022	21.343231	20.122528
5.190451	21.114349	20.675659
5.242880	20.446777	19.569397
5.295309	21.381378	19.550323
5.347738	22.201538	19.474030
5.400166	20.637512	18.520355
5.452595	16.765594	15.106201
5.505024	18.596649	17.356873
5.557453	18.920898	16.098022
5.609882	23.422241	21.324158
5.662310	23.765564	21.629333
5.714739	17.585754	17.700195
5.767168	17.051697	15.411377
5.819597	19.321442	17.910004
5.872026	18.672943	16.899109
5.924454	15.544891	14.400482
5.976883	20.675659	19.855499
6.029312	27.618408	25.596619
6.081741	21.762848	19.531250
6.134170	18.806458	18.901825
6.186598	21.038055	19.435883
6.239027	21.610260	19.302368
6.291456	17.356873	16.593933
6.343885	22.182465	20.599365
6.396314	19.378662	18.577576
6.448742	19.435883	17.337799
6.501171	16.632080	15.335083
6.553600	22.964478	22.754669
6.606029	15.354156	14.343262
6.658458	17.375946	16.803741
6.710886	21.495819	20.904541
6.763315	19.226074	18.062592
6.815744	18.081665	17.986298
6.868173	18.024445	17.890930
6.920602	18.272400	17.604828
6.973030	18.863678	16.956329
7.025459	19.187927	18.577576
7.077888	16.288757	15.163422
7.130317	18.768311	17.261505
7.182746	19.245148	17.528534
7.235174	18.386841	15.888214
7.287603	19.721985	17.967224
7.340032	17.642975	16.422272
7.392461	18.730164	16.784668
7.444890	20.885468	20.275116
7.497318	17.929077	16.613007
7.549747	17.967224	16.498566
7.602176	19.607544	18.501282
7.654605	19.969940	18.367767
7.707034	19.130707	17.147064
7.759462	23.155212	21.038055
7.811891	17.223358	15.907288
7.864320	25.463104	22.392273
7.916749	14.572144	14.629364
7.969178	17.566681	16.479492
8.021606	14.858246	14.591217
8.074035	17.223358	17.433167
8.126464	17.967224	17.013550
8.178893	19.111633	17.623901
8.231322	18.997192	18.482208
8.283750	19.683838	18.539429
8.336179	16.918182	16.860962
8.388608	18.234253	16.937256
8.441037	21.915436	21.343231
8.493466	22.373199	21.648407
8.545894	20.008087	17.242432
8.598323	17.929077	18.043518
8.650752	22.792816	20.484924
8.703181	19.474030	17.986298
8.755610	20.027161	18.405914
8.808038	17.204285	17.814636
8.860467	18.024445	17.585754
8.912896	16.593933	17.280579
8.965325	17.681122	16.727448
9.017754	18.920898	18.215179
9.070182	19.855499	19.817352
9.122611	20.618439	19.111633
9.175040	22.201538	21.076202
9.227469	18.901825	19.016266
9.279898	20.771027	19.626617
9.332326	22.602081	21.266937
9.384755	19.245148	17.204285
9.437184	19.283295	17.204285
9.489613	21.781921	21.610260
9.542042	19.035339	17.604828
9.594470	23.746490	22.087097
9.646899	27.732849	24.986267
9.699328	19.874573	18.653870
9.751757	17.452240	16.880035
9.804186	16.784668	15.888214
9.856614	18.634796	18.253326
9.909043	19.168854	18.768311
9.961472	19.130707	16.155243
10.013901	20.980835	17.776489
10.066330	21.743774	21.305084
10.118758	20.523071	18.863678
10.171187	21.514893	20.713806
10.223616	20.656586	19.149780
10.276045	23.479462	20.771027
10.328474	23.975372	20.732880
10.380902	25.882721	23.937225
10.433331	21.610260	20.923615
10.485760	15.621185	15.335083
10.538189	18.806458	18.444061
10.590618	21.553040	20.389557
10.643046	20.275116	19.073486
10.695475	17.166138	15.792847
10.747904	21.343231	19.989014
10.800333	20.236969	18.310547
10.852762	19.550323	17.452240
10.905190	20.694733	20.694733
10.957619	22.926331	20.427704
11.010048	27.217865	25.615692
11.062477	21.343231	20.065308
11.114906	23.555756	20.542145
11.167334	17.871857	16.250610
11.219763	19.187927	19.264221
11.272192	18.081665	16.918182
11.324621	16.841888	16.040802
11.377050	22.716522	21.076202
11.429478	18.882751	18.653870
11.481907	21.915436	20.046234
11.534336	19.359589	19.550323
11.586765	25.939941	23.994446
11.639194	19.283295	17.852783
11.691622	21.038055	20.122528
11.744051	20.847321	20.828247
11.796480	18.424988	17.604828
11.848909	22.430420	20.961761
11.901338	27.961731	26.283264
11.953766	23.384094	21.171570
12.006195	22.678375	22.392273
12.058624	20.389557	19.683838
12.111053	20.999908	20.637512
12.163482	21.476746	19.989014
12.215910	22.792816	20.904541
12.268339	23.422241	23.632050
12.320768	22.029877	19.512177
12.373197	21.495819	19.512177
12.425626	17.719269	16.727448
12.478054	20.294189	19.245148
12.530483	21.343231	20.561218
12.582912	16.193390	15.373230
12.635341	21.934509	18.978119
12.687770	18.501282	17.547607
12.740198	23.498535	23.174286
12.792627	22.487640	20.961761
12.845056	17.585754	16.288757
12.897485	23.059845	19.779205
12.949914	28.114319	26.874542
13.002342	18.730164	17.757416
13.054771	16.765594	15.239716
13.107200	25.100708	24.204254
13.159629	22.792816	20.217896
13.212058	23.822784	22.945404
13.264486	23.288727	24.204254
13.316915	29.373169	26.473999
13.369344	31.471252	29.430389
13.421773	28.400421	27.084351
13.474202	22.544861	20.961761
13.526630	19.626617	17.375946
13.579059	22.583008	20.713806
13.631488	19.321442	18.367767
13.683917	18.882751	16.460419
13.736346	24.242401	22.430420
13.788774	20.084381	18.272400
13.841203	26.283264	22.468567
13.893632	21.629333	19.397736
13.946061	28.057098	27.141571
13.998490	20.503998	18.959045
14.050918	23.670197	22.430420
14.103347	32.882690	32.157898
