3/3/2026	12:3 PM
Pseudo Cross Correlation
Scattering angle:	52.00
Duration (s):	15
Wavelength (nm):	660.0
Refractive index:	1.330
Viscosity (mPas):	0.999
Temperature (K):	293.2
Laser intensity (mW):	84.000000
Average Count rate  A (kHz):	26.8
Average Count rate  B (kHz):	24.9
Intercept:	0.7651
Cumulant 1st	28.4419
Cumulant 2nd	19.3183	17.4132
Cumulant 3rd	15.6996	18.4649

Lag time (s)         g2-1
1.25E-08	0.685975
2.5E-08	0.893607
3.75E-08	0.55309
5E-08	0.719196
6.25E-08	0.636143
7.5E-08	0.926829
8.75E-08	0.852081
1E-07	0.569701
1.125E-07	0.876997
1.25E-07	0.561396
1.375E-07	0.868691
1.5E-07	0.769028
1.625E-07	0.727501
1.75E-07	0.96005
1.875E-07	0.777333
2E-07	0.852081
2.125E-07	0.852081
2.375E-07	0.636143
2.625E-07	0.785639
2.875E-07	0.727501
3.125E-07	0.893607
3.375E-07	0.868691
3.625E-07	0.889455
3.875E-07	0.685975
4.125E-07	0.690128
4.625E-07	0.65483
5.125E-07	0.806402
5.625E-07	0.764875
6.125E-07	0.744112
6.625E-07	0.737883
7.125E-07	0.785639
7.625E-07	0.769028
8.125E-07	0.761761
9.125E-07	0.810554
1.0125E-06	0.72854
1.1125E-06	0.766952
1.2125E-06	0.721272
1.3125E-06	0.791867
1.4125E-06	0.709853
1.5125E-06	0.754494
1.6125E-06	0.75086
1.8125E-06	0.806921
2.0125E-06	0.777852
2.2125E-06	0.795501
2.4125E-06	0.726463
2.6125E-06	0.810554
2.8125E-06	0.764356
3.0125E-06	0.745669
3.2125E-06	0.740998
3.6125E-06	0.743074
4.0125E-06	0.734249
4.4125E-06	0.74541
4.8125E-06	0.757094
5.2125E-06	0.77059
5.6125E-06	0.747231
6.0125E-06	0.748793
6.4125E-06	0.757098
7.2125E-06	0.75061
8.0125E-06	0.74477
8.8125E-06	0.753854
9.6125E-06	0.736335
1.04125E-05	0.725304
1.12125E-05	0.747106
1.20125E-05	0.732965
1.28125E-05	0.724405
1.44125E-05	0.72097
1.60125E-05	0.719478
1.76125E-05	0.707219
1.92125E-05	0.722217
2.08125E-05	0.703789
2.24125E-05	0.707877
2.40125E-05	0.716636
2.56125E-05	0.711316
2.88125E-05	0.690584
3.20125E-05	0.689481
3.52125E-05	0.680138
3.84125E-05	0.676244
4.16125E-05	0.659179
4.48125E-05	0.661357
4.80125E-05	0.650493
5.12125E-05	0.642796
5.76125E-05	0.62155
6.40125E-05	0.62666
7.04125E-05	0.597789
7.68125E-05	0.594889
8.32125E-05	0.582857
8.96125E-05	0.587537
9.60125E-05	0.564275
0.000102413	0.55845
0.000115213	0.543522
0.000128013	0.514669
0.000140813	0.515261
0.000153613	0.493856
0.000166413	0.490193
0.000179213	0.46697
0.000192013	0.468835
0.000204813	0.453012
0.000230413	0.428007
0.000256013	0.411706
0.000281613	0.39018
0.000307213	0.376552
0.000332813	0.365951
0.000358413	0.355502
0.000384013	0.34726
0.000409613	0.334301
0.000460813	0.324646
0.000512013	0.30889
0.000563213	0.3003
0.000614413	0.288796
0.000665613	0.280461
0.000716813	0.269631
0.000768013	0.260126
0.000819213	0.253038
0.000921613	0.23846
0.00102401	0.228928
0.00112641	0.214452
0.00122881	0.206124
0.00133121	0.192824
0.00143361	0.183812
0.00153601	0.171792
0.00163841	0.166158
0.00184321	0.150729
0.00204801	0.13966
0.00225281	0.126886
0.00245761	0.116576
0.00266241	0.105236
0.00286721	0.0961074
0.00307201	0.0872758
0.00327681	0.0839703
0.00368641	0.0730585
0.00409601	0.0617458
0.00450561	0.0571382
0.00491521	0.0528982
0.00532481	0.0442122
0.00573441	0.0403254
0.00614401	0.0361948
0.00655361	0.0326699
0.00737281	0.0225701
0.00819201	0.0172302
0.00901121	0.0147906
0.00983041	0.0110319
0.0106496	0.0114873
0.0114688	0.00898855
0.012288	0.00964317
0.0131072	0.0136919
0.0147456	0.0180033
0.016384	0.0144856
0.0180224	0.015394
0.0196608	0.0130557
0.0212992	0.0115066
0.0229376	0.00982439
0.024576	0.0122793
0.0262144	0.0140763
0.0294912	0.0162907
0.032768	0.00890109
0.0360448	0.00292897
0.0393216	0.00398647
0.0425984	0.00651752
0.0458752	0.0051635
0.049152	-0.00166499
0.0524288	0.00401732
0.0589824	0.0101272
0.065536	0.00437853
0.0720896	-0.00125204
0.0786432	0.00284844
0.0851968	0.00198302
0.0917504	0.00557033
0.098304	0.0124916
0.104858	0.0105738
0.117965	0.0023462
0.131072	0.00255452
0.144179	0.00846401
0.157286	0.00654207
0.170394	0.00169544
0.183501	-4.84081E-05
0.196608	-0.00338747
0.209715	0.00116672
0.23593	0.00761368
0.262144	0.00914912
0.288358	0.00762135
0.314573	0.0142045
0.340787	0.0104908
0.367002	0.00565833
0.393216	0.009325
0.41943	0.00962636
0.471859	0.00821277
0.524288	0.00159384
0.576717	0.00532748
0.629146	0.00694535
0.681574	0.00670797
0.734003	0.0103963
0.786432	0.0031864
0.838861	0.00219198
0.943718	0.00098288
1.04858	0.00241502
1.15343	0.000387062
1.25829	-0.00430618
1.36315	-0.00181838
1.46801	-0.00269451
1.57286	-0.00403793
1.67772	-0.00305804
1.88744	-0.00280724
2.09715	-0.00495462
2.30687	-0.00424969
2.51658	-0.00592129
2.7263	-0.00562789
2.93601	-0.00688532
3.14573	-0.00716699
3.35544	-0.011438
3.77487	-0.0124308
4.1943	-0.0129565
4.61373	-0.00924428
5.03316	-0.00142702
5.4526	0.00372944
5.87203	0.010664
6.29146	0.0183594
6.71089	0.0270558
7.54975	0.0468774
8.38861	0.0562363
9.22747	0.0813557
10.0663	0.104958
10.9052	0.114408
11.7441	0.126739
12.5829	0.1909

Count Rate History (KHz)  CR CHA / CR CHB
0.000000	36.220551	32.787323
0.052429	26.016235	24.948120
0.104858	26.359558	24.509430
0.157286	21.228790	19.016266
0.209715	20.618439	20.389557
0.262144	27.923584	25.863647
0.314573	30.746460	28.533936
0.367002	28.038025	26.493073
0.419430	34.217834	31.909943
0.471859	30.097961	27.484894
0.524288	22.163391	19.111633
0.576717	24.509430	22.640228
0.629146	28.743744	25.672913
0.681574	28.610229	27.408600
0.734003	33.779144	29.411316
0.786432	30.441284	30.021667
0.838861	22.220612	21.648407
0.891290	32.615662	30.193329
0.943718	33.073425	31.127930
0.996147	28.533936	25.138855
1.048576	24.929047	24.280548
1.101005	33.397675	32.424927
1.153434	26.092529	24.738312
1.205862	32.596588	33.340454
1.258291	27.599335	24.547577
1.310720	25.291443	22.144318
1.363149	36.334991	34.141541
1.415578	23.803711	22.792816
1.468006	23.956299	21.800995
1.520435	20.713806	19.969940
1.572864	21.343231	20.675659
1.625293	28.495789	25.844574
1.677722	21.877289	20.217896
1.730150	23.231506	22.830963
1.782579	36.010742	31.700134
1.835008	28.800964	28.877258
1.887437	27.027130	26.016235
1.939866	26.912689	26.206970
1.992294	26.111603	24.356842
2.044723	30.574799	28.114319
2.097152	38.547516	34.618378
2.149581	22.068024	20.790100
2.202010	28.820038	26.950836
2.254438	23.593903	20.732880
2.306867	26.340485	23.632050
2.359296	26.092529	25.577545
2.411725	28.266907	25.730133
2.464154	26.836395	25.959015
2.516582	25.234222	23.670197
2.569011	24.986267	21.591187
2.621440	23.632050	21.781921
2.673869	29.144287	27.160645
2.726298	23.136139	21.228790
2.778726	23.365021	21.953583
2.831155	25.691986	24.585724
2.883584	38.528442	33.473969
2.936013	32.997131	31.661987
2.988442	21.114349	18.730164
3.040870	24.738312	22.697449
3.093299	27.446747	24.871826
3.145728	22.659302	21.057129
3.198157	36.869049	36.048889
3.250586	32.920837	30.593872
3.303014	26.073456	24.070740
3.355443	29.239655	27.065277
3.407872	22.201538	21.514893
3.460301	31.986237	29.354095
3.512730	21.400452	18.825531
3.565158	21.095276	20.790100
3.617587	22.087097	22.277832
3.670016	32.978058	30.536652
3.722445	22.449493	21.018982
3.774874	21.858215	20.313263
3.827302	36.220551	31.375885
3.879731	22.182465	20.027161
3.932160	41.503906	38.013458
3.984589	20.236969	18.081665
4.037018	21.152496	19.302368
4.089446	24.356842	21.667480
4.141875	23.632050	22.106171
4.194304	25.157928	21.724701
4.246733	24.547577	22.392273
4.299162	26.912689	24.662018
4.351590	23.307800	22.850037
4.404019	21.896362	20.809174
4.456448	18.825531	18.825531
4.508877	29.983521	27.294159
4.561306	21.820068	20.503998
4.613734	22.373199	21.514893
4.666163	26.073456	23.784637
4.718592	24.471283	24.452209
4.771021	19.321442	17.585754
4.823450	25.978088	24.566650
4.875878	18.348694	16.670227
4.928307	19.950867	18.367767
4.980736	18.959045	17.700195
5.033165	28.133392	25.691986
5.085594	19.817352	19.340515
5.138022	18.749237	17.261505
5.190451	24.127960	22.296906
5.242880	24.204254	23.536682
5.295309	20.027161	18.978119
5.347738	27.351379	25.997162
5.400166	24.147034	22.106171
5.452595	24.852753	24.337769
5.505024	26.321411	23.231506
5.557453	25.901794	22.964478
5.609882	20.198822	20.503998
5.662310	21.247864	18.310547
5.714739	20.332336	17.623901
5.767168	25.959015	23.078918
5.819597	22.182465	19.569397
5.872026	19.512177	17.986298
5.924454	21.247864	19.607544
5.976883	25.081635	21.972656
6.029312	21.362305	20.027161
6.081741	28.743744	27.198792
6.134170	24.471283	22.106171
6.186598	26.435852	23.193359
6.239027	19.607544	17.986298
6.291456	21.858215	20.446777
6.343885	22.869110	21.553040
6.396314	21.514893	18.291473
6.448742	27.446747	27.809143
6.501171	20.656586	20.961761
6.553600	22.716522	20.961761
6.606029	20.771027	19.035339
6.658458	27.008057	23.937225
6.710886	21.095276	19.607544
6.763315	23.689270	20.904541
6.815744	26.092529	24.585724
6.868173	29.487610	25.939941
6.920602	23.479462	20.027161
6.973030	22.163391	19.683838
7.025459	26.435852	25.386810
7.077888	20.313263	16.899109
7.130317	22.220612	21.114349
7.182746	35.896301	33.416748
7.235174	22.907257	21.991730
7.287603	23.307800	20.580292
7.340032	20.637512	18.939972
7.392461	21.095276	19.207001
7.444890	23.040771	20.618439
7.497318	24.604797	23.460388
7.549747	31.318665	28.705597
7.602176	29.678345	27.770996
7.654605	24.852753	22.716522
7.707034	27.866364	26.206970
7.759462	22.010803	19.912720
7.811891	24.318695	23.345947
7.864320	28.877258	24.642944
7.916749	27.618408	24.509430
7.969178	21.247864	21.591187
8.021606	28.305054	26.111603
8.074035	21.629333	21.896362
8.126464	24.833679	23.498535
8.178893	31.490326	29.582977
8.231322	23.746490	21.305084
8.283750	23.689270	21.781921
8.336179	26.054382	25.653839
8.388608	26.607513	22.392273
8.441037	23.174286	21.858215
8.493466	26.378632	23.307800
8.545894	26.016235	23.021698
8.598323	21.419525	18.939972
8.650752	27.427673	26.187897
8.703181	29.201508	28.305054
8.755610	17.948151	18.024445
8.808038	21.991730	19.741058
8.860467	24.547577	23.612976
8.912896	27.141571	24.700165
8.965325	23.193359	22.354126
9.017754	31.375885	28.247833
9.070182	20.847321	19.779205
9.122611	22.544861	20.790100
9.175040	30.193329	28.209686
9.227469	24.929047	24.127960
9.279898	24.452209	22.735596
9.332326	27.656555	26.874542
9.384755	19.321442	18.234253
9.437184	20.828247	20.141602
9.489613	20.732880	19.474030
9.542042	31.108856	28.762817
9.594470	30.479431	26.626587
9.646899	34.217834	31.929016
9.699328	29.525757	26.454926
9.751757	22.621155	19.817352
9.804186	25.520325	23.975372
9.856614	23.078918	21.362305
9.909043	26.741028	24.013519
9.961472	32.157898	29.258728
10.013901	27.751923	25.997162
10.066330	31.394958	29.582977
10.118758	18.863678	17.280579
10.171187	31.814575	31.147003
10.223616	31.223297	29.926300
10.276045	25.157928	24.585724
10.328474	33.607483	30.632019
10.380902	19.664764	18.997192
10.433331	21.247864	19.626617
10.485760	33.016205	32.691956
10.538189	29.983521	28.457642
10.590618	35.171509	33.149719
10.643046	24.089813	22.029877
10.695475	39.081573	35.228729
10.747904	32.691956	29.029846
10.800333	21.705627	20.904541
10.852762	23.460388	22.048950
10.905190	29.354095	27.332306
10.957619	32.176971	29.888153
11.010048	31.719208	31.509399
11.062477	28.114319	25.482178
11.114906	31.013489	27.160645
11.167334	27.427673	26.912689
11.219763	23.212433	21.495819
11.272192	23.651123	20.809174
11.324621	29.869080	27.008057
11.377050	25.939941	25.005341
11.429478	39.787292	38.604736
11.481907	25.329590	22.583008
11.534336	24.490356	21.991730
11.586765	25.978088	24.471283
11.639194	27.542114	25.272369
11.691622	37.078857	32.367706
11.744051	30.479431	28.419495
11.796480	22.869110	21.324158
11.848909	25.329590	22.716522
11.901338	23.536682	21.572113
11.953766	24.185181	21.457672
12.006195	24.337769	23.002625
12.058624	30.574799	30.441284
12.111053	21.343231	19.111633
12.163482	22.563934	22.068024
12.215910	32.730103	31.833649
12.268339	21.743774	21.915436
12.320768	31.929016	30.326843
12.373197	31.261444	30.937195
12.425626	22.411346	22.106171
12.478054	34.313202	30.632019
12.530483	22.106171	20.732880
12.582912	31.242371	28.762817
12.635341	21.381378	19.779205
12.687770	38.852692	34.961700
12.740198	27.713776	24.757385
12.792627	43.163300	39.520264
12.845056	30.612946	29.201508
12.897485	31.890869	29.792786
12.949914	50.468445	46.367645
13.002342	27.770996	26.226044
13.054771	30.059814	29.430389
13.107200	31.166077	29.907227
13.159629	18.978119	17.318726
13.212058	24.471283	23.193359
13.264486	48.637390	46.386719
13.316915	32.272339	28.877258
13.369344	47.855377	43.811798
13.421773	28.896332	28.305054
13.474202	22.754669	21.114349
13.526630	26.931763	25.539398
13.579059	36.888123	33.874512
13.631488	31.871796	29.678345
13.683917	36.830902	34.351349
13.736346	25.997162	23.975372
13.788774	31.814575	28.934479
13.841203	31.070709	28.057098
13.893632	27.179718	24.623871
13.946061	23.117065	22.430420
13.998490	37.746429	36.926270
14.050918	33.626556	31.375885
14.103347	35.572052	33.836365
14.155776	29.296875	26.245117
14.208205	23.498535	19.340515
14.260634	32.386780	29.563904
14.313062	22.315979	21.133423
14.365491	41.503906	37.803650
