3/3/2026	11:49 AM
Pseudo Cross Correlation
Scattering angle:	24.02
Duration (s):	15
Wavelength (nm):	660.0
Refractive index:	1.330
Viscosity (mPas):	0.999
Temperature (K):	293.2
Laser intensity (mW):	84.000000
Average Count rate  A (kHz):	157.4
Average Count rate  B (kHz):	144.4
Intercept:	0.9528
Cumulant 1st	182605.0917
Cumulant 2nd	26402.8404	23512.0003
Cumulant 3rd	13737.8988	12141.1176

Lag time (s)         g2-1
1.25E-08	1.07375
2.5E-08	1.05447
3.75E-08	1.12744
5E-08	1.0945
6.25E-08	1.10157
7.5E-08	1.1167
8.75E-08	1.08913
1E-07	1.11304
1.125E-07	1.07644
1.25E-07	1.07009
1.375E-07	1.13647
1.5E-07	1.08351
1.625E-07	1.10084
1.75E-07	1.10279
1.875E-07	1.11426
2E-07	1.11402
2.125E-07	1.10426
2.375E-07	1.0945
2.625E-07	1.11878
2.875E-07	1.09352
3.125E-07	1.09413
3.375E-07	1.07595
3.625E-07	1.12207
3.875E-07	1.09608
4.125E-07	1.11554
4.625E-07	1.08876
5.125E-07	1.11243
5.625E-07	1.09236
6.125E-07	1.12292
6.625E-07	1.0912
7.125E-07	1.10529
7.625E-07	1.10694
8.125E-07	1.11399
9.125E-07	1.12683
1.0125E-06	1.10944
1.1125E-06	1.09727
1.2125E-06	1.09996
1.3125E-06	1.1045
1.4125E-06	1.10206
1.5125E-06	1.10798
1.6125E-06	1.10877
1.8125E-06	1.10836
2.0125E-06	1.10237
2.2125E-06	1.10563
2.4125E-06	1.11333
2.6125E-06	1.10964
2.8125E-06	1.09378
3.0125E-06	1.107
3.2125E-06	1.09993
3.6125E-06	1.10199
4.0125E-06	1.10438
4.4125E-06	1.10375
4.8125E-06	1.10212
5.2125E-06	1.10308
5.6125E-06	1.10426
6.0125E-06	1.10662
6.4125E-06	1.10776
7.2125E-06	1.1071
8.0125E-06	1.10505
8.8125E-06	1.10442
9.6125E-06	1.10112
1.04125E-05	1.10667
1.12125E-05	1.1008
1.20125E-05	1.10273
1.28125E-05	1.10209
1.44125E-05	1.09929
1.60125E-05	1.10438
1.76125E-05	1.10474
1.92125E-05	1.10184
2.08125E-05	1.10176
2.24125E-05	1.09802
2.40125E-05	1.10175
2.56125E-05	1.09968
2.88125E-05	1.10134
3.20125E-05	1.10082
3.52125E-05	1.0967
3.84125E-05	1.09712
4.16125E-05	1.09699
4.48125E-05	1.09844
4.80125E-05	1.09302
5.12125E-05	1.09261
5.76125E-05	1.092
6.40125E-05	1.08961
7.04125E-05	1.08816
7.68125E-05	1.08925
8.32125E-05	1.08703
8.96125E-05	1.08619
9.60125E-05	1.08482
0.000102413	1.08224
0.000115213	1.07956
0.000128013	1.0777
0.000140813	1.07388
0.000153613	1.0703
0.000166413	1.0683
0.000179213	1.0655
0.000192013	1.06313
0.000204813	1.06084
0.000230413	1.05646
0.000256013	1.05141
0.000281613	1.04639
0.000307213	1.0415
0.000332813	1.03729
0.000358413	1.03334
0.000384013	1.02946
0.000409613	1.02498
0.000460813	1.01756
0.000512013	1.0098
0.000563213	1.00329
0.000614413	0.995824
0.000665613	0.990307
0.000716813	0.984306
0.000768013	0.978622
0.000819213	0.973355
0.000921613	0.963307
0.00102401	0.954228
0.00112641	0.945474
0.00122881	0.937706
0.00133121	0.930109
0.00143361	0.923023
0.00153601	0.915155
0.00163841	0.908222
0.00184321	0.895978
0.00204801	0.885299
0.00225281	0.875488
0.00245761	0.866117
0.00266241	0.857161
0.00286721	0.849446
0.00307201	0.840751
0.00327681	0.833526
0.00368641	0.820651
0.00409601	0.809224
0.00450561	0.798579
0.00491521	0.786564
0.00532481	0.777398
0.00573441	0.76886
0.00614401	0.760357
0.00655361	0.75215
0.00737281	0.736368
0.00819201	0.721334
0.00901121	0.70828
0.00983041	0.694607
0.0106496	0.681565
0.0114688	0.670598
0.012288	0.661108
0.0131072	0.651606
0.0147456	0.637439
0.016384	0.62205
0.0180224	0.614188
0.0196608	0.610051
0.0212992	0.597441
0.0229376	0.588584
0.024576	0.580356
0.0262144	0.575921
0.0294912	0.563894
0.032768	0.55472
0.0360448	0.545152
0.0393216	0.5349
0.0425984	0.534879
0.0458752	0.534803
0.049152	0.533876
0.0524288	0.532927
0.0589824	0.541767
0.065536	0.552034
0.0720896	0.563763
0.0786432	0.566596
0.0851968	0.565545
0.0917504	0.560181
0.098304	0.548635
0.104858	0.5344
0.117965	0.521103
0.131072	0.519305
0.144179	0.514374
0.157286	0.512396
0.170394	0.509087
0.183501	0.525048
0.196608	0.530495
0.209715	0.536654
0.23593	0.535501
0.262144	0.542143
0.288358	0.547827
0.314573	0.538528
0.340787	0.541435
0.367002	0.556003
0.393216	0.561113
0.41943	0.536244
0.471859	0.526608
0.524288	0.503213
0.576717	0.519488
0.629146	0.521489
0.681574	0.521435
0.734003	0.505128
0.786432	0.503089
0.838861	0.501393
0.943718	0.481236
1.04858	0.490029
1.15343	0.470864
1.25829	0.464412
1.36315	0.452752
1.46801	0.456544
1.57286	0.434715
1.67772	0.396239
1.88744	0.385459
2.09715	0.383379
2.30687	0.40049
2.51658	0.412944
2.7263	0.426784
2.93601	0.430632
3.14573	0.413144
3.35544	0.414537
3.77487	0.416998
4.1943	0.393981
4.61373	0.352324
5.03316	0.372248
5.4526	0.409502
5.87203	0.408177
6.29146	0.412054
6.71089	0.455617
7.54975	0.540814
8.38861	0.652618
9.22747	0.794367
10.0663	0.877121
10.9052	1.03844
11.7441	1.24061
12.5829	1.68947

Count Rate History (KHz)  CR CHA / CR CHB
0.000000	224.533081	207.099915
0.052429	140.247345	131.301880
0.104858	118.541718	112.762451
0.157286	42.858124	38.414001
0.209715	68.759918	63.552856
0.262144	245.208740	227.718353
0.314573	118.179321	109.195709
0.367002	125.045776	113.849640
0.419430	61.473846	55.980682
0.471859	47.817230	45.337677
0.524288	144.901276	130.100250
0.576717	48.923492	46.901703
0.629146	59.432983	53.882599
0.681574	58.212280	51.498413
0.734003	53.024292	48.255920
0.786432	77.762604	69.580078
0.838861	120.105743	110.874176
0.891290	71.029663	64.296722
0.943718	28.553009	25.062561
0.996147	34.675598	32.405853
1.048576	59.261322	53.882599
1.101005	77.972412	71.277618
1.153434	71.868896	64.983368
1.205862	121.269226	114.040375
1.258291	42.953491	40.779114
1.310720	75.817108	67.672729
1.363149	52.356720	46.977997
1.415578	77.610016	73.471069
1.468006	48.027039	43.087006
1.520435	44.822693	42.400360
1.572864	130.214691	119.457245
1.625293	110.149384	100.822449
1.677722	80.871582	74.882507
1.730150	49.648285	47.245026
1.782579	57.830811	52.585602
1.835008	70.915222	62.446594
1.887437	63.209534	56.819916
1.939866	62.465668	57.983398
1.992294	74.996948	69.198608
2.044723	76.847076	72.917938
2.097152	63.266754	59.204102
2.149581	75.149536	71.010590
2.202010	58.212280	51.574707
2.254438	58.536530	52.528381
2.306867	54.512024	50.735474
2.359296	102.996826	93.402863
2.411725	59.776306	53.787231
2.464154	52.776337	47.760010
2.516582	42.419434	38.757324
2.569011	35.133362	31.204224
2.621440	41.999817	40.187836
2.673869	67.291260	64.239502
2.726298	69.751740	62.808990
2.778726	78.659058	70.056915
2.831155	50.506592	45.013428
2.883584	74.329376	68.836212
2.936013	62.026978	60.005188
2.988442	112.686157	101.203918
3.040870	80.718994	76.942444
3.093299	58.612823	53.462982
3.145728	128.307343	120.773315
3.198157	59.986115	56.133270
3.250586	130.920410	121.822357
3.303014	65.898895	60.024261
3.355443	45.433044	43.678284
3.407872	54.798126	49.057007
3.460301	27.866364	28.610229
3.512730	74.234009	68.187714
3.565158	83.179474	73.814392
3.617587	84.972382	76.084137
3.670016	47.187805	41.904449
3.722445	51.879883	47.416687
3.774874	83.980560	76.828003
3.827302	37.860870	32.730103
3.879731	63.991547	57.621002
3.932160	65.441132	61.836243
3.984589	80.890656	75.321198
4.037018	80.566406	71.582794
4.089446	54.740906	51.841736
4.141875	110.397339	100.975037
4.194304	92.315674	84.800720
4.246733	166.339874	152.359009
4.299162	111.694336	101.566315
4.351590	176.830292	168.266296
4.404019	65.441132	60.749054
4.456448	69.904327	63.972473
4.508877	96.073151	87.928772
4.561306	48.656464	44.975281
4.613734	60.043335	55.694580
4.666163	67.005157	56.419373
4.718592	103.397369	95.767975
4.771021	57.735443	53.634644
4.823450	63.419342	58.326721
4.875878	76.904297	70.953369
4.928307	129.947662	117.931366
4.980736	59.852600	58.631897
5.033165	79.078674	74.539185
5.085594	131.931305	121.631622
5.138022	37.937164	36.010742
5.190451	67.768097	60.253143
5.242880	89.340210	76.427460
5.295309	139.446259	127.220154
5.347738	74.920654	70.152283
5.400166	51.956177	48.332214
5.452595	79.517365	75.645447
5.505024	104.560852	96.340179
5.557453	50.792694	45.604706
5.609882	53.272247	48.694611
5.662310	51.784515	46.672821
5.714739	105.800629	95.996857
5.767168	71.487427	65.727234
5.819597	112.476349	102.272034
5.872026	114.803314	107.078552
5.924454	118.694305	111.427307
5.976883	63.266754	56.571960
6.029312	124.835968	116.977692
6.081741	94.051361	87.471008
6.134170	54.454803	48.103333
6.186598	72.040558	68.588257
6.239027	53.672791	50.907135
6.291456	70.285797	63.667297
6.343885	128.440857	115.032196
6.396314	65.422058	59.070587
6.448742	138.568878	123.977661
6.501171	79.307556	75.416565
6.553600	81.005096	76.789856
6.606029	42.247772	38.375854
6.658458	47.016144	44.250488
6.710886	119.724274	112.247467
6.763315	70.400238	63.724518
6.815744	54.321289	51.212311
6.868173	65.135956	60.825348
6.920602	64.067841	60.424805
6.973030	251.007080	229.587555
7.025459	115.013123	106.639862
7.077888	54.645538	48.847198
7.130317	106.887817	101.394653
7.182746	82.645416	76.828003
7.235174	108.604431	104.656219
7.287603	68.225861	63.190460
7.340032	62.599182	56.457520
7.392461	67.462921	59.928894
7.444890	78.487396	73.852539
7.497318	65.898895	60.462952
7.549747	112.075806	102.787018
7.602176	71.887970	64.811707
7.654605	65.650940	60.157776
7.707034	110.530853	103.111267
7.759462	112.953186	105.056763
7.811891	55.389404	50.792694
7.864320	125.293732	112.056732
7.916749	107.936859	101.413727
7.969178	104.484558	96.244812
8.021606	62.656403	58.898926
8.074035	53.310394	47.721863
8.126464	113.162994	104.446411
8.178893	208.492279	192.451477
8.231322	186.500549	171.070099
8.283750	170.459747	151.576996
8.336179	108.261108	100.345612
8.388608	104.541779	96.874237
8.441037	80.738068	73.490143
8.493466	122.795105	113.391876
8.545894	83.007813	78.639984
8.598323	208.568573	187.778473
8.650752	133.686066	121.631622
8.703181	143.585205	132.446289
8.755610	97.808838	90.236664
8.808038	76.675415	70.514679
8.860467	85.735321	80.890656
8.912896	98.209381	90.503693
8.965325	123.538971	113.677979
9.017754	94.985962	89.702606
9.070182	122.661591	112.628937
9.122611	98.342896	89.130402
9.175040	81.958771	73.432922
9.227469	122.814178	113.277435
9.279898	97.236633	90.217590
9.332326	187.759399	172.882080
9.384755	98.896027	92.201233
9.437184	45.356750	41.751862
9.489613	99.067688	90.389252
9.542042	309.371948	282.974243
9.594470	91.762543	88.520050
9.646899	210.990906	188.713074
9.699328	235.805511	214.633942
9.751757	205.821991	189.380646
9.804186	94.318390	84.266663
9.856614	203.056335	183.849335
9.909043	271.415710	247.802734
9.961472	134.830475	124.378204
10.013901	337.295532	304.679871
10.066330	142.650604	133.113861
10.118758	267.829895	250.473022
10.171187	297.260284	269.279480
10.223616	219.230652	202.121735
10.276045	177.040100	165.996552
10.328474	93.231201	84.552765
10.380902	199.203491	182.094574
10.433331	140.132904	130.233765
10.485760	171.928406	156.841278
10.538189	237.236023	214.176178
10.590618	207.328796	186.882019
10.643046	127.906799	115.776062
10.695475	101.490021	95.634460
10.747904	105.514526	97.122192
10.800333	319.118500	296.287537
10.852762	281.734467	260.105133
10.905190	223.388672	205.707550
10.957619	148.544312	134.258270
11.010048	177.478790	163.288116
11.062477	160.713196	145.702362
11.114906	151.367188	139.389038
11.167334	238.761902	218.811035
11.219763	314.426422	285.854340
11.272192	209.312439	186.290741
11.324621	146.293640	136.146545
11.377050	329.113007	303.993225
11.429478	205.287933	190.315247
11.481907	261.592865	236.949921
11.534336	238.189697	211.391449
11.586765	150.451660	134.468079
11.639194	260.372162	242.061615
11.691622	288.066864	268.287659
11.744051	134.983063	125.331879
11.796480	219.287872	202.102661
11.848909	165.290833	149.726868
11.901338	217.990875	199.279785
11.953766	185.565948	172.386169
12.006195	172.863007	159.969330
12.058624	238.552094	221.900940
12.111053	148.296356	140.724182
12.163482	345.363617	317.611694
12.215910	249.595642	227.355957
12.268339	225.734711	203.113556
12.320768	323.467255	296.478271
12.373197	271.358490	249.671936
12.425626	378.093719	344.028473
12.478054	256.519318	230.693817
12.530483	410.900116	375.843048
12.582912	353.450775	325.374603
12.635341	385.932922	354.251862
12.687770	318.222046	295.410156
12.740198	401.401520	365.886688
12.792627	365.123749	335.540771
12.845056	581.130981	531.024933
12.897485	304.946899	275.955200
12.949914	326.976776	299.263000
13.002342	399.971008	364.627838
13.054771	364.875793	329.265594
13.107200	331.287384	308.876038
13.159629	386.199951	354.557037
13.212058	510.902405	458.507538
13.264486	579.261780	530.090332
13.316915	415.325165	382.194519
13.369344	290.775299	269.508362
13.421773	442.428589	407.218933
13.474202	430.183411	398.159027
13.526630	434.036255	398.998260
13.579059	702.095032	638.275146
13.631488	524.253845	479.221344
13.683917	680.179596	620.040894
13.736346	399.723053	363.368988
13.788774	367.794037	334.377289
13.841203	388.450623	358.085632
13.893632	333.232880	301.799774
13.946061	432.777405	398.807526
13.998490	418.567657	386.199951
14.050918	575.447083	527.324677
14.103347	180.969238	166.740417
14.155776	327.587128	298.748016
14.208205	423.774719	382.137299
14.260634	642.795563	592.250824
14.313062	387.649536	353.145599
14.365491	480.747223	444.316864
