3/3/2026	12:2 PM
Pseudo Cross Correlation
Scattering angle:	48.01
Duration (s):	15
Wavelength (nm):	660.0
Refractive index:	1.330
Viscosity (mPas):	0.999
Temperature (K):	293.2
Laser intensity (mW):	84.000000
Average Count rate  A (kHz):	41.2
Average Count rate  B (kHz):	38.0
Intercept:	1.3068
Cumulant 1st	563.4583
Cumulant 2nd	404.7964	314.4644
Cumulant 3rd	254.8387	254.2759

Lag time (s)         g2-1
1.25E-08	1.39372
2.5E-08	1.32066
3.75E-08	1.22324
5E-08	1.36937
6.25E-08	1.41808
7.5E-08	1.35197
8.75E-08	1.2128
1E-07	1.36241
1.125E-07	1.3137
1.25E-07	1.53637
1.375E-07	1.32066
1.5E-07	1.44243
1.625E-07	1.30326
1.75E-07	1.3137
1.875E-07	1.44243
2E-07	1.50854
2.125E-07	1.41286
2.375E-07	1.31892
2.625E-07	1.41286
2.875E-07	1.44765
3.125E-07	1.42329
3.375E-07	1.33109
3.625E-07	1.36589
3.875E-07	1.35893
4.125E-07	1.32762
4.625E-07	1.38067
5.125E-07	1.33544
5.625E-07	1.27282
6.125E-07	1.30587
6.625E-07	1.38415
7.125E-07	1.39633
7.625E-07	1.25803
8.125E-07	1.33892
9.125E-07	1.40285
1.0125E-06	1.34893
1.1125E-06	1.3685
1.2125E-06	1.41286
1.3125E-06	1.33457
1.4125E-06	1.35588
1.5125E-06	1.35023
1.6125E-06	1.3922
1.8125E-06	1.32805
2.0125E-06	1.36284
2.2125E-06	1.37785
2.4125E-06	1.39807
2.6125E-06	1.35197
2.8125E-06	1.34392
3.0125E-06	1.37219
3.2125E-06	1.36219
3.6125E-06	1.35806
4.0125E-06	1.3498
4.4125E-06	1.36295
4.8125E-06	1.36349
5.2125E-06	1.33881
5.6125E-06	1.33599
6.0125E-06	1.3548
6.4125E-06	1.36349
7.2125E-06	1.37458
8.0125E-06	1.36268
8.8125E-06	1.35806
9.6125E-06	1.36735
1.04125E-05	1.35534
1.12125E-05	1.35545
1.20125E-05	1.37458
1.28125E-05	1.36311
1.44125E-05	1.34403
1.60125E-05	1.34028
1.76125E-05	1.35393
1.92125E-05	1.34322
2.08125E-05	1.33115
2.24125E-05	1.32957
2.40125E-05	1.3586
2.56125E-05	1.33789
2.88125E-05	1.3337
3.20125E-05	1.32298
3.52125E-05	1.32097
3.84125E-05	1.31279
4.16125E-05	1.30669
4.48125E-05	1.31185
4.80125E-05	1.30059
5.12125E-05	1.29781
5.76125E-05	1.29242
6.40125E-05	1.28664
7.04125E-05	1.27328
7.68125E-05	1.26475
8.32125E-05	1.26162
8.96125E-05	1.25083
9.60125E-05	1.25089
0.000102413	1.2367
0.000115213	1.22179
0.000128013	1.21385
0.000140813	1.20392
0.000153613	1.19522
0.000166413	1.18356
0.000179213	1.17246
0.000192013	1.15838
0.000204813	1.1547
0.000230413	1.13716
0.000256013	1.12159
0.000281613	1.10753
0.000307213	1.09664
0.000332813	1.08328
0.000358413	1.07418
0.000384013	1.06573
0.000409613	1.05689
0.000460813	1.03728
0.000512013	1.02438
0.000563213	1.01019
0.000614413	1.00423
0.000665613	0.991414
0.000716813	0.977948
0.000768013	0.97418
0.000819213	0.963012
0.000921613	0.950829
0.00102401	0.937821
0.00112641	0.924095
0.00122881	0.912898
0.00133121	0.902477
0.00143361	0.889678
0.00153601	0.877896
0.00163841	0.868072
0.00184321	0.849916
0.00204801	0.831655
0.00225281	0.813732
0.00245761	0.802132
0.00266241	0.787679
0.00286721	0.773414
0.00307201	0.760961
0.00327681	0.750707
0.00368641	0.729508
0.00409601	0.706425
0.00450561	0.681924
0.00491521	0.663391
0.00532481	0.644395
0.00573441	0.625595
0.00614401	0.616308
0.00655361	0.608919
0.00737281	0.589728
0.00819201	0.58007
0.00901121	0.56811
0.00983041	0.557808
0.0106496	0.547062
0.0114688	0.538782
0.012288	0.531905
0.0131072	0.525529
0.0147456	0.511792
0.016384	0.501201
0.0180224	0.496992
0.0196608	0.492802
0.0212992	0.499471
0.0229376	0.496494
0.024576	0.496999
0.0262144	0.502123
0.0294912	0.494093
0.032768	0.479077
0.0360448	0.475871
0.0393216	0.464976
0.0425984	0.442379
0.0458752	0.433819
0.049152	0.436278
0.0524288	0.435527
0.0589824	0.40042
0.065536	0.371857
0.0720896	0.363631
0.0786432	0.379668
0.0851968	0.379721
0.0917504	0.360575
0.098304	0.356896
0.104858	0.382124
0.117965	0.363638
0.131072	0.349938
0.144179	0.334252
0.157286	0.325085
0.170394	0.269928
0.183501	0.286876
0.196608	0.265416
0.209715	0.254781
0.23593	0.235659
0.262144	0.239805
0.288358	0.227737
0.314573	0.200733
0.340787	0.169103
0.367002	0.143972
0.393216	0.109696
0.41943	0.108099
0.471859	0.0910966
0.524288	0.0833701
0.576717	0.0674707
0.629146	0.073722
0.681574	0.0746386
0.734003	0.0562881
0.786432	0.0658714
0.838861	0.0630845
0.943718	0.0854267
1.04858	0.157525
1.15343	0.208254
1.25829	0.194334
1.36315	0.204445
1.46801	0.182621
1.57286	0.146382
1.67772	0.1218
1.88744	0.0880383
2.09715	0.0768502
2.30687	0.0898243
2.51658	0.0898381
2.7263	0.0857648
2.93601	0.0835581
3.14573	0.0808343
3.35544	0.089856
3.77487	0.104361
4.1943	0.112041
4.61373	0.109883
5.03316	0.12083
5.4526	0.142885
5.87203	0.160825
6.29146	0.172179
6.71089	0.197355
7.54975	0.274777
8.38861	0.33872
9.22747	0.455584
10.0663	0.528504
10.9052	0.72206
11.7441	0.892823
12.5829	1.14843

Count Rate History (KHz)  CR CHA / CR CHB
0.000000	17.166138	15.926361
0.052429	23.803711	22.068024
0.104858	21.820068	18.711090
0.157286	23.632050	22.182465
0.209715	46.138763	43.678284
0.262144	22.354126	22.792816
0.314573	19.626617	19.779205
0.367002	32.825470	28.591156
0.419430	30.612946	28.705597
0.471859	29.373169	28.533936
0.524288	22.563934	20.484924
0.576717	23.708344	22.087097
0.629146	24.948120	24.070740
0.681574	38.909912	35.324097
0.734003	26.836395	25.520325
0.786432	28.724670	27.561188
0.838861	30.174255	27.599335
0.891290	28.152466	26.531219
0.943718	34.122467	31.471252
0.996147	24.681091	23.250580
1.048576	21.286011	20.256042
1.101005	24.662018	24.070740
1.153434	27.008057	25.539398
1.205862	27.046204	27.065277
1.258291	37.193298	33.855438
1.310720	31.547546	29.296875
1.363149	18.615723	17.166138
1.415578	16.975403	16.231537
1.468006	28.247833	25.482178
1.520435	28.781891	27.809143
1.572864	33.168793	28.648376
1.625293	22.659302	21.400452
1.677722	37.364960	32.997131
1.730150	27.351379	27.046204
1.782579	26.073456	24.127960
1.835008	25.939941	23.765564
1.887437	19.493103	18.424988
1.939866	25.482178	23.689270
1.992294	28.743744	23.784637
2.044723	31.223297	25.844574
2.097152	26.168823	25.196075
2.149581	27.065277	24.967194
2.202010	18.596649	17.013550
2.254438	26.340485	25.539398
2.306867	29.563904	28.419495
2.359296	36.525726	33.245087
2.411725	33.111572	31.166077
2.464154	33.092499	30.803680
2.516582	32.634735	30.593872
2.569011	41.503906	35.934448
2.621440	43.506622	41.599274
2.673869	36.334991	33.454895
2.726298	33.874512	33.206940
2.778726	27.179718	24.299622
2.831155	34.313202	31.547546
2.883584	46.119690	43.716431
2.936013	41.046143	39.348602
2.988442	35.457611	31.738281
3.040870	27.027130	25.901794
3.093299	31.337738	28.800964
3.145728	38.681030	36.582947
3.198157	32.043457	29.239655
3.250586	24.318695	23.975372
3.303014	34.160614	32.596588
3.355443	22.010803	20.580292
3.407872	22.773743	20.885468
3.460301	29.678345	27.713776
3.512730	30.879974	29.602051
3.565158	28.533936	27.484894
3.617587	49.114227	43.163300
3.670016	26.016235	24.967194
3.722445	28.247833	25.978088
3.774874	22.354126	20.160675
3.827302	30.765533	30.002594
3.879731	67.329407	62.084198
3.932160	38.070679	33.798218
3.984589	26.245117	24.757385
4.037018	30.441284	27.008057
4.089446	34.580231	32.596588
4.141875	43.430328	39.558411
4.194304	25.615692	24.833679
4.246733	29.163361	25.100708
4.299162	30.021667	26.130676
4.351590	36.430359	33.130646
4.404019	32.844543	32.234192
4.456448	38.433075	36.697388
4.508877	44.708252	43.315887
4.561306	57.945251	53.730011
4.613734	42.057037	39.672852
4.666163	54.912567	51.250458
4.718592	31.700134	30.555725
4.771021	34.084320	32.081604
4.823450	31.299591	29.449463
4.875878	31.185150	28.686523
4.928307	28.972626	27.256012
4.980736	60.729980	55.465698
5.033165	40.798187	38.166046
5.085594	59.814453	51.059723
5.138022	43.106079	40.607452
5.190451	32.939911	30.746460
5.242880	30.212402	27.465820
5.295309	26.359558	23.250580
5.347738	30.956268	28.018951
5.400166	30.632019	26.874542
5.452595	33.683777	30.822754
5.505024	22.449493	20.294189
5.557453	24.375916	20.866394
5.609882	28.858185	26.836395
5.662310	47.016144	44.879913
5.714739	50.907135	48.732758
5.767168	41.122437	40.168762
5.819597	29.563904	28.476715
5.872026	35.953522	31.833649
5.924454	45.032501	41.255951
5.976883	33.321381	30.612946
6.029312	40.054321	34.847260
6.081741	63.266754	57.563782
6.134170	38.528442	36.678314
6.186598	32.386780	32.577515
6.239027	27.980804	26.283264
6.291456	26.702881	24.757385
6.343885	24.490356	23.231506
6.396314	27.351379	26.264191
6.448742	35.743713	32.577515
6.501171	55.122375	51.422119
6.553600	26.416779	23.651123
6.606029	37.364960	34.313202
6.658458	30.441284	28.114319
6.710886	34.923553	31.948090
6.763315	27.599335	24.948120
6.815744	54.798126	48.999786
6.868173	24.108887	24.356842
6.920602	30.517578	27.866364
6.973030	25.711060	24.318695
7.025459	39.196014	36.277771
7.077888	42.114258	38.280487
7.130317	29.869080	29.087067
7.182746	29.430389	27.809143
7.235174	37.879944	34.484863
7.287603	21.839142	19.893646
7.340032	40.493011	39.329529
7.392461	23.994446	20.942688
7.444890	32.653809	31.318665
7.497318	33.092499	29.716492
7.549747	43.258667	39.710999
7.602176	33.206940	29.430389
7.654605	28.820038	26.473999
7.707034	30.288696	28.343201
7.759462	24.051666	20.389557
7.811891	33.111572	30.803680
7.864320	46.672821	45.299530
7.916749	36.563873	32.939911
7.969178	29.239655	27.179718
8.021606	32.844543	28.724670
8.074035	41.828156	38.795471
8.126464	31.318665	29.506683
8.178893	41.866302	39.386749
8.231322	30.212402	27.198792
8.283750	25.157928	24.013519
8.336179	30.460358	27.618408
8.388608	39.062500	36.201477
8.441037	28.591156	28.057098
8.493466	51.136017	49.114227
8.545894	24.833679	22.754669
8.598323	37.631989	36.373138
8.650752	30.765533	28.038025
8.703181	27.847290	26.702881
8.755610	34.465790	30.574799
8.808038	29.735565	26.512146
8.860467	24.909973	24.433136
8.912896	33.397675	29.945374
8.965325	26.912689	22.602081
9.017754	31.623840	29.888153
9.070182	37.727356	34.713745
9.122611	27.923584	27.236938
9.175040	24.795532	22.583008
9.227469	28.705597	27.370453
9.279898	30.746460	29.487610
9.332326	32.196045	29.106140
9.384755	24.299622	23.117065
9.437184	49.018860	45.299530
9.489613	39.463043	35.762787
9.542042	24.909973	23.746490
9.594470	39.062500	35.667419
9.646899	35.934448	32.348633
9.699328	39.272308	35.762787
9.751757	38.681030	37.345886
9.804186	24.414063	21.514893
9.856614	31.089783	28.553009
9.909043	34.732819	33.168793
9.961472	41.351318	37.002563
10.013901	28.457642	25.157928
10.066330	32.348633	30.384064
10.118758	35.781860	32.348633
10.171187	25.806427	23.555756
10.223616	23.746490	21.076202
10.276045	31.585693	29.659271
10.328474	34.542084	32.825470
10.380902	35.247803	31.852722
10.433331	61.378479	54.302216
10.485760	29.621124	26.950836
10.538189	27.713776	26.721954
10.590618	35.762787	31.681061
10.643046	38.528442	36.869049
10.695475	26.931763	25.825500
10.747904	28.152466	27.484894
10.800333	41.580200	37.765503
10.852762	39.901733	36.811829
10.905190	33.054352	29.144287
10.957619	41.313171	38.242340
11.010048	23.899078	21.934509
11.062477	40.302277	38.013458
11.114906	46.482086	44.803619
11.167334	37.517548	35.228729
11.219763	46.138763	40.969849
11.272192	23.174286	21.152496
11.324621	36.716461	32.768250
11.377050	46.958923	40.969849
11.429478	27.847290	25.806427
11.481907	51.288605	49.762726
11.534336	30.002594	29.067993
11.586765	35.705566	32.482147
11.639194	45.528412	40.531158
11.691622	37.479401	35.839081
11.744051	33.645630	29.544830
11.796480	36.582947	32.787323
11.848909	31.833649	31.242371
11.901338	30.746460	27.370453
11.953766	38.089752	37.117004
12.006195	27.885437	24.337769
12.058624	26.378632	26.092529
12.111053	113.410950	105.705261
12.163482	59.833527	54.283142
12.215910	67.291260	61.511993
12.268339	65.193176	57.144165
12.320768	27.103424	26.550293
12.373197	53.653717	49.057007
12.425626	64.125061	59.719086
12.478054	139.904022	125.389099
12.530483	66.757202	65.155029
12.582912	149.192810	140.571594
12.635341	124.969482	111.618042
12.687770	56.266785	53.386688
12.740198	48.370361	45.814514
12.792627	35.190582	33.569336
12.845056	55.046082	50.468445
12.897485	31.471252	28.476715
12.949914	25.920868	23.803711
13.002342	27.046204	27.046204
13.054771	63.648224	60.386658
13.107200	33.035278	28.095245
13.159629	63.800812	58.746338
13.212058	31.375885	29.239655
13.264486	58.460236	52.490234
13.316915	43.735504	40.798187
13.369344	44.498444	41.694641
13.421773	37.612915	34.580231
13.474202	25.234222	23.555756
13.526630	71.506500	60.920715
13.579059	73.509216	69.198608
13.631488	115.737915	105.171204
13.683917	298.633575	277.271271
13.736346	228.443146	205.726624
13.788774	171.585083	155.410767
13.841203	184.898376	168.170929
13.893632	113.563538	100.440979
13.946061	188.388824	173.568726
13.998490	195.941925	181.274414
14.050918	99.315643	88.539124
14.103347	60.176849	56.419373
14.155776	39.958954	37.899017
14.208205	45.051575	41.961670
14.260634	39.672852	36.392212
14.313062	42.018890	41.542053
14.365491	55.694580	47.607422
14.417920	36.258698	33.340454
14.470349	62.561035	55.370331
14.522778	53.901672	49.648285
14.575206	46.157837	42.839050
14.627635	25.787354	25.081635
