3/3/2026	12:8 PM
Pseudo Cross Correlation
Scattering angle:	59.99
Duration (s):	15
Wavelength (nm):	660.0
Refractive index:	1.330
Viscosity (mPas):	0.999
Temperature (K):	293.2
Laser intensity (mW):	84.000000
Average Count rate  A (kHz):	23.1
Average Count rate  B (kHz):	21.5
Intercept:	0.7694
Cumulant 1st	19.2430
Cumulant 2nd	13.6167	14.7337
Cumulant 3rd	11.6657	16.8468

Lag time (s)         g2-1
1.25E-08	0.991897
2.5E-08	0.798399
3.75E-08	0.787017
5E-08	0.718723
6.25E-08	0.980515
7.5E-08	0.832546
8.75E-08	0.695958
1E-07	0.946368
1.125E-07	0.946368
1.25E-07	0.764252
1.375E-07	1.03743
1.5E-07	0.707341
1.625E-07	0.775634
1.75E-07	0.695958
1.875E-07	0.661812
2E-07	0.582136
2.125E-07	0.815472
2.375E-07	0.678885
2.625E-07	0.678885
2.875E-07	0.80409
3.125E-07	0.775634
3.375E-07	0.843928
3.625E-07	0.570753
3.875E-07	0.690267
4.125E-07	0.687422
4.625E-07	0.789862
5.125E-07	0.698804
5.625E-07	0.787017
6.125E-07	0.730105
6.625E-07	0.718723
7.125E-07	0.846773
7.625E-07	0.769943
8.125E-07	0.740065
9.125E-07	0.738642
1.0125E-06	0.785594
1.1125E-06	0.828277
1.2125E-06	0.771366
1.3125E-06	0.812627
1.4125E-06	0.735796
1.5125E-06	0.801244
1.6125E-06	0.747179
1.8125E-06	0.772077
2.0125E-06	0.711609
2.2125E-06	0.801244
2.4125E-06	0.809781
2.6125E-06	0.763541
2.8125E-06	0.677462
3.0125E-06	0.786305
3.2125E-06	0.741132
3.6125E-06	0.718723
4.0125E-06	0.74042
4.4125E-06	0.765319
4.8125E-06	0.761762
5.2125E-06	0.774923
5.6125E-06	0.705562
6.0125E-06	0.724414
6.4125E-06	0.717656
7.2125E-06	0.720679
8.0125E-06	0.718901
8.8125E-06	0.717656
9.6125E-06	0.733484
1.04125E-05	0.722813
1.12125E-05	0.715166
1.20125E-05	0.704851
1.28125E-05	0.692312
1.44125E-05	0.702627
1.60125E-05	0.696047
1.76125E-05	0.691957
1.92125E-05	0.706007
2.08125E-05	0.699426
2.24125E-05	0.659322
2.40125E-05	0.679952
2.56125E-05	0.654386
2.88125E-05	0.669592
3.20125E-05	0.64456
3.52125E-05	0.662122
3.84125E-05	0.625886
4.16125E-05	0.62842
4.48125E-05	0.623085
4.80125E-05	0.609702
5.12125E-05	0.593139
5.76125E-05	0.586581
6.40125E-05	0.575154
7.04125E-05	0.559459
7.68125E-05	0.542497
8.32125E-05	0.53107
8.96125E-05	0.524245
9.60125E-05	0.511796
0.000102413	0.503103
0.000115213	0.481695
0.000128013	0.465121
0.000140813	0.442424
0.000153613	0.433236
0.000166413	0.41136
0.000179213	0.409926
0.000192013	0.403468
0.000204813	0.389705
0.000230413	0.368328
0.000256013	0.346152
0.000281613	0.331826
0.000307213	0.315745
0.000332813	0.307485
0.000358413	0.291071
0.000384013	0.280691
0.000409613	0.275839
0.000460813	0.266476
0.000512013	0.250203
0.000563213	0.244042
0.000614413	0.235678
0.000665613	0.22412
0.000716813	0.21711
0.000768013	0.204857
0.000819213	0.193247
0.000921613	0.183137
0.00102401	0.171191
0.00112641	0.162311
0.00122881	0.150997
0.00133121	0.139537
0.00143361	0.130766
0.00153601	0.12274
0.00163841	0.120933
0.00184321	0.11009
0.00204801	0.0951641
0.00225281	0.081836
0.00245761	0.075439
0.00266241	0.067264
0.00286721	0.057843
0.00307201	0.0528368
0.00327681	0.0490377
0.00368641	0.0414114
0.00409601	0.0323423
0.00450561	0.0307797
0.00491521	0.030391
0.00532481	0.0253013
0.00573441	0.0207083
0.00614401	0.0192299
0.00655361	0.0190541
0.00737281	0.0198587
0.00819201	0.019868
0.00901121	0.0160538
0.00983041	0.0126522
0.0106496	0.0122808
0.0114688	0.0133255
0.012288	0.00924352
0.0131072	0.00838277
0.0147456	0.0108042
0.016384	0.0159996
0.0180224	0.0178854
0.0196608	0.013328
0.0212992	0.0113283
0.0229376	0.0150742
0.024576	0.0138733
0.0262144	0.0140985
0.0294912	0.00624384
0.032768	0.00953885
0.0360448	0.0103344
0.0393216	0.0134208
0.0425984	0.0172585
0.0458752	0.0115591
0.049152	0.00821656
0.0524288	0.0110478
0.0589824	0.00902764
0.065536	0.00992787
0.0720896	0.00384019
0.0786432	0.00180785
0.0851968	0.00149089
0.0917504	0.000892649
0.098304	0.0011146
0.104858	0.00470544
0.117965	0.00568651
0.131072	0.00436641
0.144179	0.00538695
0.157286	0.00456756
0.170394	0.00176496
0.183501	0.00514954
0.196608	0.00431634
0.209715	0.00398285
0.23593	0.00109046
0.262144	-0.000878248
0.288358	0.00225876
0.314573	-0.00637838
0.340787	-0.00181102
0.367002	-0.00499347
0.393216	0.000766311
0.41943	-0.00315666
0.471859	-0.00189277
0.524288	-0.00208263
0.576717	-0.00131315
0.629146	-0.00557604
0.681574	-0.00632117
0.734003	-0.00692457
0.786432	-0.00892691
0.838861	-0.0123869
0.943718	-0.0174528
1.04858	-0.0179115
1.15343	-0.0230285
1.25829	-0.0234327
1.36315	-0.0243633
1.46801	-0.0251255
1.57286	-0.0248903
1.67772	-0.0251232
1.88744	-0.0310909
2.09715	-0.029668
2.30687	-0.0304008
2.51658	-0.0304168
2.7263	-0.0308331
2.93601	-0.0272026
3.14573	-0.0269301
3.35544	-0.029635
3.77487	-0.0262434
4.1943	-0.0272386
4.61373	-0.0296377
5.03316	-0.0270435
5.4526	-0.0214907
5.87203	-0.0197073
6.29146	-0.0161504
6.71089	-0.018654
7.54975	-0.0171695
8.38861	-0.00223275
9.22747	0.0102001
10.0663	0.0183502
10.9052	0.0168705
11.7441	0.0183097
12.5829	0.0293307

Count Rate History (KHz)  CR CHA / CR CHB
0.000000	20.275116	18.196106
0.052429	30.612946	29.067993
0.104858	40.245056	37.746429
0.157286	39.424896	37.155151
0.209715	22.315979	20.198822
0.262144	27.122498	25.997162
0.314573	27.828217	27.160645
0.367002	26.378632	23.689270
0.419430	21.057129	20.027161
0.471859	28.877258	26.340485
0.524288	24.681091	20.637512
0.576717	23.288727	22.735596
0.629146	39.253235	36.048889
0.681574	35.419464	32.176971
0.734003	28.877258	26.664734
0.786432	29.392242	27.694702
0.838861	41.294098	36.582947
0.891290	36.945343	34.561157
0.943718	22.869110	20.999908
0.996147	26.397705	23.822784
1.048576	37.193298	32.501221
1.101005	23.612976	20.389557
1.153434	23.021698	22.716522
1.205862	31.166077	28.514862
1.258291	26.512146	23.574829
1.310720	18.043518	16.822815
1.363149	21.095276	19.664764
1.415578	27.027130	26.359558
1.468006	25.920868	24.776459
1.520435	20.236969	18.005371
1.572864	24.833679	23.136139
1.625293	21.171570	19.512177
1.677722	27.313232	26.283264
1.730150	33.378601	30.403137
1.782579	24.089813	22.277832
1.835008	20.790100	18.520355
1.887437	21.038055	19.321442
1.939866	17.642975	17.318726
1.992294	22.106171	21.553040
2.044723	22.964478	21.057129
2.097152	21.800995	20.599365
2.149581	28.438568	25.291443
2.202010	27.503967	25.901794
2.254438	20.523071	19.035339
2.306867	22.773743	19.989014
2.359296	24.394989	22.449493
2.411725	19.779205	19.397736
2.464154	19.207001	17.776489
2.516582	24.166107	21.572113
2.569011	18.558502	17.738342
2.621440	26.607513	25.596619
2.673869	17.547607	16.422272
2.726298	18.634796	17.490387
2.778726	19.855499	17.566681
2.831155	22.087097	20.942688
2.883584	17.070770	15.773773
2.936013	18.405914	17.757416
2.988442	19.416809	17.452240
3.040870	24.108887	24.318695
3.093299	25.749207	23.880005
3.145728	21.076202	20.179749
3.198157	23.689270	21.991730
3.250586	22.602081	21.038055
3.303014	22.678375	20.027161
3.355443	23.002625	21.686554
3.407872	25.234222	24.070740
3.460301	24.032593	19.874573
3.512730	17.910004	17.471313
3.565158	20.961761	18.482208
3.617587	20.446777	18.501282
3.670016	18.043518	16.822815
3.722445	17.280579	14.686584
3.774874	24.204254	21.858215
3.827302	20.484924	19.626617
3.879731	24.452209	22.277832
3.932160	20.751953	19.607544
3.984589	22.754669	21.858215
4.037018	25.196075	22.888184
4.089446	23.880005	20.656586
4.141875	17.681122	16.899109
4.194304	21.800995	20.179749
4.246733	22.830963	22.602081
4.299162	24.166107	22.163391
4.351590	20.370483	18.539429
4.404019	20.008087	18.672943
4.456448	25.100708	22.373199
4.508877	22.048950	20.408630
4.561306	30.021667	26.473999
4.613734	28.648376	24.909973
4.666163	20.942688	18.177032
4.718592	19.874573	18.310547
4.771021	20.542145	17.795563
4.823450	23.479462	21.018982
4.875878	21.800995	20.046234
4.928307	22.048950	20.236969
4.980736	17.395020	17.166138
5.033165	23.670197	23.384094
5.085594	20.656586	19.836426
5.138022	22.468567	18.272400
5.190451	19.836426	18.234253
5.242880	16.155243	15.563965
5.295309	21.572113	20.198822
5.347738	16.002655	15.926361
5.400166	19.130707	18.653870
5.452595	18.005371	17.089844
5.505024	24.585724	23.231506
5.557453	17.910004	16.002655
5.609882	26.645660	25.863647
5.662310	21.247864	18.520355
5.714739	22.792816	21.686554
5.767168	22.335052	19.836426
5.819597	20.103455	18.196106
5.872026	21.114349	20.141602
5.924454	24.452209	20.599365
5.976883	23.288727	20.561218
6.029312	20.084381	18.558502
6.081741	21.781921	19.493103
6.134170	20.809174	20.027161
6.186598	19.226074	17.833710
6.239027	25.100708	23.002625
6.291456	22.945404	22.048950
6.343885	22.983551	21.495819
6.396314	21.400452	19.721985
6.448742	24.223328	22.163391
6.501171	19.607544	18.196106
6.553600	25.329590	23.574829
6.606029	17.795563	17.719269
6.658458	19.245148	17.185211
6.710886	19.664764	18.272400
6.763315	25.768280	23.574829
6.815744	19.340515	18.329620
6.868173	24.013519	20.446777
6.920602	19.283295	17.681122
6.973030	25.711060	24.185181
7.025459	21.381378	19.779205
7.077888	20.790100	19.626617
7.130317	23.174286	21.839142
7.182746	15.659332	14.171600
7.235174	25.920868	24.127960
7.287603	20.141602	20.484924
7.340032	26.950836	24.127960
7.392461	18.825531	18.463135
7.444890	24.604797	23.174286
7.497318	21.572113	19.607544
7.549747	22.144318	20.027161
7.602176	21.800995	19.607544
7.654605	19.435883	19.798279
7.707034	21.953583	20.160675
7.759462	20.713806	17.871857
7.811891	19.416809	17.757416
7.864320	18.100739	15.411377
7.916749	24.299622	22.792816
7.969178	22.296906	19.989014
8.021606	19.397736	18.634796
8.074035	22.735596	20.332336
8.126464	23.174286	20.751953
8.178893	20.904541	19.187927
8.231322	21.209717	20.904541
8.283750	22.087097	19.969940
8.336179	18.157959	17.013550
8.388608	26.950836	24.471283
8.441037	19.874573	18.692017
8.493466	19.035339	18.463135
8.545894	18.863678	16.422272
8.598323	16.441345	17.204285
8.650752	25.749207	25.215149
8.703181	21.667480	20.618439
8.755610	20.904541	19.378662
8.808038	17.757416	16.613007
8.860467	21.572113	21.152496
8.912896	20.179749	17.929077
8.965325	23.269653	20.580292
9.017754	24.166107	20.542145
9.070182	20.675659	20.122528
9.122611	22.373199	21.038055
9.175040	25.959015	24.452209
9.227469	18.405914	16.765594
9.279898	21.991730	20.446777
9.332326	22.640228	22.277832
9.384755	23.670197	21.114349
9.437184	26.931763	25.119781
9.489613	24.509430	21.324158
9.542042	21.381378	20.332336
9.594470	18.234253	18.520355
9.646899	22.144318	21.610260
9.699328	20.275116	19.550323
9.751757	26.130676	23.880005
9.804186	17.871857	17.910004
9.856614	20.008087	20.084381
9.909043	27.236938	25.024414
9.961472	22.811890	21.209717
10.013901	22.125244	20.008087
10.066330	25.482178	23.441315
10.118758	25.844574	24.337769
10.171187	17.242432	15.258789
10.223616	24.318695	21.209717
10.276045	20.351410	18.005371
10.328474	27.465820	24.547577
10.380902	19.416809	18.405914
10.433331	25.939941	25.825500
10.485760	23.078918	20.084381
10.538189	22.678375	20.942688
10.590618	22.888184	23.517609
10.643046	28.133392	26.988983
10.695475	22.335052	22.335052
10.747904	22.068024	19.874573
10.800333	24.719238	22.258759
10.852762	22.487640	21.266937
10.905190	23.441315	20.198822
10.957619	27.961731	26.512146
11.010048	23.441315	19.588470
11.062477	24.089813	22.754669
11.114906	28.476715	26.969910
11.167334	21.781921	20.332336
11.219763	23.117065	21.648407
11.272192	26.149750	22.335052
11.324621	19.245148	18.424988
11.377050	26.016235	23.365021
11.429478	22.830963	19.531250
11.481907	21.400452	19.664764
11.534336	20.484924	20.523071
11.586765	27.980804	24.566650
11.639194	21.324158	19.531250
11.691622	21.190643	20.027161
11.744051	18.348694	17.375946
11.796480	22.850037	22.258759
11.848909	22.068024	19.912720
11.901338	20.008087	17.547607
11.953766	23.460388	20.980835
12.006195	25.978088	24.833679
12.058624	23.803711	23.498535
12.111053	19.969940	18.959045
12.163482	19.168854	17.910004
12.215910	28.629303	24.681091
12.268339	33.454895	31.490326
12.320768	26.550293	25.100708
12.373197	20.313263	18.653870
12.425626	20.103455	18.768311
12.478054	22.811890	21.057129
12.530483	21.305084	20.675659
12.582912	20.484924	18.424988
12.635341	21.972656	20.885468
12.687770	28.972626	26.721954
12.740198	23.212433	20.904541
12.792627	25.196075	23.899078
12.845056	21.209717	19.264221
12.897485	18.806458	18.997192
12.949914	32.539368	29.602051
13.002342	24.871826	24.356842
13.054771	24.394989	21.286011
13.107200	21.839142	20.294189
13.159629	22.106171	19.626617
13.212058	28.457642	28.247833
13.264486	18.615723	18.749237
13.316915	21.247864	18.997192
13.369344	22.850037	20.656586
13.421773	21.381378	20.599365
13.474202	25.367737	23.670197
13.526630	23.918152	23.345947
13.579059	32.939911	31.509399
13.631488	18.558502	17.299652
13.683917	21.114349	20.599365
13.736346	23.632050	23.345947
13.788774	26.454926	24.700165
13.841203	31.337738	29.201508
13.893632	24.127960	22.201538
13.946061	26.779175	25.215149
13.998490	34.847260	31.986237
14.050918	25.196075	22.811890
14.103347	22.773743	21.877289
