3/3/2026	11:46 AM
Pseudo Cross Correlation
Scattering angle:	20.01
Duration (s):	15
Wavelength (nm):	660.0
Refractive index:	1.330
Viscosity (mPas):	1.002
Temperature (K):	293.2
Laser intensity (mW):	84.000000
Average Count rate  A (kHz):	258.4
Average Count rate  B (kHz):	236.8
Intercept:	1.2337
Cumulant 1st	6512.8658
Cumulant 2nd	3413.9240	3124.6739
Cumulant 3rd	1840.5839	2126.8908

Lag time (s)         g2-1
1.25E-08	1.30562
2.5E-08	1.27306
3.75E-08	1.30752
5E-08	1.31205
6.25E-08	1.30353
7.5E-08	1.28149
8.75E-08	1.27696
1E-07	1.28421
1.125E-07	1.27895
1.25E-07	1.31632
1.375E-07	1.29963
1.5E-07	1.29909
1.625E-07	1.28113
1.75E-07	1.2707
1.875E-07	1.2775
2E-07	1.27279
2.125E-07	1.29437
2.375E-07	1.27406
2.625E-07	1.30725
2.875E-07	1.29174
3.125E-07	1.28988
3.375E-07	1.28022
3.625E-07	1.28013
3.875E-07	1.29886
4.125E-07	1.296
4.625E-07	1.30346
5.125E-07	1.2868
5.625E-07	1.29521
6.125E-07	1.28317
6.625E-07	1.28435
7.125E-07	1.29346
7.625E-07	1.29009
8.125E-07	1.28858
9.125E-07	1.29681
1.0125E-06	1.29196
1.1125E-06	1.28256
1.2125E-06	1.28896
1.3125E-06	1.28759
1.4125E-06	1.2944
1.5125E-06	1.29273
1.6125E-06	1.29167
1.8125E-06	1.2908
2.0125E-06	1.28744
2.2125E-06	1.29175
2.4125E-06	1.28869
2.6125E-06	1.29009
2.8125E-06	1.28526
3.0125E-06	1.2901
3.2125E-06	1.28982
3.6125E-06	1.29152
4.0125E-06	1.28533
4.4125E-06	1.29235
4.8125E-06	1.2916
5.2125E-06	1.29029
5.6125E-06	1.28841
6.0125E-06	1.29136
6.4125E-06	1.29002
7.2125E-06	1.29275
8.0125E-06	1.28927
8.8125E-06	1.28689
9.6125E-06	1.28732
1.04125E-05	1.29038
1.12125E-05	1.29085
1.20125E-05	1.29025
1.28125E-05	1.28606
1.44125E-05	1.289
1.60125E-05	1.286
1.76125E-05	1.28679
1.92125E-05	1.28498
2.08125E-05	1.28763
2.24125E-05	1.28674
2.40125E-05	1.28858
2.56125E-05	1.28737
2.88125E-05	1.28516
3.20125E-05	1.28637
3.52125E-05	1.28404
3.84125E-05	1.28507
4.16125E-05	1.28517
4.48125E-05	1.28403
4.80125E-05	1.2838
5.12125E-05	1.28325
5.76125E-05	1.28294
6.40125E-05	1.28116
7.04125E-05	1.27998
7.68125E-05	1.28037
8.32125E-05	1.27956
8.96125E-05	1.28003
9.60125E-05	1.27661
0.000102413	1.27699
0.000115213	1.2762
0.000128013	1.27434
0.000140813	1.27327
0.000153613	1.2714
0.000166413	1.27093
0.000179213	1.26926
0.000192013	1.26843
0.000204813	1.2672
0.000230413	1.26396
0.000256013	1.2617
0.000281613	1.25896
0.000307213	1.25675
0.000332813	1.25435
0.000358413	1.25194
0.000384013	1.24976
0.000409613	1.2482
0.000460813	1.24362
0.000512013	1.23955
0.000563213	1.2358
0.000614413	1.23201
0.000665613	1.22836
0.000716813	1.22434
0.000768013	1.2209
0.000819213	1.21751
0.000921613	1.21122
0.00102401	1.20524
0.00112641	1.19981
0.00122881	1.1948
0.00133121	1.18951
0.00143361	1.18454
0.00153601	1.18014
0.00163841	1.17597
0.00184321	1.1682
0.00204801	1.1613
0.00225281	1.15483
0.00245761	1.14948
0.00266241	1.14438
0.00286721	1.14022
0.00307201	1.13594
0.00327681	1.1317
0.00368641	1.12346
0.00409601	1.11756
0.00450561	1.11168
0.00491521	1.10562
0.00532481	1.09958
0.00573441	1.09363
0.00614401	1.08777
0.00655361	1.08209
0.00737281	1.07065
0.00819201	1.06159
0.00901121	1.05362
0.00983041	1.04561
0.0106496	1.03645
0.0114688	1.0271
0.012288	1.01734
0.0131072	1.00861
0.0147456	0.993268
0.016384	0.977522
0.0180224	0.961309
0.0196608	0.946275
0.0212992	0.935394
0.0229376	0.924112
0.024576	0.913984
0.0262144	0.90659
0.0294912	0.890196
0.032768	0.87137
0.0360448	0.858877
0.0393216	0.853835
0.0425984	0.846987
0.0458752	0.841825
0.049152	0.841379
0.0524288	0.836995
0.0589824	0.829179
0.065536	0.818802
0.0720896	0.813074
0.0786432	0.806849
0.0851968	0.79846
0.0917504	0.79344
0.098304	0.783957
0.104858	0.762728
0.117965	0.728337
0.131072	0.712272
0.144179	0.717748
0.157286	0.704687
0.170394	0.677694
0.183501	0.649388
0.196608	0.627469
0.209715	0.613981
0.23593	0.627954
0.262144	0.643883
0.288358	0.646291
0.314573	0.649909
0.340787	0.66247
0.367002	0.692326
0.393216	0.683723
0.41943	0.712235
0.471859	0.67579
0.524288	0.651896
0.576717	0.668353
0.629146	0.651951
0.681574	0.649396
0.734003	0.640968
0.786432	0.63442
0.838861	0.634417
0.943718	0.548485
1.04858	0.511046
1.15343	0.534392
1.25829	0.575017
1.36315	0.545062
1.46801	0.47447
1.57286	0.441086
1.67772	0.397637
1.88744	0.37456
2.09715	0.410964
2.30687	0.447091
2.51658	0.4272
2.7263	0.523102
2.93601	0.550127
3.14573	0.636985
3.35544	0.608022
3.77487	0.614411
4.1943	0.56975
4.61373	0.582999
5.03316	0.515969
5.4526	0.457445
5.87203	0.538473
6.29146	0.561066
6.71089	0.641432
7.54975	0.82146
8.38861	0.884617
9.22747	0.957592
10.0663	1.12204
10.9052	1.2892
11.7441	1.60375
12.5829	2.08449

Count Rate History (KHz)  CR CHA / CR CHB
0.000000	118.980408	106.735229
0.052429	46.730042	43.945313
0.104858	47.416687	43.830872
0.157286	32.367706	30.803680
0.209715	36.506653	34.408569
0.262144	56.152344	52.433014
0.314573	49.190521	43.716431
0.367002	130.062103	117.092133
0.419430	123.577118	111.656189
0.471859	73.280334	69.618225
0.524288	60.462952	53.653717
0.576717	116.176605	108.699799
0.629146	52.528381	50.010681
0.681574	46.558380	42.972565
0.734003	89.912415	81.005096
0.786432	71.239471	66.204071
0.838861	185.470581	170.841217
0.891290	128.097534	115.776062
0.943718	48.828125	47.111511
0.996147	53.863525	48.770905
1.048576	56.571960	51.898956
1.101005	50.106049	47.721863
1.153434	86.765289	79.040527
1.205862	104.160309	93.688965
1.258291	86.879730	80.490112
1.310720	51.651001	48.255920
1.363149	57.830811	56.266785
1.415578	47.550201	44.002533
1.468006	198.383331	177.783966
1.520435	51.250458	48.770905
1.572864	87.223053	81.806183
1.625293	65.517426	60.997009
1.677722	94.223022	84.896088
1.730150	62.541962	56.209564
1.782579	105.953217	97.541809
1.835008	85.086823	77.304840
1.887437	106.697083	99.163055
1.939866	137.042999	124.473572
1.992294	125.637054	118.560791
2.044723	60.539246	54.512024
2.097152	34.370422	31.757355
2.149581	89.893341	85.182190
2.202010	149.269104	137.825012
2.254438	65.555573	61.435699
2.306867	163.364410	156.688690
2.359296	83.847046	77.095032
2.411725	78.125000	68.397522
2.464154	144.519806	130.634308
2.516582	58.021545	53.615570
2.569011	65.288544	59.280396
2.621440	146.579742	135.288239
2.673869	60.939789	56.152344
2.726298	64.640045	60.520172
2.778726	55.217743	50.983429
2.831155	117.988586	108.489990
2.883584	68.950653	64.506531
2.936013	71.029663	65.803528
2.988442	126.380920	113.716125
3.040870	69.732666	65.193176
3.093299	119.991302	113.258362
3.145728	113.677979	105.285645
3.198157	344.676971	318.164825
3.250586	281.848907	260.505676
3.303014	206.050873	187.263489
3.355443	74.443817	68.645477
3.407872	75.416565	73.165894
3.460301	145.988464	135.211945
3.512730	49.190521	47.168732
3.565158	51.040649	47.912598
3.617587	71.620941	68.244934
3.670016	57.106018	53.253174
3.722445	126.171112	117.797852
3.774874	54.836273	53.215027
3.827302	87.928772	81.424713
3.879731	160.675049	149.002075
3.932160	173.282623	158.443451
3.984589	303.401947	283.985138
4.037018	142.803192	135.765076
4.089446	80.261230	74.787140
4.141875	71.754456	65.307617
4.194304	163.860321	148.944855
4.246733	198.516846	181.522369
4.299162	142.078400	130.825043
4.351590	86.917877	80.871582
4.404019	98.819733	90.389252
4.456448	108.070374	98.152161
4.508877	116.901398	107.021332
4.561306	124.111176	116.519928
4.613734	159.626007	148.563385
4.666163	95.653534	87.833405
4.718592	194.110870	179.233551
4.771021	138.969421	122.795105
4.823450	95.672607	89.054108
4.875878	205.097198	190.372467
4.928307	57.144165	53.501129
4.980736	75.244904	71.239471
5.033165	75.035095	70.438385
5.085594	85.773468	78.353882
5.138022	89.435577	82.931519
5.190451	92.411041	84.285736
5.242880	122.337341	115.127563
5.295309	582.027435	534.229279
5.347738	217.838287	199.165344
5.400166	195.102692	178.241730
5.452595	38.394928	34.828186
5.505024	121.097565	110.816956
5.557453	280.227661	254.325867
5.609882	283.565521	262.565613
5.662310	93.421936	85.601807
5.714739	105.609894	95.481873
5.767168	87.146759	81.939697
5.819597	67.138672	61.454773
5.872026	139.503479	129.528046
5.924454	437.107086	394.706726
5.976883	237.941742	216.693878
6.029312	118.522644	109.539032
6.081741	234.851837	217.361450
6.134170	180.473328	164.527893
6.186598	238.571167	218.276978
6.239027	121.002197	110.778809
6.291456	112.552643	106.277466
6.343885	90.427399	84.400177
6.396314	47.588348	44.975281
6.448742	307.445526	280.246735
6.501171	136.203766	125.312805
6.553600	160.961151	145.988464
6.606029	82.130432	77.171326
6.658458	127.162933	116.920471
6.710886	80.299377	71.735382
6.763315	185.508728	169.982910
6.815744	135.345459	124.855042
6.868173	193.157196	179.595947
6.920602	239.620209	220.737457
6.973030	212.974548	194.568634
7.025459	264.873505	242.538452
7.077888	93.288422	84.457397
7.130317	71.678162	65.155029
7.182746	68.073273	59.795380
7.235174	46.787262	43.964386
7.287603	142.192841	133.419037
7.340032	47.225952	42.705536
7.392461	78.220367	72.288513
7.444890	138.549805	126.037598
7.497318	107.517242	98.800659
7.549747	66.051483	61.130524
7.602176	73.566437	70.762634
7.654605	94.203949	88.634491
7.707034	194.759369	175.838470
7.759462	263.233185	237.121582
7.811891	457.878113	415.878296
7.864320	257.873535	241.336823
7.916749	161.304474	145.721436
7.969178	94.451904	87.318420
8.021606	173.339844	158.634186
8.074035	155.181885	145.378113
8.126464	82.607269	78.678131
8.178893	107.784271	98.304749
8.231322	215.644836	196.762085
8.283750	242.862701	223.712921
8.336179	176.563263	162.811279
8.388608	116.386414	110.893250
8.441037	77.877045	72.860718
8.493466	73.623657	69.179535
8.545894	64.697266	56.381226
8.598323	78.792572	72.555542
8.650752	199.832916	185.604095
8.703181	297.756195	272.922516
8.755610	77.075958	73.509216
8.808038	95.539093	85.926056
8.860467	191.955566	179.958344
8.912896	265.865326	246.810913
8.965325	137.290955	124.626160
9.017754	207.939148	190.162659
9.070182	511.188507	467.586517
9.122611	423.393250	388.755798
9.175040	518.016815	471.954346
9.227469	296.936035	273.494720
9.279898	543.956757	494.918823
9.332326	514.888763	471.096039
9.384755	232.677460	216.884613
9.437184	254.344940	231.914520
9.489613	281.581879	252.876282
9.542042	114.841461	105.915070
9.594470	262.527466	241.336823
9.646899	318.679810	300.350189
9.699328	316.619873	293.331146
9.751757	579.566956	530.433655
9.804186	486.946106	441.589355
9.856614	447.273254	412.292480
9.909043	255.794525	233.688354
9.961472	148.086548	136.871338
10.013901	75.378418	72.002411
10.066330	47.950745	43.945313
10.118758	318.279266	290.508270
10.171187	277.938843	253.105164
10.223616	482.788086	439.624786
10.276045	351.505280	320.587158
10.328474	245.761871	224.380493
10.380902	93.078613	86.479187
10.433331	158.252716	143.051147
10.485760	350.894928	319.862366
10.538189	622.806549	565.414429
10.590618	581.436157	529.994965
10.643046	487.976074	449.409485
10.695475	532.588959	486.907959
10.747904	531.005859	481.643677
10.800333	468.826294	429.153442
10.852762	418.186188	386.581421
10.905190	716.819763	654.945374
10.957619	212.764740	192.432404
11.010048	180.950165	164.070129
11.062477	193.519592	185.546875
11.114906	181.083679	168.266296
11.167334	257.759094	229.854584
11.219763	106.315613	100.250244
11.272192	199.642181	181.255341
11.324621	120.258331	109.024048
11.377050	259.876251	239.353180
11.429478	103.893280	95.252991
11.481907	222.721100	200.328827
11.534336	250.091553	229.339600
11.586765	229.549408	210.971832
11.639194	328.044891	296.039581
11.691622	170.459747	155.067444
11.744051	267.353058	245.170593
11.796480	60.691833	54.683685
11.848909	64.907074	57.411194
11.901338	165.767670	149.326324
11.953766	347.938538	313.415527
12.006195	322.284698	297.908783
12.058624	397.663116	372.638702
12.111053	348.567963	318.565369
12.163482	317.821503	288.467407
12.215910	406.265259	373.649597
12.268339	572.223663	521.564484
12.320768	213.947296	199.432373
12.373197	526.084900	473.003387
12.425626	418.167114	382.232666
12.478054	349.826813	318.908691
12.530483	807.361603	735.054016
12.582912	580.558777	536.956787
12.635341	483.188629	438.022614
12.687770	562.076569	510.826111
12.740198	393.638611	358.676910
12.792627	887.279510	805.206299
12.845056	1309.185028	1200.675964
12.897485	1150.760651	1060.905457
12.949914	1289.253235	1182.403564
13.002342	1026.992798	944.118500
13.054771	786.361694	720.272064
13.107200	433.216095	398.006439
13.159629	527.133942	482.807159
13.212058	948.886871	864.009857
13.264486	927.658081	840.854645
13.316915	619.468689	561.237335
13.369344	798.778534	734.786987
13.421773	472.831726	430.507660
13.474202	535.717010	489.406586
13.526630	803.375244	738.563538
13.579059	956.401825	878.791809
13.631488	1063.842773	971.145630
13.683917	1148.490906	1050.949097
13.736346	797.805786	733.013153
13.788774	731.449127	675.029755
13.841203	706.615448	645.046234
13.893632	283.851624	256.977081
13.946061	496.597290	460.243225
13.998490	547.275543	505.199432
14.050918	668.983459	605.907440
14.103347	1031.112671	940.303802
14.155776	852.527618	770.359039
14.208205	1284.351349	1166.591644
14.260634	1150.932312	1065.177917
14.313062	419.311523	382.537842
14.365491	527.877808	484.333038
