3/3/2026	12:5 PM
Pseudo Cross Correlation
Scattering angle:	55.99
Duration (s):	15
Wavelength (nm):	660.0
Refractive index:	1.330
Viscosity (mPas):	0.999
Temperature (K):	293.2
Laser intensity (mW):	84.000000
Average Count rate  A (kHz):	31.0
Average Count rate  B (kHz):	28.7
Intercept:	0.7629
Cumulant 1st	38.6462
Cumulant 2nd	24.7485	23.8344
Cumulant 3rd	19.0197	24.1195

Lag time (s)         g2-1
1.25E-08	0.793047
2.5E-08	0.799405
3.75E-08	0.843913
5E-08	0.74218
6.25E-08	1.0601
7.5E-08	0.691314
8.75E-08	0.716747
1E-07	0.78033
1.125E-07	0.824838
1.25E-07	0.646805
1.375E-07	0.754897
1.5E-07	0.684955
1.625E-07	0.773972
1.75E-07	0.824838
1.875E-07	0.786688
2E-07	0.913855
2.125E-07	0.735822
2.375E-07	0.672239
2.625E-07	0.745359
2.875E-07	0.710389
3.125E-07	0.608655
3.375E-07	0.745359
3.625E-07	0.796226
3.875E-07	0.831197
4.125E-07	0.810532
4.625E-07	0.788278
5.125E-07	0.840734
5.625E-07	0.661112
6.125E-07	0.731053
6.625E-07	0.735822
7.125E-07	0.719926
7.625E-07	0.672239
8.125E-07	0.754897
9.125E-07	0.822454
1.0125E-06	0.696877
1.1125E-06	0.829607
1.2125E-06	0.814506
1.3125E-06	0.769998
1.4125E-06	0.777151
1.5125E-06	0.714363
1.6125E-06	0.786688
1.8125E-06	0.761653
2.0125E-06	0.757281
2.2125E-06	0.731848
2.4125E-06	0.787483
2.6125E-06	0.789073
2.8125E-06	0.768806
3.0125E-06	0.732245
3.2125E-06	0.745161
3.6125E-06	0.741385
4.0125E-06	0.761851
4.4125E-06	0.777946
4.8125E-06	0.707209
5.2125E-06	0.771389
5.6125E-06	0.732245
6.0125E-06	0.71317
6.4125E-06	0.758871
7.2125E-06	0.728867
8.0125E-06	0.743869
8.8125E-06	0.751519
9.6125E-06	0.718734
1.04125E-05	0.705421
1.12125E-05	0.735524
1.20125E-05	0.753407
1.28125E-05	0.742379
1.44125E-05	0.732543
1.60125E-05	0.724595
1.76125E-05	0.716647
1.92125E-05	0.698516
2.08125E-05	0.716449
2.24125E-05	0.713866
2.40125E-05	0.698715
2.56125E-05	0.694691
2.88125E-05	0.682645
3.20125E-05	0.679739
3.52125E-05	0.683042
3.84125E-05	0.668264
4.16125E-05	0.672391
4.48125E-05	0.658805
4.80125E-05	0.644673
5.12125E-05	0.640292
5.76125E-05	0.638777
6.40125E-05	0.624744
7.04125E-05	0.619367
7.68125E-05	0.596492
8.32125E-05	0.591971
8.96125E-05	0.586631
9.60125E-05	0.577839
0.000102413	0.567729
0.000115213	0.546245
0.000128013	0.536043
0.000140813	0.524618
0.000153613	0.508393
0.000166413	0.495813
0.000179213	0.482289
0.000192013	0.471733
0.000204813	0.465684
0.000230413	0.449301
0.000256013	0.439614
0.000281613	0.422259
0.000307213	0.408285
0.000332813	0.400508
0.000358413	0.390915
0.000384013	0.381477
0.000409613	0.373247
0.000460813	0.357516
0.000512013	0.347981
0.000563213	0.334481
0.000614413	0.327112
0.000665613	0.314845
0.000716813	0.309188
0.000768013	0.302575
0.000819213	0.294061
0.000921613	0.281028
0.00102401	0.265948
0.00112641	0.251525
0.00122881	0.238823
0.00133121	0.229652
0.00143361	0.220266
0.00153601	0.210184
0.00163841	0.201244
0.00184321	0.182047
0.00204801	0.167214
0.00225281	0.155929
0.00245761	0.144715
0.00266241	0.138171
0.00286721	0.129446
0.00307201	0.121079
0.00327681	0.114546
0.00368641	0.101575
0.00409601	0.0892018
0.00450561	0.0805752
0.00491521	0.0763253
0.00532481	0.07265
0.00573441	0.065766
0.00614401	0.0624372
0.00655361	0.0580529
0.00737281	0.0498659
0.00819201	0.0467898
0.00901121	0.0466765
0.00983041	0.0415706
0.0106496	0.0347214
0.0114688	0.0319429
0.012288	0.0290213
0.0131072	0.029104
0.0147456	0.0275623
0.016384	0.030815
0.0180224	0.0345325
0.0196608	0.0302561
0.0212992	0.0261181
0.0229376	0.0215173
0.024576	0.0195626
0.0262144	0.0224671
0.0294912	0.0198245
0.032768	0.0154635
0.0360448	0.0211631
0.0393216	0.0196855
0.0425984	0.0184711
0.0458752	0.0180224
0.049152	0.0201449
0.0524288	0.0233859
0.0589824	0.0201339
0.065536	0.0110603
0.0720896	0.0137066
0.0786432	0.01404
0.0851968	0.0194033
0.0917504	0.0220204
0.098304	0.0118934
0.104858	0.0186427
0.117965	0.0200833
0.131072	0.0154662
0.144179	0.0177981
0.157286	0.0179216
0.170394	0.0154802
0.183501	0.00643622
0.196608	0.0158882
0.209715	0.0140683
0.23593	0.0172794
0.262144	0.0160905
0.288358	0.0141085
0.314573	0.0152929
0.340787	0.0178262
0.367002	0.0139836
0.393216	0.0181329
0.41943	0.0129458
0.471859	0.0167527
0.524288	0.0155034
0.576717	0.019752
0.629146	0.0179161
0.681574	0.0185338
0.734003	0.0206772
0.786432	0.0222436
0.838861	0.0237602
0.943718	0.021775
1.04858	0.0227029
1.15343	0.0226364
1.25829	0.0174436
1.36315	0.0244617
1.46801	0.0274374
1.57286	0.0348165
1.67772	0.0303268
1.88744	0.0307317
2.09715	0.0290133
2.30687	0.0347744
2.51658	0.0337094
2.7263	0.0332796
2.93601	0.0312036
3.14573	0.0296965
3.35544	0.0299214
3.77487	0.026163
4.1943	0.0276747
4.61373	0.0233013
5.03316	0.0202199
5.4526	-1.18344E-05
5.87203	-0.000549095
6.29146	-0.0101183
6.71089	-0.0170106
7.54975	-0.0200518
8.38861	-0.0311442
9.22747	-0.0415836
10.0663	-0.0435469
10.9052	-0.0388876
11.7441	-0.0052733
12.5829	-0.00801431

Count Rate History (KHz)  CR CHA / CR CHB
0.000000	18.806458	16.613007
0.052429	18.081665	15.449524
0.104858	21.839142	21.553040
0.157286	21.190643	19.798279
0.209715	31.776428	27.179718
0.262144	29.563904	25.711060
0.314573	21.114349	19.340515
0.367002	24.452209	23.136139
0.419430	32.653809	29.640198
0.471859	28.114319	25.539398
0.524288	25.558472	24.719238
0.576717	21.705627	21.190643
0.629146	23.136139	21.305084
0.681574	20.809174	20.256042
0.734003	21.057129	21.133423
0.786432	17.032623	14.781952
0.838861	21.457672	19.664764
0.891290	33.531189	32.215118
0.943718	33.721924	32.196045
0.996147	23.193359	21.686554
1.048576	22.792816	20.008087
1.101005	33.779144	31.261444
1.153434	28.972626	26.473999
1.205862	26.874542	23.384094
1.258291	23.345947	20.599365
1.310720	26.035309	24.261475
1.363149	23.326874	20.732880
1.415578	24.185181	21.190643
1.468006	23.307800	21.305084
1.520435	26.798248	24.967194
1.572864	28.076172	25.424957
1.625293	28.305054	26.874542
1.677722	23.212433	20.256042
1.730150	30.536652	28.343201
1.782579	19.512177	18.730164
1.835008	27.313232	23.784637
1.887437	26.569366	24.414063
1.939866	30.803680	28.018951
1.992294	31.147003	27.732849
2.044723	29.678345	27.618408
2.097152	22.029877	20.503998
2.149581	31.795502	28.533936
2.202010	33.950806	33.168793
2.254438	29.106140	26.531219
2.306867	34.866333	33.111572
2.359296	33.302307	32.157898
2.411725	21.991730	22.659302
2.464154	24.185181	22.010803
2.516582	25.119781	23.689270
2.569011	23.918152	22.144318
2.621440	31.604767	29.087067
2.673869	30.288696	29.335022
2.726298	32.291412	30.574799
2.778726	36.640167	35.648346
2.831155	26.855469	26.493073
2.883584	30.708313	28.820038
2.936013	45.928955	44.021606
2.988442	35.572052	34.656525
3.040870	31.948090	28.572083
3.093299	25.806427	24.013519
3.145728	34.961700	33.245087
3.198157	32.119751	29.067993
3.250586	45.719147	41.599274
3.303014	28.820038	25.901794
3.355443	29.487610	26.283264
3.407872	27.408600	24.871826
3.460301	21.038055	19.931793
3.512730	34.809113	31.490326
3.565158	31.986237	31.394958
3.617587	44.765472	42.419434
3.670016	27.008057	24.223328
3.722445	36.315918	33.302307
3.774874	38.108826	35.991669
3.827302	47.092438	43.220520
3.879731	26.798248	25.043488
3.932160	29.716492	26.988983
3.984589	26.893616	25.272369
4.037018	24.604797	23.460388
4.089446	29.506683	26.969910
4.141875	30.174255	28.648376
4.194304	27.484894	25.043488
4.246733	25.291443	25.100708
4.299162	31.833649	30.364990
4.351590	34.656525	31.986237
4.404019	37.841797	34.008026
4.456448	28.457642	26.226044
4.508877	43.582916	39.844513
4.561306	37.136078	31.814575
4.613734	24.719238	22.544861
4.666163	40.092468	37.326813
4.718592	34.408569	30.784607
4.771021	46.195984	42.762756
4.823450	54.264069	48.179626
4.875878	30.117035	30.250549
4.928307	25.959015	24.337769
4.980736	28.018951	27.198792
5.033165	41.637421	40.931702
5.085594	39.520264	35.762787
5.138022	48.065186	43.334961
5.190451	52.471161	48.542023
5.242880	40.836334	37.899017
5.295309	48.866272	45.528412
5.347738	35.591125	33.435822
5.400166	47.035217	42.781830
5.452595	29.964447	27.141571
5.505024	29.106140	27.694702
5.557453	28.610229	25.367737
5.609882	38.051605	35.705566
5.662310	45.642853	40.988922
5.714739	37.555695	34.351349
5.767168	29.373169	28.362274
5.819597	28.438568	28.133392
5.872026	33.416748	31.166077
5.924454	29.258728	28.228760
5.976883	26.969910	25.939941
6.029312	31.337738	29.640198
6.081741	42.667389	42.247772
6.134170	32.444000	28.858185
6.186598	34.046173	32.634735
6.239027	37.956238	35.705566
6.291456	29.640198	28.705597
6.343885	36.258698	34.904480
6.396314	34.885406	32.730103
6.448742	26.550293	25.386810
6.501171	29.449463	26.664734
6.553600	22.716522	20.389557
6.606029	23.365021	22.354126
6.658458	32.291412	29.430389
6.710886	20.084381	20.294189
6.763315	31.089783	28.686523
6.815744	35.705566	33.588409
6.868173	53.062439	49.953461
6.920602	20.599365	19.054413
6.973030	27.542114	25.043488
7.025459	26.435852	25.138855
7.077888	34.980774	32.253265
7.130317	26.702881	23.975372
7.182746	27.770996	26.626587
7.235174	34.179688	31.795502
7.287603	30.727386	28.858185
7.340032	31.013489	31.166077
7.392461	28.953552	27.084351
7.444890	32.615662	31.166077
7.497318	28.781891	23.174286
7.549747	37.059784	33.454895
7.602176	50.010681	44.364929
7.654605	32.501221	29.201508
7.707034	40.550232	37.040710
7.759462	25.272369	23.212433
7.811891	39.348602	36.659241
7.864320	35.896301	33.531189
7.916749	28.095245	24.623871
7.969178	41.809082	37.899017
8.021606	33.531189	30.498505
8.074035	25.024414	23.479462
8.126464	25.825500	21.095276
8.178893	33.512115	31.375885
8.231322	25.997162	23.021698
8.283750	25.997162	21.572113
8.336179	30.937195	26.531219
8.388608	28.514862	26.302338
8.441037	38.642883	36.525726
8.493466	32.978058	29.907227
8.545894	38.280487	37.078857
8.598323	30.059814	27.503967
8.650752	24.909973	24.185181
8.703181	33.149719	30.117035
8.755610	44.574738	40.531158
8.808038	30.498505	26.531219
8.860467	25.901794	24.032593
8.912896	26.073456	25.539398
8.965325	21.476746	20.351410
9.017754	37.670135	34.465790
9.070182	30.441284	27.446747
9.122611	40.512085	38.852692
9.175040	24.337769	25.234222
9.227469	23.498535	21.419525
9.279898	29.907227	28.667450
9.332326	32.215118	30.479431
9.384755	39.806366	34.484863
9.437184	37.403107	35.991669
9.489613	23.536682	22.392273
9.542042	30.593872	28.457642
9.594470	22.697449	20.313263
9.646899	29.964447	29.354095
9.699328	26.359558	23.021698
9.751757	25.634766	23.899078
9.804186	26.607513	25.463104
9.856614	28.133392	27.637482
9.909043	42.171478	37.708282
9.961472	27.160645	25.005341
10.013901	26.035309	24.433136
10.066330	23.593903	22.315979
10.118758	39.596558	37.956238
10.171187	29.048920	27.503967
10.223616	28.457642	27.828217
10.276045	37.441254	31.929016
10.328474	40.416718	37.460327
10.380902	23.250580	21.800995
10.433331	26.664734	23.899078
10.485760	19.245148	17.623901
10.538189	24.929047	23.689270
10.590618	27.179718	26.130676
10.643046	30.364990	28.743744
10.695475	30.765533	26.950836
10.747904	24.414063	23.498535
10.800333	25.997162	23.441315
10.852762	27.675629	26.035309
10.905190	30.364990	28.114319
10.957619	44.765472	40.740967
11.010048	22.754669	20.618439
11.062477	23.155212	19.454956
11.114906	24.166107	22.850037
11.167334	26.702881	24.051666
11.219763	21.076202	21.934509
11.272192	23.632050	24.337769
11.324621	34.236908	31.814575
11.377050	29.487610	26.531219
11.429478	36.697388	34.389496
11.481907	17.967224	19.054413
11.534336	25.234222	22.659302
11.586765	19.779205	19.931793
11.639194	29.010773	26.493073
11.691622	19.626617	16.899109
11.744051	31.604767	29.506683
11.796480	33.302307	31.509399
11.848909	22.888184	20.999908
11.901338	35.057068	32.348633
11.953766	29.487610	26.416779
12.006195	40.760040	37.364960
12.058624	32.043457	29.029846
12.111053	20.713806	19.874573
12.163482	32.825470	31.166077
12.215910	20.637512	19.340515
12.268339	31.986237	30.078888
12.320768	36.869049	31.909943
12.373197	21.343231	20.561218
12.425626	32.939911	28.953552
12.478054	34.618378	33.054352
12.530483	30.937195	29.983521
12.582912	21.896362	21.076202
12.635341	24.700165	22.296906
12.687770	27.828217	26.702881
12.740198	40.493011	36.029816
12.792627	32.386780	30.078888
12.845056	40.302277	37.040710
12.897485	24.318695	21.400452
12.949914	29.945374	26.512146
13.002342	22.888184	21.305084
13.054771	31.871796	30.918121
13.107200	27.408600	22.830963
13.159629	30.765533	28.114319
13.212058	34.008026	31.337738
13.264486	28.057098	24.604797
13.316915	41.561127	40.340424
13.369344	30.956268	28.858185
13.421773	28.762817	27.408600
13.474202	33.245087	29.888153
13.526630	53.005219	46.730042
13.579059	51.021576	47.283173
13.631488	41.618347	41.294098
13.683917	56.362152	53.615570
13.736346	42.438507	37.918091
13.788774	35.266876	29.544830
13.841203	46.062469	42.247772
13.893632	45.547485	42.247772
13.946061	27.389526	25.310516
13.998490	23.403168	20.885468
14.050918	27.389526	23.536682
14.103347	32.672882	30.326843
