3/3/2026	12:19 PM
Pseudo Cross Correlation
Scattering angle:	85.00
Duration (s):	15
Wavelength (nm):	660.0
Refractive index:	1.330
Viscosity (mPas):	0.999
Temperature (K):	293.2
Laser intensity (mW):	84.000000
Average Count rate  A (kHz):	20.2
Average Count rate  B (kHz):	18.7
Intercept:	0.7636
Cumulant 1st	25.6598
Cumulant 2nd	17.0918	15.8333
Cumulant 3rd	14.2730	17.0823

Lag time (s)         g2-1
1.25E-08	0.732615
2.5E-08	0.879446
3.75E-08	0.732615
5E-08	0.717932
6.25E-08	0.996912
7.5E-08	0.776664
8.75E-08	0.732615
1E-07	0.673882
1.125E-07	0.394902
1.25E-07	0.703248
1.375E-07	1.08501
1.5E-07	0.644516
1.625E-07	1.23184
1.75E-07	0.615149
1.875E-07	0.85008
2E-07	0.717932
2.125E-07	0.490342
2.375E-07	0.651857
2.625E-07	0.982229
2.875E-07	0.615149
3.125E-07	0.89413
3.375E-07	0.563758
3.625E-07	1.0116
3.875E-07	0.622491
4.125E-07	0.761981
4.625E-07	0.61882
5.125E-07	0.769323
5.625E-07	0.677553
6.125E-07	0.831726
6.625E-07	0.787677
7.125E-07	0.776664
7.625E-07	0.89413
8.125E-07	0.699578
9.125E-07	0.776664
1.0125E-06	0.769323
1.1125E-06	0.879446
1.2125E-06	0.807866
1.3125E-06	0.772993
1.4125E-06	0.87394
1.5125E-06	0.785841
1.6125E-06	0.77024
1.8125E-06	0.741792
2.0125E-06	0.759228
2.2125E-06	0.683059
2.4125E-06	0.743627
2.6125E-06	0.793183
2.8125E-06	0.769323
3.0125E-06	0.728944
3.2125E-06	0.756016
3.6125E-06	0.709213
4.0125E-06	0.732615
4.4125E-06	0.702331
4.8125E-06	0.744545
5.2125E-06	0.701872
5.6125E-06	0.705543
6.0125E-06	0.748674
6.4125E-06	0.742709
7.2125E-06	0.702331
8.0125E-06	0.717014
8.8125E-06	0.713802
9.6125E-06	0.711508
1.04125E-05	0.700266
1.12125E-05	0.707837
1.20125E-05	0.668376
1.28125E-05	0.682829
1.44125E-05	0.653234
1.60125E-05	0.666999
1.76125E-05	0.674111
1.92125E-05	0.679503
2.08125E-05	0.622376
2.24125E-05	0.653469
2.40125E-05	0.620661
2.56125E-05	0.612459
2.88125E-05	0.60288
3.20125E-05	0.588082
3.52125E-05	0.601504
3.84125E-05	0.561584
4.16125E-05	0.554816
4.48125E-05	0.563132
4.80125E-05	0.534053
5.12125E-05	0.517648
5.76125E-05	0.506665
6.40125E-05	0.479449
7.04125E-05	0.457596
7.68125E-05	0.448166
8.32125E-05	0.435863
8.96125E-05	0.426944
9.60125E-05	0.416735
0.000102413	0.405292
0.000115213	0.390365
0.000128013	0.373908
0.000140813	0.359626
0.000153613	0.351008
0.000166413	0.329356
0.000179213	0.327707
0.000192013	0.314042
0.000204813	0.302469
0.000230413	0.288089
0.000256013	0.271459
0.000281613	0.262555
0.000307213	0.249915
0.000332813	0.245297
0.000358413	0.241347
0.000384013	0.228979
0.000409613	0.220855
0.000460813	0.207487
0.000512013	0.190731
0.000563213	0.182303
0.000614413	0.173517
0.000665613	0.17057
0.000716813	0.157142
0.000768013	0.14827
0.000819213	0.14205
0.000921613	0.131064
0.00102401	0.117565
0.00112641	0.103647
0.00122881	0.0926414
0.00133121	0.0832969
0.00143361	0.0803302
0.00153601	0.0712888
0.00163841	0.0674197
0.00184321	0.0578836
0.00204801	0.051969
0.00225281	0.0429754
0.00245761	0.0376566
0.00266241	0.0299464
0.00286721	0.0289945
0.00307201	0.0283357
0.00327681	0.0230201
0.00368641	0.017942
0.00409601	0.0158947
0.00450561	0.0137498
0.00491521	0.0147576
0.00532481	0.0136871
0.00573441	0.0113352
0.00614401	0.0124303
0.00655361	0.013769
0.00737281	0.0107488
0.00819201	0.00712287
0.00901121	0.00758269
0.00983041	0.00995045
0.0106496	0.0124029
0.0114688	0.0182548
0.012288	0.0166226
0.0131072	0.0123442
0.0147456	0.010448
0.016384	0.00933585
0.0180224	0.0143763
0.0196608	0.012338
0.0212992	0.0102826
0.0229376	0.0110163
0.024576	0.0120255
0.0262144	0.0137539
0.0294912	0.0134143
0.032768	0.012772
0.0360448	0.0122598
0.0393216	0.0102665
0.0425984	0.00948485
0.0458752	0.0136846
0.049152	0.0159318
0.0524288	0.0144399
0.0589824	0.00870418
0.065536	0.0111381
0.0720896	0.0142822
0.0786432	0.0141099
0.0851968	0.0103752
0.0917504	0.00888161
0.098304	0.0120476
0.104858	0.0106744
0.117965	0.0146208
0.131072	0.0147022
0.144179	0.00949597
0.157286	0.0126051
0.170394	0.0114792
0.183501	0.00987369
0.196608	0.0103535
0.209715	0.012065
0.23593	0.0137313
0.262144	0.013621
0.288358	0.0146092
0.314573	0.0120335
0.340787	0.0153813
0.367002	0.0127554
0.393216	0.0160642
0.41943	0.0163781
0.471859	0.0158355
0.524288	0.0174692
0.576717	0.0165938
0.629146	0.0166498
0.681574	0.0173819
0.734003	0.0170274
0.786432	0.0197956
0.838861	0.0214962
0.943718	0.0202296
1.04858	0.0208694
1.15343	0.0220262
1.25829	0.0215423
1.36315	0.0241243
1.46801	0.0234143
1.57286	0.024312
1.67772	0.0253088
1.88744	0.0280308
2.09715	0.0291697
2.30687	0.0312489
2.51658	0.0323677
2.7263	0.0354866
2.93601	0.037256
3.14573	0.0390092
3.35544	0.0419232
3.77487	0.047737
4.1943	0.0506926
4.61373	0.0547627
5.03316	0.0581871
5.4526	0.0604415
5.87203	0.0667165
6.29146	0.0715884
6.71089	0.072906
7.54975	0.0720371
8.38861	0.0686638
9.22747	0.0520969
10.0663	0.0362904
10.9052	0.0213496
11.7441	-0.0261259
12.5829	-0.0471995

Count Rate History (KHz)  CR CHA / CR CHB
0.000000	15.449524	13.465881
0.052429	16.002655	14.686584
0.104858	19.969940	18.215179
0.157286	20.751953	18.634796
0.209715	15.754700	14.533997
0.262144	21.305084	17.986298
0.314573	15.144348	13.103485
0.367002	18.062592	16.155243
0.419430	15.258789	13.904572
0.471859	21.533966	18.138885
0.524288	17.986298	16.326904
0.576717	17.910004	16.250610
0.629146	17.871857	15.926361
0.681574	19.607544	17.185211
0.734003	13.313293	12.683868
0.786432	16.250610	15.316010
0.838861	17.395020	16.880035
0.891290	17.852783	16.078949
0.943718	16.689301	15.010834
0.996147	20.523071	20.103455
1.048576	17.242432	14.915466
1.101005	15.373230	14.801025
1.153434	17.547607	15.411377
1.205862	20.618439	19.264221
1.258291	19.912720	19.187927
1.310720	20.217896	18.367767
1.363149	16.517639	15.602112
1.415578	15.945435	14.839172
1.468006	19.512177	17.814636
1.520435	19.817352	18.558502
1.572864	17.910004	16.460419
1.625293	16.880035	16.040802
1.677722	15.792847	15.354156
1.730150	15.068054	13.618469
1.782579	16.422272	16.841888
1.835008	18.653870	17.929077
1.887437	21.972656	19.645691
1.939866	15.697479	15.296936
1.992294	16.632080	15.544891
2.044723	19.245148	18.005371
2.097152	17.700195	17.509460
2.149581	15.850067	13.713837
2.202010	16.040802	14.247894
2.254438	18.100739	16.593933
2.306867	14.667511	14.286041
2.359296	18.024445	16.899109
2.411725	20.217896	19.168854
2.464154	19.493103	18.463135
2.516582	16.899109	15.964508
2.569011	14.533997	13.599396
2.621440	17.967224	16.384125
2.673869	18.711090	16.708374
2.726298	14.629364	13.580322
2.778726	18.730164	18.024445
2.831155	19.474030	17.642975
2.883584	18.577576	16.536713
2.936013	17.051697	17.070770
2.988442	16.517639	15.430450
3.040870	16.632080	15.430450
3.093299	17.089844	16.708374
3.145728	16.441345	15.811920
3.198157	16.422272	16.593933
3.250586	16.345978	14.762878
3.303014	19.187927	17.356873
3.355443	20.389557	18.501282
3.407872	17.509460	15.544891
3.460301	16.498566	14.686584
3.512730	16.708374	15.487671
3.565158	16.002655	14.705658
3.617587	15.354156	14.362335
3.670016	18.863678	18.043518
3.722445	19.931793	17.261505
3.774874	21.743774	20.523071
3.827302	17.757416	16.746521
3.879731	17.261505	15.544891
3.932160	20.980835	20.751953
3.984589	17.738342	16.498566
4.037018	17.108917	15.373230
4.089446	18.291473	17.623901
4.141875	17.776489	15.430450
4.194304	15.296936	16.326904
4.246733	19.187927	17.204285
4.299162	20.236969	19.168854
4.351590	22.449493	20.027161
4.404019	15.964508	15.716553
4.456448	19.016266	17.127991
4.508877	18.711090	17.490387
4.561306	17.871857	16.727448
4.613734	19.130707	16.784668
4.666163	19.741058	18.692017
4.718592	19.302368	17.814636
4.771021	18.291473	18.424988
4.823450	18.806458	17.890930
4.875878	18.024445	17.108917
4.928307	20.179749	17.261505
4.980736	19.454956	17.471313
5.033165	22.373199	21.114349
5.085594	19.340515	18.424988
5.138022	21.724701	19.779205
5.190451	17.738342	15.983582
5.242880	16.708374	16.078949
5.295309	23.231506	23.002625
5.347738	21.667480	18.939972
5.400166	19.893646	17.681122
5.452595	17.337799	16.765594
5.505024	21.324158	18.348694
5.557453	21.781921	20.923615
5.609882	13.942719	13.408661
5.662310	16.670227	15.773773
5.714739	24.147034	23.155212
5.767168	17.223358	15.335083
5.819597	17.890930	15.983582
5.872026	17.929077	16.517639
5.924454	25.901794	22.678375
5.976883	17.585754	16.555786
6.029312	25.310516	22.106171
6.081741	18.367767	16.593933
6.134170	18.405914	16.231537
6.186598	20.961761	18.920898
6.239027	18.806458	17.547607
6.291456	16.689301	16.651154
6.343885	20.656586	21.057129
6.396314	22.354126	20.980835
6.448742	24.318695	22.792816
6.501171	20.389557	19.207001
6.553600	24.166107	22.163391
6.606029	19.245148	18.615723
6.658458	18.596649	15.850067
6.710886	20.084381	18.215179
6.763315	18.043518	16.345978
6.815744	22.754669	21.343231
6.868173	25.310516	23.670197
6.920602	20.236969	18.997192
6.973030	22.029877	19.721985
7.025459	23.384094	21.839142
7.077888	22.373199	19.569397
7.130317	17.070770	15.392303
7.182746	23.307800	22.087097
7.235174	26.588440	24.223328
7.287603	23.307800	22.869110
7.340032	26.359558	26.836395
7.392461	20.980835	20.122528
7.444890	20.141602	18.939972
7.497318	20.561218	19.245148
7.549747	21.476746	18.997192
7.602176	19.550323	17.471313
7.654605	26.245117	23.975372
7.707034	18.863678	19.168854
7.759462	19.054413	18.348694
7.811891	21.419525	19.950867
7.864320	21.877289	18.482208
7.916749	27.046204	25.520325
7.969178	25.119781	23.307800
8.021606	21.133423	20.313263
8.074035	28.305054	24.833679
8.126464	24.700165	21.705627
8.178893	26.149750	24.509430
8.231322	21.610260	18.634796
8.283750	20.275116	19.378662
8.336179	19.493103	16.956329
8.388608	26.893616	25.959015
8.441037	21.953583	20.580292
8.493466	22.220612	21.343231
8.545894	20.008087	18.405914
8.598323	27.275085	25.444031
8.650752	22.430420	21.800995
8.703181	23.384094	21.991730
8.755610	23.803711	21.858215
8.808038	24.433136	22.068024
8.860467	24.547577	22.525787
8.912896	23.860931	21.953583
8.965325	22.201538	19.931793
9.017754	27.313232	25.005341
9.070182	24.776459	22.430420
9.122611	21.686554	20.046234
9.175040	23.880005	23.059845
9.227469	24.242401	23.326874
9.279898	30.593872	29.449463
9.332326	19.035339	18.157959
9.384755	20.084381	17.528534
9.437184	18.978119	18.405914
9.489613	25.978088	22.392273
9.542042	24.852753	22.926331
9.594470	22.315979	20.027161
9.646899	21.343231	20.027161
9.699328	25.959015	22.048950
9.751757	22.010803	19.817352
9.804186	21.705627	19.111633
9.856614	24.948120	23.517609
9.909043	21.476746	19.779205
9.961472	28.400421	25.215149
10.013901	22.068024	20.923615
10.066330	22.926331	19.798279
10.118758	28.057098	24.986267
10.171187	15.945435	14.228821
10.223616	20.217896	17.261505
10.276045	18.386841	17.852783
10.328474	18.768311	17.032623
10.380902	23.517609	23.059845
10.433331	21.915436	20.885468
10.485760	22.296906	21.934509
10.538189	20.389557	19.474030
10.590618	21.476746	19.893646
10.643046	22.468567	21.266937
10.695475	27.084351	25.119781
10.747904	25.463104	22.449493
10.800333	27.484894	25.539398
10.852762	18.005371	17.604828
10.905190	25.558472	23.784637
10.957619	26.340485	22.735596
11.010048	26.187897	24.585724
11.062477	21.953583	21.762848
11.114906	21.553040	20.389557
11.167334	25.424957	22.106171
11.219763	24.070740	21.228790
11.272192	21.076202	21.381378
11.324621	22.010803	20.503998
11.377050	20.999908	20.484924
11.429478	22.087097	22.182465
11.481907	24.166107	23.555756
11.534336	23.632050	22.735596
11.586765	20.637512	19.950867
11.639194	20.084381	18.806458
11.691622	23.860931	21.991730
11.744051	23.441315	22.373199
11.796480	21.953583	20.332336
11.848909	16.460419	15.106201
11.901338	19.702911	17.566681
11.953766	21.743774	20.236969
12.006195	24.929047	23.460388
12.058624	17.051697	15.983582
12.111053	18.520355	17.967224
12.163482	16.326904	15.583038
12.215910	20.141602	17.471313
12.268339	19.512177	18.787384
12.320768	23.670197	21.495819
12.373197	17.204285	15.068054
12.425626	21.324158	20.503998
12.478054	25.691986	22.964478
12.530483	20.198822	19.664764
12.582912	21.629333	20.694733
12.635341	21.896362	19.798279
12.687770	16.670227	17.566681
12.740198	15.983582	15.335083
12.792627	17.719269	16.517639
12.845056	20.656586	18.367767
12.897485	23.212433	20.370483
12.949914	18.901825	17.719269
13.002342	21.018982	18.424988
13.054771	21.934509	19.149780
13.107200	21.648407	20.294189
13.159629	19.664764	16.822815
13.212058	17.490387	15.621185
13.264486	18.863678	16.136169
13.316915	15.735626	15.010834
13.369344	19.931793	20.256042
13.421773	21.419525	19.969940
13.474202	16.860962	15.907288
13.526630	19.569397	18.405914
13.579059	18.920898	18.081665
13.631488	19.207001	18.501282
13.683917	21.362305	18.844604
13.736346	21.057129	19.283295
13.788774	17.452240	16.288757
13.841203	19.130707	18.196106
13.893632	19.760132	18.367767
13.946061	19.607544	19.340515
13.998490	17.204285	16.593933
14.050918	16.479492	15.163422
14.103347	18.310547	15.811920
14.155776	19.092560	17.642975
14.208205	17.509460	16.880035
14.260634	19.683838	19.130707
14.313062	18.348694	16.651154
14.365491	16.269684	14.190674
