Scattering angle    Mean_CR * sin(angle) / Laser Intensity (kHz/mW)    g2(t=0)-1    CR CHA (kHz)    CR CHB (kHz)    Temperature (K)    Laser intensity (mW)    Diameter (nm)    PDI (-)
15.994277	1292.518914	3.298035	20.364624	18.709654	293.160000	0.004161	1703.799245	1.455645
15.994277	12.373416	0.000000	0.147941	0.236026	293.150000	0.004161	NaN	NaN
15.994277	12.613033	0.000000	0.155108	0.233923	293.150000	0.004161	NaN	NaN
15.994277	12.877114	0.000000	0.149675	0.252672	293.150000	0.004161	NaN	NaN
20.012636	0.615426	0.906724	157.813263	144.589511	293.150000	84.000000	58.497926	1.652432
20.012636	0.708193	0.833499	181.356603	166.608984	293.150000	84.000000	56.784625	1.762894
20.012636	0.629041	0.950210	161.079754	147.994510	293.150000	84.000000	61.872481	1.758306
20.012636	1.405841	0.972425	360.710497	330.098046	293.160000	84.000000	318.825320	1.847319
23.999354	0.912129	0.876326	196.997833	180.137912	293.150000	84.000000	103.775706	1.861088
23.999354	1.581320	0.777644	341.609819	312.221731	293.150000	84.000000	171.993990	1.978384
23.999354	3.405468	0.612028	735.940297	672.148320	293.150000	84.000000	322.751610	2.021322
23.999354	3.894615	0.497864	841.392245	768.926076	293.150000	84.000000	315.116167	2.088339
27.986072	0.682643	0.849011	127.489867	117.124628	293.150000	84.000000	62.118664	1.644308
27.986072	0.519311	0.871656	97.036743	89.054593	293.150000	84.000000	39.368919	1.783633
27.986072	0.588736	0.883926	110.043049	100.928783	293.160000	84.000000	51.911734	1.738624
27.986072	0.780001	0.805977	145.847603	133.668334	293.150000	84.000000	66.278868	1.800351
32.004432	0.870808	0.854421	144.180159	132.120722	293.150000	84.000000	81.276395	1.962358
32.004432	1.012823	0.775535	167.817797	153.553758	293.150000	84.000000	89.474766	1.956726
32.004432	1.022276	0.733065	169.218569	155.138755	293.150000	84.000000	83.398412	1.935714
32.004432	0.779972	0.783087	129.036782	118.433935	293.160000	84.000000	64.066827	1.786995
36.006970	0.540003	0.880166	80.528824	73.929398	293.150000	84.000000	46.220049	1.590983
36.006970	0.514579	0.868515	76.615073	70.561218	293.150000	84.000000	39.473934	1.723047
36.006970	0.563215	0.859239	84.118722	76.989538	293.150000	84.000000	43.548037	1.688237
36.006970	0.679593	0.853141	101.397983	92.991777	293.160000	84.000000	59.257896	1.737728
39.993689	0.838333	0.877724	114.420943	104.921584	293.150000	84.000000	85.922904	1.903576
39.993689	0.855683	0.875754	116.803850	107.079506	293.150000	84.000000	81.073273	1.920675
39.993689	0.758619	0.830583	103.571736	94.916951	293.150000	84.000000	63.567095	1.817428
39.993689	0.645289	0.864477	87.964739	80.860819	293.150000	84.000000	54.912491	1.788589
43.996227	0.515059	0.872631	64.971719	59.712410	293.150000	84.000000	40.099750	1.611813
43.996227	0.562885	0.884480	70.954595	65.303189	293.150000	84.000000	46.401584	1.728954
43.996227	0.630151	0.883576	79.551561	72.998864	293.150000	84.000000	55.534245	1.725588
43.996227	0.713415	0.876536	90.022360	82.681792	293.150000	84.000000	60.518520	1.968279
48.014586	0.557575	0.894205	65.690613	60.438815	293.160000	84.000000	46.269041	1.651163
48.014586	0.512141	0.881721	60.359053	55.494343	293.150000	84.000000	43.316932	1.553235
48.014586	0.452907	0.878930	53.350414	49.101257	293.150000	84.000000	35.567886	1.617925
48.014586	0.428450	0.864450	50.434182	46.482433	293.140000	84.000000	29.704229	1.657340
51.985485	0.404543	0.839003	44.918338	41.416446	293.150000	84.000000	28.510741	1.534122
51.985485	0.422281	0.861858	46.920430	43.202279	293.150000	84.000000	35.750587	1.443401
51.985485	0.441546	0.849277	49.012895	45.217549	293.150000	84.000000	31.831391	1.633621
51.985485	0.477253	0.852058	53.070346	48.787759	293.150000	84.000000	34.247436	1.663760
55.988023	0.497467	0.899780	52.533003	48.375937	293.150000	84.000000	40.428317	1.614959
55.988023	0.486287	0.881833	51.332201	47.307219	293.150000	84.000000	36.031414	1.693662
55.988023	0.516206	0.869292	54.621096	50.097713	293.150000	84.000000	40.712355	1.612720
55.988023	0.510854	0.868238	53.973402	49.653053	293.150000	84.000000	40.462845	1.683933
59.990562	0.411732	0.853086	41.614396	38.332326	293.150000	84.000000	30.660834	1.516584
59.990562	0.385770	0.842595	38.876759	36.020314	293.160000	84.000000	25.770282	1.579149
59.990562	0.379710	0.813162	38.347764	35.378959	293.150000	84.000000	29.429476	0.977668
59.990562	0.370661	0.848359	37.431613	34.537853	293.150000	84.000000	22.631746	1.723098
65.005601	0.403735	0.845209	38.944938	35.950817	293.150000	84.000000	28.827557	1.507155
65.005601	0.438957	0.860484	42.341544	39.088163	293.150000	84.000000	35.173321	1.429583
65.005601	0.407902	0.841484	39.381964	36.289562	293.140000	84.000000	33.597911	1.353014
65.005601	0.408873	0.847575	39.451946	36.397830	293.140000	84.000000	27.376294	1.655468
70.020639	0.361996	0.835477	33.691406	31.071459	293.150000	84.000000	27.595890	1.279549
70.020639	0.364454	0.847909	33.992143	31.216223	293.150000	84.000000	21.590722	1.550022
70.020639	0.367555	0.821460	34.143968	31.608443	293.140000	84.000000	25.030810	1.480025
70.020639	0.358695	0.831119	33.364023	30.806678	293.140000	84.000000	24.890443	1.481989
75.004037	0.354016	0.821273	32.114688	29.511816	293.160000	84.000000	25.927603	1.401059
75.004037	0.351645	0.839782	31.792777	29.412678	293.160000	84.000000	21.760681	1.541921
75.004037	0.355485	0.837506	32.080923	29.788562	293.150000	84.000000	22.828225	1.514808
75.004037	0.363614	0.797335	32.709642	30.567447	293.150000	84.000000	27.006026	1.375859
80.003256	0.343159	0.804615	30.443827	28.140880	293.150000	84.000000	23.430490	1.089408
80.003256	0.343009	0.802929	30.373505	28.181485	293.150000	84.000000	27.104893	0.886362
80.003256	0.339257	0.842848	30.123277	27.797213	293.150000	84.000000	23.002764	1.357865
80.003256	0.328974	0.813487	29.220513	26.945182	293.140000	84.000000	24.773786	0.933922
85.002474	0.313478	0.835332	27.481352	25.423867	293.160000	84.000000	19.308191	1.090423
85.002474	0.322992	0.822719	28.300684	26.209190	293.150000	84.000000	23.340005	0.912511
85.002474	0.329512	0.846072	28.865884	26.743872	293.150000	84.000000	19.387771	1.473540
85.002474	0.343820	0.810943	30.120850	27.903761	293.150000	84.000000	26.654386	1.005717
90.001692	0.338940	0.817506	29.604299	27.381011	293.140000	84.000000	23.395218	1.448331
90.001692	0.326402	0.823086	28.527555	26.351166	293.140000	84.000000	22.086740	1.225982
90.001692	0.309956	0.772350	27.124509	24.991816	293.140000	84.000000	25.755445	0.809763
90.001692	0.299432	0.802284	26.217324	24.130481	293.140000	84.000000	18.337377	1.080549
