3/3/2026	11:17 AM
Pseudo Cross Correlation
Scattering angle:	48.01
Duration (s):	15
Wavelength (nm):	660.0
Refractive index:	1.330
Viscosity (mPas):	1.002
Temperature (K):	293.2
Laser intensity (mW):	84.000000
Average Count rate  A (kHz):	65.7
Average Count rate  B (kHz):	60.4
Intercept:	0.8942
Cumulant 1st	47.6148
Cumulant 2nd	30.8011	29.4214
Cumulant 3rd	23.1345	29.7273

Lag time (s)         g2-1
1.25E-08	0.864335
2.5E-08	0.896479
3.75E-08	0.928622
5E-08	0.883901
6.25E-08	0.925827
7.5E-08	0.942598
8.75E-08	0.93002
1E-07	0.814023
1.125E-07	0.899274
1.25E-07	0.977537
1.375E-07	0.86154
1.5E-07	0.902069
1.625E-07	1.02086
1.75E-07	0.830794
1.875E-07	0.834986
2E-07	0.85595
2.125E-07	0.911852
2.375E-07	0.862937
2.625E-07	0.937008
2.875E-07	0.921635
3.125E-07	0.857347
3.375E-07	0.920237
3.625E-07	0.953778
3.875E-07	0.888792
4.125E-07	0.88984
4.625E-07	0.880756
5.125E-07	0.916394
5.625E-07	0.906262
6.125E-07	0.951333
6.625E-07	0.883901
7.125E-07	0.979633
7.625E-07	0.879009
8.125E-07	0.865383
9.125E-07	0.922683
1.0125E-06	0.891762
1.1125E-06	0.915171
1.2125E-06	0.899448
1.3125E-06	0.845468
1.4125E-06	0.872546
1.5125E-06	0.847914
1.6125E-06	0.870711
1.8125E-06	0.90862
2.0125E-06	0.909319
2.2125E-06	0.885822
2.4125E-06	0.907135
2.6125E-06	0.882241
2.8125E-06	0.905912
3.0125E-06	0.88425
3.2125E-06	0.893989
3.6125E-06	0.905781
4.0125E-06	0.880494
4.4125E-06	0.884163
4.8125E-06	0.88591
5.2125E-06	0.877743
5.6125E-06	0.886128
6.0125E-06	0.88556
6.4125E-06	0.870451
7.2125E-06	0.880911
8.0125E-06	0.878727
8.8125E-06	0.868748
9.6125E-06	0.87174
1.04125E-05	0.87543
1.12125E-05	0.877657
1.20125E-05	0.875736
1.28125E-05	0.867525
1.44125E-05	0.859959
1.60125E-05	0.860352
1.76125E-05	0.864413
1.92125E-05	0.859194
2.08125E-05	0.855766
2.24125E-05	0.853943
2.40125E-05	0.846944
2.56125E-05	0.841424
2.88125E-05	0.842615
3.20125E-05	0.831647
3.52125E-05	0.832275
3.84125E-05	0.817027
4.16125E-05	0.814314
4.48125E-05	0.809559
4.80125E-05	0.803647
5.12125E-05	0.798826
5.76125E-05	0.792021
6.40125E-05	0.7753
7.04125E-05	0.770566
7.68125E-05	0.759225
8.32125E-05	0.748784
8.96125E-05	0.741851
9.60125E-05	0.730641
0.000102413	0.723304
0.000115213	0.70723
0.000128013	0.696992
0.000140813	0.684491
0.000153613	0.666739
0.000166413	0.654682
0.000179213	0.64793
0.000192013	0.640887
0.000204813	0.628772
0.000230413	0.610106
0.000256013	0.591318
0.000281613	0.574369
0.000307213	0.563145
0.000332813	0.55051
0.000358413	0.538165
0.000384013	0.529073
0.000409613	0.520013
0.000460813	0.502072
0.000512013	0.486505
0.000563213	0.473072
0.000614413	0.460345
0.000665613	0.447281
0.000716813	0.439013
0.000768013	0.426787
0.000819213	0.418038
0.000921613	0.399159
0.00102401	0.383785
0.00112641	0.369679
0.00122881	0.355936
0.00133121	0.342906
0.00143361	0.327673
0.00153601	0.312724
0.00163841	0.303032
0.00184321	0.282845
0.00204801	0.259901
0.00225281	0.24254
0.00245761	0.227996
0.00266241	0.215378
0.00286721	0.204404
0.00307201	0.192929
0.00327681	0.181852
0.00368641	0.163393
0.00409601	0.14278
0.00450561	0.121434
0.00491521	0.107687
0.00532481	0.0947635
0.00573441	0.0808924
0.00614401	0.0715811
0.00655361	0.0636105
0.00737281	0.047302
0.00819201	0.0297421
0.00901121	0.0184636
0.00983041	0.0141343
0.0106496	0.00645596
0.0114688	0.00327818
0.012288	0.000458266
0.0131072	-0.00241637
0.0147456	-0.0102848
0.016384	-0.0151327
0.0180224	-0.0128657
0.0196608	-0.0089793
0.0212992	-0.00813241
0.0229376	-0.00849521
0.024576	-0.00474153
0.0262144	0.00696173
0.0294912	0.011944
0.032768	0.00232818
0.0360448	-0.00226506
0.0393216	0.00651272
0.0425984	0.0112038
0.0458752	0.00635187
0.049152	-0.00339247
0.0524288	0.00501355
0.0589824	0.000862135
0.065536	-0.00996839
0.0720896	-0.00938025
0.0786432	-0.00451302
0.0851968	-0.00649779
0.0917504	-0.01067
0.098304	-0.00411408
0.104858	-0.0032256
0.117965	-0.0015822
0.131072	-0.0113796
0.144179	0.00268239
0.157286	-0.00211344
0.170394	-0.0034367
0.183501	-0.00245201
0.196608	-0.00280824
0.209715	-0.00066621
0.23593	-0.00689201
0.262144	0.00578944
0.288358	0.000914065
0.314573	-0.00546898
0.340787	-0.00164031
0.367002	-0.00365021
0.393216	-0.00501189
0.41943	-0.00244161
0.471859	-0.00450296
0.524288	-0.00779291
0.576717	-0.0107818
0.629146	-0.00290338
0.681574	-0.00330844
0.734003	-0.00285194
0.786432	-0.0107752
0.838861	-0.00923425
0.943718	-0.0108845
1.04858	-0.0102182
1.15343	-0.00419031
1.25829	-0.00787466
1.36315	-0.00750172
1.46801	-0.00241785
1.57286	-0.00332224
1.67772	-0.00361942
1.88744	-0.00320329
2.09715	-0.00894755
2.30687	-0.0106511
2.51658	-0.00726501
2.7263	-0.00986929
2.93601	-0.00558168
3.14573	-0.00291924
3.35544	-0.00361206
3.77487	-0.00595128
4.1943	-0.0116398
4.61373	-0.00484029
5.03316	-0.00920132
5.4526	-0.0119687
5.87203	-0.0101371
6.29146	-0.0071732
6.71089	-0.0110011
7.54975	-0.0106343
8.38861	-0.0125789
9.22747	-0.00983609
10.0663	-0.0328487
10.9052	-0.00350702
11.7441	-0.0244907
12.5829	-0.0194314

Count Rate History (KHz)  CR CHA / CR CHB
0.000000	65.002441	60.043335
0.052429	52.967072	51.403046
0.104858	117.092133	108.394623
0.157286	61.798096	60.195923
0.209715	61.225891	56.705475
0.262144	49.247742	45.089722
0.314573	98.724365	90.675354
0.367002	75.244904	72.116852
0.419430	45.967102	42.896271
0.471859	113.773346	102.462769
0.524288	56.743622	52.852631
0.576717	61.302185	56.800842
0.629146	71.201324	65.250397
0.681574	44.898987	40.950775
0.734003	96.435547	88.138580
0.786432	86.612701	79.364777
0.838861	68.893433	63.533783
0.891290	71.353912	66.528320
0.943718	45.967102	43.373108
0.996147	55.789948	50.621033
1.048576	67.119598	60.539246
1.101005	65.879822	61.416626
1.153434	72.116852	65.879822
1.205862	53.176880	47.149658
1.258291	60.157776	53.901672
1.310720	41.770935	39.024353
1.363149	94.299316	84.304810
1.415578	80.204010	76.541901
1.468006	58.746338	52.070618
1.520435	66.967010	62.522888
1.572864	72.498322	66.947937
1.625293	50.525665	46.539307
1.677722	63.171387	55.599213
1.730150	69.198608	62.503815
1.782579	62.427521	55.980682
1.835008	46.691895	45.070648
1.887437	102.577209	95.024109
1.939866	93.135834	84.095001
1.992294	54.664612	49.057007
2.044723	61.836243	57.258606
2.097152	38.719177	34.503937
2.149581	58.269501	54.187775
2.202010	105.895996	95.176697
2.254438	65.422058	57.411194
2.306867	92.983246	83.446503
2.359296	55.427551	50.258636
2.411725	61.969757	56.209564
2.464154	65.841675	61.702728
2.516582	61.378479	56.896210
2.569011	67.749023	62.332153
2.621440	59.318542	53.443909
2.673869	57.811737	54.874420
2.726298	60.195923	55.370331
2.778726	48.866272	45.433044
2.831155	67.539215	61.492920
2.883584	56.285858	49.896240
2.936013	59.318542	55.580139
2.988442	61.016083	57.144165
3.040870	64.868927	59.070587
3.093299	83.866119	78.449249
3.145728	79.269409	75.283051
3.198157	63.800812	61.511993
3.250586	43.678284	39.272308
3.303014	58.403015	54.893494
3.355443	62.999725	55.255890
3.407872	69.217682	65.803528
3.460301	44.269562	40.073395
3.512730	48.656464	42.991638
3.565158	86.498260	81.462860
3.617587	100.402832	97.103119
3.670016	37.021637	34.751892
3.722445	69.065094	62.332153
3.774874	95.882416	90.007782
3.827302	61.988831	59.204102
3.879731	59.585571	54.721832
3.932160	59.719086	53.882599
3.984589	75.683594	71.926117
4.037018	94.013214	84.991455
4.089446	74.691772	69.923401
4.141875	44.002533	41.484833
4.194304	45.795441	41.332245
4.246733	47.187805	43.754578
4.299162	56.457520	49.610138
4.351590	58.860779	55.484772
4.404019	44.670105	41.866302
4.456448	103.797913	98.133087
4.508877	54.473877	48.046112
4.561306	62.770844	56.037903
4.613734	74.234009	69.389343
4.666163	76.713562	70.247650
4.718592	91.514587	83.923340
4.771021	79.593658	71.907043
4.823450	54.473877	48.961639
4.875878	78.220367	72.364807
4.928307	57.735443	52.890778
4.980736	62.770844	57.067871
5.033165	56.476593	49.419403
5.085594	74.634552	71.372986
5.138022	67.901611	62.694550
5.190451	85.639954	78.372955
5.242880	63.724518	57.201385
5.295309	55.656433	52.089691
5.347738	64.678192	59.967041
5.400166	54.779053	49.629211
5.452595	63.648224	57.964325
5.505024	58.956146	54.016113
5.557453	77.247620	71.201324
5.609882	93.784332	85.773468
5.662310	49.705505	44.364929
5.714739	38.871765	35.037994
5.767168	42.324066	39.386749
5.819597	88.329315	77.095032
5.872026	57.239532	51.116943
5.924454	82.588196	71.640015
5.976883	55.942535	51.994324
6.029312	53.062439	49.171448
6.081741	56.991577	53.234100
6.134170	69.427490	65.784454
6.186598	54.187775	49.724579
6.239027	75.187683	70.476532
6.291456	64.029694	59.471130
6.343885	88.901520	80.623627
6.396314	67.920685	61.664581
6.448742	51.212311	46.272278
6.501171	54.702759	51.651001
6.553600	83.560944	75.588226
6.606029	66.471100	61.626434
6.658458	71.449280	62.351227
6.710886	58.650970	53.386688
6.763315	54.721832	48.694611
6.815744	65.784454	59.776306
6.868173	50.735474	47.645569
6.920602	75.149536	69.465637
6.973030	61.111450	56.858063
7.025459	92.029572	85.811615
7.077888	67.729950	61.645508
7.130317	69.808960	64.525604
7.182746	72.154999	64.468384
7.235174	86.688995	77.476501
7.287603	65.727234	61.798096
7.340032	45.700073	43.411255
7.392461	43.048859	42.495728
7.444890	64.926147	59.585571
7.497318	77.304840	69.465637
7.549747	66.051483	59.394836
7.602176	59.108734	54.206848
7.654605	72.383881	66.509247
7.707034	54.988861	51.727295
7.759462	100.765228	90.694427
7.811891	74.672699	65.402985
7.864320	41.084290	37.555695
7.916749	66.394806	60.501099
7.969178	92.391968	85.258484
8.021606	40.378571	35.934448
8.074035	84.800720	79.002380
8.126464	52.814484	47.321320
8.178893	52.280426	45.242310
8.231322	55.541992	50.640106
8.283750	51.498413	47.874451
8.336179	81.443787	73.280334
8.388608	55.065155	49.209595
8.441037	49.571991	46.901703
8.493466	66.623688	63.686371
8.545894	86.956024	80.490112
8.598323	100.555420	88.901520
8.650752	56.743622	51.841736
8.703181	54.855347	52.261353
8.755610	75.645447	72.078705
8.808038	71.086884	64.544678
8.860467	41.465759	39.424896
8.912896	58.231354	53.939819
8.965325	50.048828	45.738220
9.017754	68.149567	63.381195
9.070182	64.449310	59.280396
9.122611	49.800873	46.863556
9.175040	88.405609	81.462860
9.227469	68.130493	64.315796
9.279898	95.138550	89.035034
9.332326	51.670074	48.103333
9.384755	46.081543	42.572021
9.437184	73.127747	66.680908
9.489613	78.926086	72.460175
9.542042	68.721771	62.599182
9.594470	58.250427	54.340363
9.646899	64.430237	61.626434
9.699328	91.533661	83.904266
9.751757	51.994324	48.561096
9.804186	91.362000	83.923340
9.856614	75.511932	69.446564
9.909043	60.138702	53.749084
9.961472	64.468384	57.811737
10.013901	81.596375	74.977875
10.066330	73.032379	67.520142
10.118758	50.315857	46.615601
10.171187	69.141388	65.422058
10.223616	51.975250	48.046112
10.276045	44.765472	42.037964
10.328474	64.277649	61.702728
10.380902	81.787109	73.547363
10.433331	58.269501	55.007935
10.485760	39.978027	36.773682
10.538189	68.073273	63.705444
10.590618	57.468414	52.700043
10.643046	46.787262	42.991638
10.695475	56.209564	50.811768
10.747904	51.326752	49.591064
10.800333	59.642792	55.103302
10.852762	42.991638	37.708282
10.905190	62.160492	57.296753
10.957619	77.266693	71.468353
11.010048	53.215027	49.686432
11.062477	45.051575	40.206909
11.114906	61.016083	54.988861
11.167334	59.013367	53.901672
11.219763	46.577454	44.689178
11.272192	69.618225	65.040588
11.324621	54.283142	48.351288
11.377050	55.179596	52.909851
11.429478	67.920685	63.133240
11.481907	55.599213	50.468445
11.534336	83.351135	79.479218
11.586765	131.855011	122.108459
11.639194	93.784332	88.062286
11.691622	67.043304	62.541962
11.744051	55.351257	52.013397
11.796480	75.626373	70.571899
11.848909	88.691711	81.825256
11.901338	61.473846	57.868958
11.953766	58.784485	54.492950
12.006195	69.961548	63.095093
12.058624	62.065125	56.781769
12.111053	62.141418	57.525635
12.163482	51.078796	45.757294
12.215910	68.607330	63.858032
12.268339	47.512054	44.155121
12.320768	74.787140	69.217682
12.373197	58.345795	53.844452
12.425626	62.713623	54.988861
12.478054	73.699951	65.536499
12.530483	58.994293	54.340363
12.582912	89.111328	82.836151
12.635341	46.157837	45.490265
12.687770	45.890808	42.362213
12.740198	64.964294	59.967041
12.792627	102.672577	91.819763
12.845056	70.171356	63.648224
12.897485	64.640045	57.277679
12.949914	74.176788	67.443848
13.002342	47.092438	44.250488
13.054771	79.231262	74.005127
13.107200	49.591064	46.253204
13.159629	110.626221	96.797943
13.212058	84.476471	74.653625
13.264486	67.119598	64.125061
13.316915	61.340332	55.618286
13.369344	56.285858	53.291321
13.421773	76.637268	70.419312
13.474202	60.329437	56.762695
13.526630	50.773621	48.732758
13.579059	59.680939	56.037903
13.631488	74.710846	66.757202
13.683917	62.866211	59.967041
13.736346	54.473877	49.896240
13.788774	67.291260	62.217712
13.841203	59.432983	53.691864
13.893632	53.367615	47.760010
13.946061	50.907135	47.588348
13.998490	41.255951	38.604736
14.050918	53.043365	49.324036
14.103347	52.299500	49.400330
14.155776	45.528412	41.217804
14.208205	69.580078	64.220428
14.260634	71.849823	65.441132
14.313062	66.070557	63.095093
14.365491	98.342896	91.457367
