3/3/2026	11:33 AM
Pseudo Cross Correlation
Scattering angle:	80.00
Duration (s):	15
Wavelength (nm):	660.0
Refractive index:	1.330
Viscosity (mPas):	0.999
Temperature (K):	293.2
Laser intensity (mW):	84.000000
Average Count rate  A (kHz):	30.1
Average Count rate  B (kHz):	27.8
Intercept:	0.8428
Cumulant 1st	20.7427
Cumulant 2nd	14.0022	12.4967
Cumulant 3rd	11.5014	13.4023

Lag time (s)         g2-1
1.25E-08	0.736142
2.5E-08	0.895178
3.75E-08	0.855419
5E-08	0.689756
6.25E-08	0.749395
7.5E-08	0.557226
8.75E-08	0.822286
1E-07	0.775901
1.125E-07	1.1006
1.25E-07	0.94819
1.375E-07	0.875298
1.5E-07	0.954816
1.625E-07	0.862045
1.75E-07	1.06747
1.875E-07	0.941563
2E-07	0.941563
2.125E-07	0.898491
2.375E-07	0.845479
2.625E-07	0.911744
2.875E-07	0.643371
3.125E-07	0.729515
3.375E-07	0.961443
3.625E-07	0.881925
3.875E-07	0.81566
4.125E-07	0.868672
4.625E-07	0.818973
5.125E-07	0.727859
5.625E-07	0.860389
6.125E-07	0.852105
6.625E-07	0.799093
7.125E-07	0.971382
7.625E-07	0.732829
8.125E-07	0.833883
9.125E-07	0.85459
1.0125E-06	0.830569
1.1125E-06	0.878611
1.2125E-06	0.846307
1.3125E-06	0.834711
1.4125E-06	0.799093
1.5125E-06	0.75685
1.6125E-06	0.819801
1.8125E-06	0.782941
2.0125E-06	0.84755
2.2125E-06	0.814003
2.4125E-06	0.819801
2.6125E-06	0.797023
2.8125E-06	0.846307
3.0125E-06	0.812761
3.2125E-06	0.797855
3.6125E-06	0.792886
4.0125E-06	0.819392
4.4125E-06	0.809245
4.8125E-06	0.795992
5.2125E-06	0.790608
5.6125E-06	0.7699
6.0125E-06	0.818977
6.4125E-06	0.799719
7.2125E-06	0.776423
8.0125E-06	0.739252
8.8125E-06	0.791026
9.6125E-06	0.768765
1.04125E-05	0.755719
1.12125E-05	0.761517
1.20125E-05	0.745779
1.28125E-05	0.746349
1.44125E-05	0.728126
1.60125E-05	0.72212
1.76125E-05	0.707832
1.92125E-05	0.697323
2.08125E-05	0.684794
2.24125E-05	0.686451
2.40125E-05	0.675993
2.56125E-05	0.658935
2.88125E-05	0.641023
3.20125E-05	0.637994
3.52125E-05	0.606907
3.84125E-05	0.598546
4.16125E-05	0.583041
4.48125E-05	0.581902
4.80125E-05	0.556949
5.12125E-05	0.544808
5.76125E-05	0.534493
6.40125E-05	0.509191
7.04125E-05	0.498879
7.68125E-05	0.472684
8.32125E-05	0.458913
8.96125E-05	0.447316
9.60125E-05	0.436975
0.000102413	0.420868
0.000115213	0.391651
0.000128013	0.380533
0.000140813	0.365196
0.000153613	0.356835
0.000166413	0.339433
0.000179213	0.333706
0.000192013	0.31899
0.000204813	0.313447
0.000230413	0.291881
0.000256013	0.278272
0.000281613	0.267723
0.000307213	0.259873
0.000332813	0.250266
0.000358413	0.237584
0.000384013	0.227931
0.000409613	0.22104
0.000460813	0.20434
0.000512013	0.191123
0.000563213	0.185131
0.000614413	0.175252
0.000665613	0.160592
0.000716813	0.15258
0.000768013	0.142969
0.000819213	0.134671
0.000921613	0.119527
0.00102401	0.107588
0.00112641	0.0956176
0.00122881	0.0864213
0.00133121	0.0782071
0.00143361	0.0693505
0.00153601	0.0655022
0.00163841	0.0593424
0.00184321	0.0494343
0.00204801	0.0385037
0.00225281	0.0332499
0.00245761	0.026318
0.00266241	0.0201368
0.00286721	0.0176953
0.00307201	0.014551
0.00327681	0.0129202
0.00368641	0.00997831
0.00409601	0.00517752
0.00450561	0.00125957
0.00491521	-0.00113938
0.00532481	-0.00288731
0.00573441	-0.0014678
0.00614401	-0.00267541
0.00655361	-0.0036024
0.00737281	-0.00450086
0.00819201	0.000434878
0.00901121	-0.00190119
0.00983041	-0.0042606
0.0106496	0.00024716
0.0114688	0.00224068
0.012288	-0.000608437
0.0131072	0.0013358
0.0147456	0.00570037
0.016384	0.00105339
0.0180224	-0.00267752
0.0196608	-0.000656405
0.0212992	-0.000481743
0.0229376	0.0007391
0.024576	-0.0049425
0.0262144	-0.00291602
0.0294912	-4.44549E-05
0.032768	-0.000361997
0.0360448	0.00209524
0.0393216	0.00140301
0.0425984	0.0027949
0.0458752	0.00305212
0.049152	0.000233159
0.0524288	0.00120148
0.0589824	-0.000216813
0.065536	0.00277146
0.0720896	9.97631E-05
0.0786432	-0.00155268
0.0851968	0.00227289
0.0917504	0.00186659
0.098304	0.00225842
0.104858	-0.000428277
0.117965	-0.000525404
0.131072	0.00098184
0.144179	0.00284695
0.157286	0.000502549
0.170394	-0.000362447
0.183501	0.00065719
0.196608	0.00225947
0.209715	0.00209852
0.23593	0.0030144
0.262144	0.00111529
0.288358	0.00289813
0.314573	0.00041375
0.340787	0.000170132
0.367002	-0.000275238
0.393216	0.00139413
0.41943	0.000908545
0.471859	0.00139444
0.524288	-0.00189618
0.576717	-0.000908797
0.629146	-0.0016845
0.681574	0.000267212
0.734003	-0.00125286
0.786432	0.000278859
0.838861	0.00106018
0.943718	-0.00101409
1.04858	0.00133741
1.15343	0.000370636
1.25829	-0.00036979
1.36315	-0.000842468
1.46801	-0.00136618
1.57286	-0.00269995
1.67772	-0.00334451
1.88744	-0.00404361
2.09715	-0.00515167
2.30687	-0.00553437
2.51658	-0.00387712
2.7263	-0.00289867
2.93601	-0.00165914
3.14573	-0.00270258
3.35544	-0.00248872
3.77487	-7.05749E-05
4.1943	0.00116658
4.61373	-0.000208444
5.03316	-0.00101501
5.4526	-0.00226104
5.87203	-0.00103517
6.29146	0.0014012
6.71089	0.00216389
7.54975	-0.00164244
8.38861	-0.000567046
9.22747	-0.00244149
10.0663	-0.00250939
10.9052	-0.0025105
11.7441	0.0100524
12.5829	0.00878622

Count Rate History (KHz)  CR CHA / CR CHB
0.000000	23.574829	23.708344
0.052429	32.062531	30.384064
0.104858	26.893616	23.269653
0.157286	25.272369	21.762848
0.209715	38.127899	33.874512
0.262144	30.345917	27.618408
0.314573	26.092529	25.463104
0.367002	31.127930	30.231476
0.419430	32.558441	30.403137
0.471859	32.024384	29.830933
0.524288	35.114288	32.482147
0.576717	29.964447	27.599335
0.629146	28.877258	27.732849
0.681574	31.795502	26.741028
0.734003	26.664734	25.138855
0.786432	26.264191	25.997162
0.838861	26.588440	24.757385
0.891290	30.689240	28.228760
0.943718	31.623840	28.324127
0.996147	26.092529	24.890900
1.048576	27.904510	26.836395
1.101005	36.048889	33.054352
1.153434	30.593872	27.828217
1.205862	25.882721	24.242401
1.258291	35.953522	35.305023
1.310720	28.705597	26.721954
1.363149	43.373108	39.749146
1.415578	28.171539	26.359558
1.468006	36.811829	34.599304
1.520435	28.133392	24.528503
1.572864	37.593842	34.255981
1.625293	32.463074	28.095245
1.677722	29.029846	26.340485
1.730150	35.362244	32.253265
1.782579	29.201508	26.416779
1.835008	35.438538	33.226013
1.887437	32.672882	29.907227
1.939866	27.446747	25.615692
1.992294	30.002594	28.648376
2.044723	30.765533	28.591156
2.097152	28.419495	26.111603
2.149581	29.201508	28.324127
2.202010	31.261444	29.354095
2.254438	34.313202	31.642914
2.306867	26.760101	22.716522
2.359296	28.362274	26.531219
2.411725	31.356812	28.400421
2.464154	29.411316	28.133392
2.516582	25.310516	26.283264
2.569011	28.133392	24.852753
2.621440	26.645660	23.880005
2.673869	31.280518	27.351379
2.726298	25.348663	24.986267
2.778726	29.411316	27.332306
2.831155	28.476715	26.817322
2.883584	26.931763	25.234222
2.936013	25.882721	26.321411
2.988442	29.411316	26.721954
3.040870	36.602020	32.196045
3.093299	30.326843	28.324127
3.145728	24.433136	22.201538
3.198157	27.713776	25.901794
3.250586	34.618378	32.730103
3.303014	33.626556	31.585693
3.355443	24.356842	21.438599
3.407872	26.969910	24.871826
3.460301	26.893616	25.348663
3.512730	28.228760	26.645660
3.565158	28.629303	25.596619
3.617587	25.863647	22.964478
3.670016	28.228760	27.103424
3.722445	33.550262	31.166077
3.774874	29.335022	26.130676
3.827302	27.904510	25.215149
3.879731	30.078888	28.228760
3.932160	31.909943	28.343201
3.984589	23.918152	21.133423
4.037018	30.879974	26.531219
4.089446	33.359528	29.468536
4.141875	32.768250	31.490326
4.194304	28.438568	25.806427
4.246733	32.539368	30.975342
4.299162	33.264160	33.111572
4.351590	33.111572	31.394958
4.404019	28.076172	27.046204
4.456448	30.632019	27.065277
4.508877	34.332275	31.776428
4.561306	27.427673	23.574829
4.613734	35.591125	33.607483
4.666163	26.302338	21.953583
4.718592	30.918121	29.487610
4.771021	28.266907	25.825500
4.823450	27.141571	24.490356
4.875878	27.236938	24.948120
4.928307	34.675598	32.005310
4.980736	38.719177	34.713745
5.033165	29.678345	28.972626
5.085594	38.318634	36.582947
5.138022	27.408600	24.642944
5.190451	27.351379	23.746490
5.242880	30.040741	27.961731
5.295309	29.888153	28.457642
5.347738	29.811859	26.473999
5.400166	31.299591	29.544830
5.452595	28.572083	25.100708
5.505024	34.008026	32.348633
5.557453	28.705597	24.585724
5.609882	28.076172	26.626587
5.662310	35.438538	31.833649
5.714739	27.618408	23.899078
5.767168	30.097961	26.836395
5.819597	29.773712	27.236938
5.872026	28.457642	26.187897
5.924454	30.727386	27.751923
5.976883	31.337738	27.694702
6.029312	26.016235	24.528503
6.081741	29.563904	28.114319
6.134170	29.087067	26.931763
6.186598	27.294159	25.978088
6.239027	23.384094	23.078918
6.291456	22.201538	21.514893
6.343885	32.005310	28.915405
6.396314	30.765533	27.942657
6.448742	29.315948	27.256012
6.501171	32.234192	28.915405
6.553600	28.667450	27.122498
6.606029	32.806396	30.517578
6.658458	29.678345	28.285980
6.710886	33.798218	30.517578
6.763315	25.749207	22.411346
6.815744	30.136108	28.572083
6.868173	29.830933	27.923584
6.920602	32.310486	31.108856
6.973030	29.544830	26.206970
7.025459	30.479431	27.866364
7.077888	33.226013	29.659271
7.130317	32.672882	29.563904
7.182746	39.710999	37.536621
7.235174	27.084351	24.375916
7.287603	30.460358	27.961731
7.340032	31.261444	31.070709
7.392461	32.844543	32.100677
7.444890	25.901794	25.081635
7.497318	28.877258	27.103424
7.549747	32.367706	29.716492
7.602176	27.980804	27.084351
7.654605	39.348602	35.247803
7.707034	25.939941	23.441315
7.759462	28.305054	26.187897
7.811891	29.945374	26.531219
7.864320	31.661987	29.602051
7.916749	28.896332	25.653839
7.969178	39.482117	36.010742
8.021606	31.471252	28.667450
8.074035	24.509430	23.632050
8.126464	30.002594	29.277802
8.178893	26.721954	24.394989
8.231322	27.980804	25.329590
8.283750	25.901794	24.528503
8.336179	26.950836	25.005341
8.388608	25.234222	22.830963
8.441037	37.517548	32.501221
8.493466	30.689240	29.239655
8.545894	31.547546	28.991699
8.598323	24.261475	22.697449
8.650752	23.231506	22.640228
8.703181	31.604767	28.343201
8.755610	33.264160	30.727386
8.808038	27.637482	25.844574
8.860467	29.411316	27.179718
8.912896	29.525757	27.885437
8.965325	30.632019	27.828217
9.017754	31.280518	28.362274
9.070182	27.198792	26.721954
9.122611	39.215088	35.648346
9.175040	34.618378	32.978058
9.227469	35.381317	32.196045
9.279898	29.125214	26.817322
9.332326	26.493073	22.735596
9.384755	28.095245	26.550293
9.437184	30.117035	27.790070
9.489613	32.978058	30.212402
9.542042	32.482147	28.800964
9.594470	34.446716	31.509399
9.646899	28.343201	25.558472
9.699328	22.373199	20.503998
9.751757	33.035278	29.964447
9.804186	28.152466	25.024414
9.856614	30.956268	28.095245
9.909043	27.770996	26.111603
9.961472	27.770996	25.062561
10.013901	37.784576	34.980774
10.066330	30.784607	30.021667
10.118758	28.533936	24.623871
10.171187	32.310486	30.708313
10.223616	33.130646	30.345917
10.276045	35.457611	31.929016
10.328474	29.163361	26.760101
10.380902	28.171539	27.904510
10.433331	27.999878	24.719238
10.485760	30.250549	29.163361
10.538189	33.092499	28.438568
10.590618	30.651093	28.896332
10.643046	31.261444	27.446747
10.695475	28.896332	26.683807
10.747904	26.111603	24.929047
10.800333	25.863647	24.776459
10.852762	27.103424	27.008057
10.905190	32.997131	31.585693
10.957619	32.367706	30.250549
11.010048	29.907227	24.795532
11.062477	30.479431	28.057098
11.114906	23.937225	21.114349
11.167334	26.550293	25.177002
11.219763	26.359558	24.814606
11.272192	24.700165	22.640228
11.324621	29.602051	25.672913
11.377050	25.310516	23.632050
11.429478	31.700134	29.220581
11.481907	32.005310	29.907227
11.534336	28.209686	25.577545
11.586765	31.204224	27.713776
11.639194	31.356812	28.343201
11.691622	29.163361	28.038025
11.744051	32.424927	31.051636
11.796480	35.591125	32.672882
11.848909	33.569336	30.002594
11.901338	29.506683	26.969910
11.953766	20.828247	20.389557
12.006195	35.076141	32.119751
12.058624	31.223297	29.067993
12.111053	30.002594	28.705597
12.163482	28.877258	26.664734
12.215910	23.689270	23.078918
12.268339	30.212402	27.885437
12.320768	33.626556	30.555725
12.373197	31.909943	30.155182
12.425626	30.555725	27.465820
12.478054	32.234192	29.087067
12.530483	29.487610	26.454926
12.582912	29.163361	26.416779
12.635341	26.512146	26.054382
12.687770	40.359497	35.743713
12.740198	29.029846	27.046204
12.792627	25.310516	24.871826
12.845056	25.157928	22.716522
12.897485	30.651093	27.294159
12.949914	25.005341	23.956299
13.002342	28.877258	26.416779
13.054771	25.806427	23.612976
13.107200	29.544830	25.997162
13.159629	28.820038	26.340485
13.212058	30.899048	29.087067
13.264486	29.487610	26.073456
13.316915	31.528473	29.239655
13.369344	28.343201	28.228760
13.421773	40.054321	34.046173
13.474202	35.266876	32.958984
13.526630	28.915405	27.999878
13.579059	33.569336	31.509399
13.631488	33.435822	31.356812
13.683917	30.384064	29.468536
13.736346	29.029846	27.847290
13.788774	30.765533	28.934479
13.841203	32.691956	31.051636
13.893632	32.711029	31.032562
13.946061	28.285980	23.880005
13.998490	29.602051	26.397705
14.050918	24.852753	23.994446
14.103347	29.830933	27.198792
14.155776	31.509399	28.629303
14.208205	31.547546	30.803680
14.260634	27.580261	23.097992
14.313062	32.825470	30.956268
14.365491	33.836365	29.048920
