3/3/2026	11:34 AM
Pseudo Cross Correlation
Scattering angle:	85.00
Duration (s):	15
Wavelength (nm):	660.0
Refractive index:	1.330
Viscosity (mPas):	1.002
Temperature (K):	293.2
Laser intensity (mW):	84.000000
Average Count rate  A (kHz):	27.5
Average Count rate  B (kHz):	25.4
Intercept:	0.8353
Cumulant 1st	13.1921
Cumulant 2nd	9.6541	10.0811
Cumulant 3rd	8.3159	11.8209

Lag time (s)         g2-1
1.25E-08	1.02794
2.5E-08	0.76275
3.75E-08	0.75495
5E-08	0.957745
6.25E-08	0.840748
7.5E-08	0.76275
8.75E-08	0.825148
1E-07	1.02794
1.125E-07	1.03574
1.25E-07	0.715952
1.375E-07	0.840748
1.5E-07	0.832948
1.625E-07	0.934345
1.75E-07	0.630154
1.875E-07	0.840748
2E-07	0.942145
2.125E-07	0.903146
2.375E-07	0.813449
2.625E-07	0.829048
2.875E-07	0.817349
3.125E-07	0.852448
3.375E-07	0.739351
3.625E-07	0.860247
3.875E-07	0.926546
4.125E-07	0.823198
4.625E-07	0.801749
5.125E-07	0.75885
5.625E-07	0.790049
6.125E-07	0.803699
6.625E-07	0.846598
7.125E-07	0.903146
7.625E-07	0.7725
8.125E-07	0.826123
9.125E-07	0.825148
1.0125E-06	0.831973
1.1125E-06	0.836848
1.2125E-06	0.799799
1.3125E-06	0.793949
1.4125E-06	0.77445
1.5125E-06	0.726676
1.6125E-06	0.854885
1.8125E-06	0.788099
2.0125E-06	0.816861
2.2125E-06	0.793462
2.4125E-06	0.824661
2.6125E-06	0.750076
2.8125E-06	0.796387
3.0125E-06	0.824661
3.2125E-06	0.798829
3.6125E-06	0.79761
4.0125E-06	0.792735
4.4125E-06	0.763973
4.8125E-06	0.780304
5.2125E-06	0.767386
5.6125E-06	0.787373
6.0125E-06	0.74813
6.4125E-06	0.770432
7.2125E-06	0.754467
8.0125E-06	0.742524
8.8125E-06	0.722537
9.6125E-06	0.732774
1.04125E-05	0.687681
1.12125E-05	0.712787
1.20125E-05	0.731433
1.28125E-05	0.713274
1.44125E-05	0.67068
1.60125E-05	0.663794
1.76125E-05	0.657762
1.92125E-05	0.667572
2.08125E-05	0.650941
2.24125E-05	0.630166
2.40125E-05	0.631872
2.56125E-05	0.625291
2.88125E-05	0.593421
3.20125E-05	0.596651
3.52125E-05	0.568376
3.84125E-05	0.549151
4.16125E-05	0.531754
4.48125E-05	0.529137
4.80125E-05	0.508267
5.12125E-05	0.497987
5.76125E-05	0.462586
6.40125E-05	0.446423
7.04125E-05	0.43352
7.68125E-05	0.407256
8.32125E-05	0.39903
8.96125E-05	0.386096
9.60125E-05	0.368973
0.000102413	0.361358
0.000115213	0.33447
0.000128013	0.311771
0.000140813	0.288965
0.000153613	0.284502
0.000166413	0.269473
0.000179213	0.261155
0.000192013	0.247041
0.000204813	0.241384
0.000230413	0.230646
0.000256013	0.22039
0.000281613	0.210476
0.000307213	0.203407
0.000332813	0.192244
0.000358413	0.185601
0.000384013	0.179035
0.000409613	0.171003
0.000460813	0.154519
0.000512013	0.145002
0.000563213	0.132797
0.000614413	0.12195
0.000665613	0.115023
0.000716813	0.104474
0.000768013	0.0947638
0.000819213	0.0905241
0.000921613	0.0771358
0.00102401	0.0689627
0.00112641	0.0621594
0.00122881	0.0523781
0.00133121	0.0465405
0.00143361	0.044999
0.00153601	0.0404096
0.00163841	0.036517
0.00184321	0.0271462
0.00204801	0.023641
0.00225281	0.0202862
0.00245761	0.0169382
0.00266241	0.0129614
0.00286721	0.00853608
0.00307201	0.00323698
0.00327681	0.00387047
0.00368641	0.00592457
0.00409601	0.00594677
0.00450561	0.00394144
0.00491521	0.00263882
0.00532481	-0.000588871
0.00573441	-0.0025689
0.00614401	-0.00195255
0.00655361	-0.0032298
0.00737281	-0.00214852
0.00819201	-0.0008546
0.00901121	-0.00335008
0.00983041	-0.00481181
0.0106496	-0.0011176
0.0114688	0.00250936
0.012288	0.00214377
0.0131072	-4.95927E-05
0.0147456	0.000100454
0.016384	0.00254557
0.0180224	-0.0023554
0.0196608	0.00168517
0.0212992	5.41096E-05
0.0229376	0.00219289
0.024576	0.00450871
0.0262144	0.00122751
0.0294912	-3.56687E-05
0.032768	-0.00392475
0.0360448	5.6098E-06
0.0393216	0.00121631
0.0425984	0.000513371
0.0458752	0.000218606
0.049152	0.00136205
0.0524288	-0.000825661
0.0589824	0.00104484
0.065536	0.00113192
0.0720896	0.00248694
0.0786432	-0.00175861
0.0851968	-0.00154774
0.0917504	0.00272173
0.098304	-0.000678634
0.104858	0.000194604
0.117965	-0.000857845
0.131072	0.00348652
0.144179	0.000362897
0.157286	0.000952277
0.170394	0.00206527
0.183501	0.00107315
0.196608	-0.000474283
0.209715	0.000578201
0.23593	0.00238703
0.262144	0.00120578
0.288358	0.00299478
0.314573	0.000803781
0.340787	0.00157743
0.367002	0.00250608
0.393216	0.00132285
0.41943	0.000837247
0.471859	0.000832567
0.524288	0.00208588
0.576717	0.00181432
0.629146	0.00200107
0.681574	0.00092246
0.734003	0.00195671
0.786432	0.0013562
0.838861	0.00180132
0.943718	0.00128815
1.04858	0.00136391
1.15343	0.00106154
1.25829	0.000189952
1.36315	-5.67262E-05
1.46801	-0.000536293
1.57286	0.00042078
1.67772	0.00100101
1.88744	0.000435832
2.09715	0.000319372
2.30687	0.00038236
2.51658	0.000181708
2.7263	0.00127459
2.93601	0.00140778
3.14573	0.00187064
3.35544	0.00219385
3.77487	0.000113872
4.1943	-3.55921E-05
4.61373	4.206E-05
5.03316	-0.00243728
5.4526	-0.001111
5.87203	-0.00171485
6.29146	-0.00291052
6.71089	-0.00415268
7.54975	-0.00617224
8.38861	-0.00299999
9.22747	-0.00345723
10.0663	-0.00420719
10.9052	-0.00638903
11.7441	0.000617159
12.5829	0.0190153

Count Rate History (KHz)  CR CHA / CR CHB
0.000000	25.596619	24.490356
0.052429	24.051666	21.877289
0.104858	28.152466	25.291443
0.157286	22.735596	21.419525
0.209715	25.272369	24.070740
0.262144	28.839111	26.149750
0.314573	29.048920	24.700165
0.367002	29.525757	27.065277
0.419430	26.493073	25.310516
0.471859	25.787354	23.918152
0.524288	25.310516	24.833679
0.576717	25.939941	24.528503
0.629146	26.283264	24.795532
0.681574	25.882721	24.642944
0.734003	28.629303	25.825500
0.786432	28.285980	25.272369
0.838861	28.591156	25.939941
0.891290	24.223328	23.231506
0.943718	31.967163	28.190613
0.996147	27.885437	26.779175
1.048576	26.588440	25.234222
1.101005	27.732849	27.370453
1.153434	29.926300	26.321411
1.205862	38.204193	34.027100
1.258291	25.177002	24.032593
1.310720	24.948120	24.509430
1.363149	27.790070	26.359558
1.415578	26.588440	24.414063
1.468006	25.444031	23.536682
1.520435	27.065277	25.749207
1.572864	25.539398	24.375916
1.625293	26.245117	24.070740
1.677722	29.888153	26.111603
1.730150	24.700165	23.670197
1.782579	29.430389	27.217865
1.835008	30.250549	27.313232
1.887437	29.106140	27.408600
1.939866	24.776459	23.975372
1.992294	28.076172	26.073456
2.044723	27.351379	25.730133
2.097152	23.765564	22.869110
2.149581	24.986267	24.337769
2.202010	29.487610	29.010773
2.254438	25.596619	26.092529
2.306867	26.416779	24.280548
2.359296	27.656555	26.359558
2.411725	26.264191	25.272369
2.464154	27.999878	26.283264
2.516582	25.901794	24.623871
2.569011	26.874542	23.727417
2.621440	28.591156	25.081635
2.673869	23.384094	22.621155
2.726298	27.523041	24.433136
2.778726	31.719208	29.582977
2.831155	25.100708	21.839142
2.883584	26.798248	23.994446
2.936013	28.553009	25.978088
2.988442	26.683807	23.307800
3.040870	26.531219	23.956299
3.093299	29.163361	25.558472
3.145728	26.321411	23.803711
3.198157	24.509430	23.574829
3.250586	29.678345	26.226044
3.303014	27.980804	26.130676
3.355443	28.648376	23.574829
3.407872	29.945374	27.637482
3.460301	29.659271	29.010773
3.512730	30.307770	27.160645
3.565158	26.168823	23.269653
3.617587	38.757324	35.076141
3.670016	28.400421	27.008057
3.722445	24.967194	24.242401
3.774874	24.147034	22.411346
3.827302	27.980804	24.070740
3.879731	27.484894	24.909973
3.932160	28.743744	25.405884
3.984589	29.296875	25.711060
4.037018	28.533936	27.256012
4.089446	25.501251	24.242401
4.141875	31.394958	28.591156
4.194304	23.899078	23.365021
4.246733	28.820038	28.171539
4.299162	26.779175	25.634766
4.351590	27.198792	24.147034
4.404019	24.948120	23.117065
4.456448	26.645660	24.051666
4.508877	29.487610	28.419495
4.561306	25.424957	23.784637
4.613734	31.738281	30.803680
4.666163	32.653809	29.258728
4.718592	26.741028	24.700165
4.771021	29.125214	26.035309
4.823450	30.937195	28.934479
4.875878	27.065277	25.138855
4.928307	25.882721	23.536682
4.980736	28.972626	26.493073
5.033165	24.757385	22.392273
5.085594	26.760101	24.490356
5.138022	23.078918	22.716522
5.190451	28.629303	25.463104
5.242880	28.762817	26.130676
5.295309	27.999878	24.757385
5.347738	30.212402	27.732849
5.400166	28.190613	25.939941
5.452595	23.899078	22.411346
5.505024	26.855469	24.776459
5.557453	25.901794	24.204254
5.609882	28.152466	26.454926
5.662310	25.768280	25.444031
5.714739	29.582977	27.866364
5.767168	24.700165	24.681091
5.819597	32.863617	29.449463
5.872026	25.043488	22.811890
5.924454	28.514862	26.092529
5.976883	30.250549	28.285980
6.029312	27.904510	26.893616
6.081741	29.659271	26.874542
6.134170	28.343201	25.463104
6.186598	26.988983	25.787354
6.239027	27.370453	25.234222
6.291456	30.002594	27.770996
6.343885	31.452179	29.945374
6.396314	27.313232	27.351379
6.448742	28.724670	25.997162
6.501171	23.860931	22.487640
6.553600	27.923584	23.975372
6.606029	28.553009	27.561188
6.658458	25.119781	22.296906
6.710886	27.637482	25.463104
6.763315	24.890900	23.574829
6.815744	29.144287	27.770996
6.868173	29.964447	29.754639
6.920602	27.275085	24.871826
6.973030	27.847290	26.073456
7.025459	25.100708	23.250580
7.077888	29.544830	25.577545
7.130317	30.059814	27.313232
7.182746	29.869080	26.130676
7.235174	28.743744	26.836395
7.287603	25.291443	23.174286
7.340032	26.416779	25.119781
7.392461	26.168823	25.825500
7.444890	28.743744	26.702881
7.497318	25.634766	23.307800
7.549747	22.068024	20.408630
7.602176	26.817322	25.157928
7.654605	26.836395	24.662018
7.707034	33.092499	29.697418
7.759462	29.983521	26.798248
7.811891	25.138855	24.509430
7.864320	25.157928	22.811890
7.916749	23.021698	21.991730
7.969178	28.362274	26.817322
8.021606	28.171539	27.313232
8.074035	26.950836	25.386810
8.126464	28.381348	26.359558
8.178893	24.681091	23.059845
8.231322	22.220612	20.141602
8.283750	24.433136	22.735596
8.336179	30.956268	27.732849
8.388608	28.152466	24.299622
8.441037	29.811859	28.209686
8.493466	22.926331	22.163391
8.545894	26.836395	23.422241
8.598323	27.160645	23.136139
8.650752	27.847290	25.424957
8.703181	26.206970	23.136139
8.755610	25.920868	25.081635
8.808038	27.675629	26.798248
8.860467	29.811859	27.809143
8.912896	27.275085	25.386810
8.965325	33.874512	30.059814
9.017754	25.463104	23.536682
9.070182	29.106140	25.367737
9.122611	34.008026	29.144287
9.175040	24.757385	25.348663
9.227469	24.070740	23.155212
9.279898	27.847290	24.585724
9.332326	29.239655	27.828217
9.384755	33.664703	32.348633
9.437184	24.318695	22.201538
9.489613	26.493073	23.269653
9.542042	25.844574	23.994446
9.594470	28.324127	26.760101
9.646899	27.484894	24.509430
9.699328	30.612946	27.160645
9.751757	24.356842	21.705627
9.804186	22.563934	21.915436
9.856614	30.097961	29.315948
9.909043	28.514862	26.359558
9.961472	23.078918	22.220612
10.013901	28.362274	27.523041
10.066330	24.890900	23.078918
10.118758	26.569366	24.528503
10.171187	29.468536	27.008057
10.223616	29.354095	27.198792
10.276045	28.839111	24.814606
10.328474	27.217865	25.730133
10.380902	23.193359	22.602081
10.433331	30.517578	27.751923
10.485760	28.171539	26.664734
10.538189	29.582977	26.721954
10.590618	25.978088	22.964478
10.643046	29.220581	26.016235
10.695475	27.446747	26.550293
10.747904	25.959015	23.899078
10.800333	29.811859	28.667450
10.852762	27.027130	25.005341
10.905190	27.256012	24.375916
10.957619	23.574829	22.430420
11.010048	25.100708	24.604797
11.062477	26.931763	25.463104
11.114906	27.904510	26.397705
11.167334	24.795532	24.719238
11.219763	26.760101	23.326874
11.272192	28.419495	26.187897
11.324621	28.667450	27.446747
11.377050	28.896332	27.065277
11.429478	23.860931	23.307800
11.481907	25.978088	24.509430
11.534336	23.250580	21.057129
11.586765	26.855469	24.223328
11.639194	30.002594	28.209686
11.691622	25.291443	23.212433
11.744051	24.185181	20.980835
11.796480	21.171570	20.103455
11.848909	25.367737	23.441315
11.901338	25.539398	23.288727
11.953766	25.367737	23.612976
12.006195	27.370453	24.833679
12.058624	29.106140	26.512146
12.111053	25.062561	23.517609
12.163482	26.512146	22.258759
12.215910	24.833679	22.468567
12.268339	25.863647	24.547577
12.320768	28.285980	25.730133
12.373197	27.256012	26.435852
12.425626	28.953552	27.122498
12.478054	35.266876	31.642914
12.530483	25.730133	24.032593
12.582912	27.465820	26.779175
12.635341	24.299622	22.926331
12.687770	28.724670	27.942657
12.740198	29.354095	27.351379
12.792627	27.256012	25.291443
12.845056	27.580261	25.825500
12.897485	36.716461	33.626556
12.949914	32.062531	28.762817
13.002342	28.610229	25.882721
13.054771	37.937164	34.999847
13.107200	26.302338	22.315979
13.159629	27.141571	25.253296
13.212058	25.215149	24.242401
13.264486	31.147003	29.220581
13.316915	27.809143	25.444031
13.369344	28.591156	25.691986
13.421773	31.452179	28.915405
13.474202	24.166107	22.621155
13.526630	27.484894	25.463104
13.579059	29.029846	26.454926
13.631488	25.806427	24.299622
13.683917	26.321411	24.471283
13.736346	26.741028	23.574829
13.788774	24.757385	23.040771
13.841203	25.577545	23.670197
13.893632	25.100708	23.860931
13.946061	26.855469	24.318695
13.998490	23.365021	20.446777
14.050918	33.302307	28.305054
14.103347	24.032593	22.926331
14.155776	29.258728	27.904510
14.208205	30.803680	27.885437
14.260634	27.008057	23.841858
14.313062	37.574768	35.228729
14.365491	22.258759	21.133423
14.417920	27.618408	25.329590
14.470349	32.196045	29.506683
14.522778	23.899078	20.656586
14.575206	24.185181	23.956299
14.627635	26.569366	23.841858
