3/3/2026	11:3 AM
Pseudo Cross Correlation
Scattering angle:	20.01
Duration (s):	15
Wavelength (nm):	660.0
Refractive index:	1.330
Viscosity (mPas):	1.002
Temperature (K):	293.2
Laser intensity (mW):	84.000000
Average Count rate  A (kHz):	360.7
Average Count rate  B (kHz):	330.1
Intercept:	0.9724
Cumulant 1st	339.8702
Cumulant 2nd	219.1583	218.2261
Cumulant 3rd	159.4127	216.6675

Lag time (s)         g2-1
1.25E-08	0.99705
2.5E-08	0.971753
3.75E-08	0.980296
5E-08	0.995959
6.25E-08	0.986703
7.5E-08	0.984425
8.75E-08	0.988127
1E-07	0.984046
1.125E-07	0.988839
1.25E-07	0.983998
1.375E-07	1.01404
1.5E-07	0.973983
1.625E-07	0.983808
1.75E-07	0.96582
1.875E-07	0.98509
2E-07	0.994155
2.125E-07	0.991779
2.375E-07	0.993535
2.625E-07	0.984992
2.875E-07	0.99204
3.125E-07	0.974004
3.375E-07	0.995861
3.625E-07	0.992277
3.875E-07	0.98352
4.125E-07	0.976389
4.625E-07	0.997676
5.125E-07	0.982773
5.625E-07	0.990521
6.125E-07	0.990141
6.625E-07	0.990213
7.125E-07	0.994152
7.625E-07	0.989489
8.125E-07	0.990705
9.125E-07	0.978952
1.0125E-06	0.988623
1.1125E-06	0.983277
1.2125E-06	0.978163
1.3125E-06	0.984434
1.4125E-06	0.989892
1.5125E-06	0.98301
1.6125E-06	0.98412
1.8125E-06	0.983114
2.0125E-06	0.98681
2.2125E-06	0.98972
2.4125E-06	0.983823
2.6125E-06	0.983257
2.8125E-06	0.986039
3.0125E-06	0.983227
3.2125E-06	0.984375
3.6125E-06	0.987027
4.0125E-06	0.985717
4.4125E-06	0.985218
4.8125E-06	0.988067
5.2125E-06	0.98569
5.6125E-06	0.986598
6.0125E-06	0.984477
6.4125E-06	0.982782
7.2125E-06	0.986044
8.0125E-06	0.984892
8.8125E-06	0.985421
9.6125E-06	0.98419
1.04125E-05	0.985593
1.12125E-05	0.982604
1.20125E-05	0.984725
1.28125E-05	0.984244
1.44125E-05	0.982781
1.60125E-05	0.984375
1.76125E-05	0.981963
1.92125E-05	0.982772
2.08125E-05	0.982772
2.24125E-05	0.98357
2.40125E-05	0.981788
2.56125E-05	0.982163
2.88125E-05	0.981169
3.20125E-05	0.980624
3.52125E-05	0.9802
3.84125E-05	0.978362
4.16125E-05	0.979639
4.48125E-05	0.97797
4.80125E-05	0.976802
5.12125E-05	0.976819
5.76125E-05	0.976543
6.40125E-05	0.975172
7.04125E-05	0.974449
7.68125E-05	0.973635
8.32125E-05	0.972325
8.96125E-05	0.971612
9.60125E-05	0.970976
0.000102413	0.969769
0.000115213	0.96758
0.000128013	0.965427
0.000140813	0.963971
0.000153613	0.961906
0.000166413	0.959845
0.000179213	0.9579
0.000192013	0.955688
0.000204813	0.954531
0.000230413	0.95089
0.000256013	0.947842
0.000281613	0.9446
0.000307213	0.941177
0.000332813	0.937741
0.000358413	0.934817
0.000384013	0.932284
0.000409613	0.929192
0.000460813	0.923558
0.000512013	0.917943
0.000563213	0.912697
0.000614413	0.907554
0.000665613	0.902908
0.000716813	0.898429
0.000768013	0.893591
0.000819213	0.889789
0.000921613	0.881696
0.00102401	0.874757
0.00112641	0.867937
0.00122881	0.861968
0.00133121	0.856405
0.00143361	0.851102
0.00153601	0.845773
0.00163841	0.840998
0.00184321	0.831925
0.00204801	0.823668
0.00225281	0.816559
0.00245761	0.810043
0.00266241	0.804171
0.00286721	0.798564
0.00307201	0.792977
0.00327681	0.787736
0.00368641	0.776743
0.00409601	0.7675
0.00450561	0.759322
0.00491521	0.751323
0.00532481	0.743409
0.00573441	0.73655
0.00614401	0.729899
0.00655361	0.722817
0.00737281	0.709529
0.00819201	0.69649
0.00901121	0.685003
0.00983041	0.673467
0.0106496	0.661407
0.0114688	0.648896
0.012288	0.636464
0.0131072	0.626879
0.0147456	0.608085
0.016384	0.592372
0.0180224	0.577769
0.0196608	0.559495
0.0212992	0.545475
0.0229376	0.532394
0.024576	0.519495
0.0262144	0.50681
0.0294912	0.486632
0.032768	0.466162
0.0360448	0.447878
0.0393216	0.429947
0.0425984	0.409337
0.0458752	0.397232
0.049152	0.385918
0.0524288	0.375508
0.0589824	0.354204
0.065536	0.332727
0.0720896	0.307792
0.0786432	0.284836
0.0851968	0.269683
0.0917504	0.246398
0.098304	0.226347
0.104858	0.213611
0.117965	0.199973
0.131072	0.196582
0.144179	0.189656
0.157286	0.183846
0.170394	0.164873
0.183501	0.158899
0.196608	0.154251
0.209715	0.142867
0.23593	0.102494
0.262144	0.091749
0.288358	0.0621872
0.314573	0.0494614
0.340787	0.0642482
0.367002	0.070883
0.393216	0.0963072
0.41943	0.11058
0.471859	0.155775
0.524288	0.19173
0.576717	0.162245
0.629146	0.126073
0.681574	0.102466
0.734003	0.1054
0.786432	0.124071
0.838861	0.125876
0.943718	0.144381
1.04858	0.15931
1.15343	0.0926698
1.25829	0.097403
1.36315	0.134936
1.46801	0.167861
1.57286	0.121732
1.67772	0.0760818
1.88744	0.110522
2.09715	0.178151
2.30687	0.132184
2.51658	0.0896328
2.7263	0.0227179
2.93601	0.0423851
3.14573	0.0223994
3.35544	-0.000642226
3.77487	0.0217943
4.1943	0.0401683
4.61373	0.0275903
5.03316	0.011364
5.4526	0.0602239
5.87203	0.072936
6.29146	0.118918
6.71089	0.137896
7.54975	0.275445
8.38861	0.381522
9.22747	0.452782
10.0663	0.773938
10.9052	0.710654
11.7441	0.832966
12.5829	1.38924

Count Rate History (KHz)  CR CHA / CR CHB
0.000000	620.155334	568.599701
0.052429	198.001862	180.759430
0.104858	156.784058	143.470764
0.157286	160.923004	150.890350
0.209715	157.222748	144.844055
0.262144	351.963043	321.254730
0.314573	316.352844	290.584564
0.367002	98.667145	90.389252
0.419430	254.421234	232.143402
0.471859	118.198395	108.261108
0.524288	375.633240	344.619751
0.576717	555.267334	508.995056
0.629146	565.948486	520.648956
0.681574	78.773499	75.531006
0.734003	217.247009	195.560455
0.786432	387.649536	354.499817
0.838861	615.520477	557.003021
0.891290	351.676941	321.044922
0.943718	208.683014	194.034576
0.996147	134.372711	121.364594
1.048576	91.438293	86.555481
1.101005	246.143341	218.238831
1.153434	131.855011	118.961334
1.205862	80.013275	75.492859
1.258291	106.048584	98.342896
1.310720	235.233307	208.816528
1.363149	707.836151	648.002625
1.415578	530.719757	488.739014
1.468006	304.794312	280.399323
1.520435	283.660889	262.203217
1.572864	412.425995	380.420685
1.625293	134.220123	122.871399
1.677722	165.939331	151.786804
1.730150	143.318176	131.835938
1.782579	259.571075	237.293243
1.835008	358.791351	323.753357
1.887437	846.290588	767.230988
1.939866	429.992676	396.957397
1.992294	410.861969	366.535187
2.044723	390.090942	353.317261
2.097152	147.895813	133.399963
2.149581	110.168457	100.250244
2.202010	540.390015	505.542755
2.254438	300.388336	277.843475
2.306867	310.516357	278.987885
2.359296	107.536316	97.866058
2.411725	220.775604	201.377869
2.464154	100.765228	92.163086
2.516582	238.323212	223.789215
2.569011	214.824677	190.715790
2.621440	156.593323	143.318176
2.673869	597.858429	550.422668
2.726298	300.426483	274.200439
2.778726	456.943512	416.564941
2.831155	662.155151	602.531433
2.883584	173.339844	157.642365
2.936013	203.514099	186.347961
2.988442	659.217834	600.051880
3.040870	724.735260	660.228729
3.093299	274.906158	248.947144
3.145728	303.459167	272.712708
3.198157	671.596527	616.836548
3.250586	510.482788	467.796326
3.303014	465.621948	433.120728
3.355443	226.745605	207.786560
3.407872	327.472687	305.023193
3.460301	183.105469	171.432495
3.512730	260.601044	242.328644
3.565158	187.187195	168.838501
3.617587	185.279846	171.737671
3.670016	388.774872	357.074738
3.722445	595.760345	538.406372
3.774874	419.998169	391.979218
3.827302	168.704987	156.269073
3.879731	213.470459	194.339752
3.932160	133.399963	120.773315
3.984589	55.770874	51.040649
4.037018	116.062164	107.192993
4.089446	127.182007	114.440918
4.141875	453.109741	411.453247
4.194304	703.659058	645.523071
4.246733	634.040833	576.572418
4.299162	170.230865	157.432556
4.351590	110.721588	101.947784
4.404019	169.830322	156.631470
4.456448	439.147949	401.649475
4.508877	145.397186	134.048462
4.561306	137.386322	125.350952
4.613734	77.857971	71.296692
4.666163	131.549835	122.032166
4.718592	167.503357	154.495239
4.771021	203.437805	186.347961
4.823450	234.050751	214.023590
4.875878	198.898315	177.536011
4.928307	433.120728	398.712158
4.980736	125.789642	113.887787
5.033165	195.903778	180.301666
5.085594	117.053986	107.784271
5.138022	665.531158	605.068207
5.190451	536.842346	482.692719
5.242880	266.475677	246.772766
5.295309	336.494446	312.690735
5.347738	398.998260	365.791321
5.400166	82.798004	75.702667
5.452595	101.470947	95.424652
5.505024	114.955902	102.558136
5.557453	161.190033	144.882202
5.609882	128.383636	116.996765
5.662310	165.405273	153.713226
5.714739	293.331146	268.707275
5.767168	175.037384	164.012909
5.819597	270.423889	243.453979
5.872026	291.156769	268.630981
5.924454	491.256714	445.137024
5.976883	248.718262	226.421356
6.029312	230.426788	213.718414
6.081741	358.848572	328.636169
6.134170	211.429596	197.353363
6.186598	231.761932	209.884644
6.239027	93.421936	85.144043
6.291456	200.557709	188.617706
6.343885	515.174866	463.142395
6.396314	354.003906	321.369171
6.448742	346.088409	314.540863
6.501171	380.744934	345.211029
6.553600	252.799988	234.279633
6.606029	54.187775	48.656464
6.658458	88.901520	83.503723
6.710886	206.069946	190.849304
6.763315	401.134491	368.385315
6.815744	517.864227	468.616486
6.868173	203.113556	188.179016
6.920602	130.729675	120.353699
6.973030	238.533020	220.165253
7.025459	100.765228	91.667175
7.077888	82.702637	77.400208
7.130317	208.873749	191.287994
7.182746	165.061951	154.857635
7.235174	131.168365	121.135712
7.287603	347.537994	318.336487
7.340032	251.407623	230.407715
7.392461	147.418976	134.811401
7.444890	188.426971	175.666809
7.497318	256.042480	238.990784
7.549747	87.776184	82.321167
7.602176	52.909851	50.106049
7.654605	102.977753	95.787048
7.707034	143.642426	131.206512
7.759462	494.117737	451.335907
7.811891	158.729553	147.418976
7.864320	155.258179	144.729614
7.916749	102.138519	91.400146
7.969178	101.280212	92.773438
8.021606	201.797485	179.901123
8.074035	74.558258	66.928864
8.126464	65.383911	59.585571
8.178893	427.589417	391.941071
8.231322	370.330811	337.600708
8.283750	337.600708	306.301117
8.336179	368.576050	342.903137
8.388608	274.162292	256.633759
8.441037	204.010010	190.353394
8.493466	301.132202	273.036957
8.545894	767.860413	712.985992
8.598323	481.395721	445.308685
8.650752	96.187592	86.288452
8.703181	186.481476	172.080994
8.755610	202.846527	189.018250
8.808038	146.713257	137.538910
8.860467	529.289246	488.338470
8.912896	528.278351	479.145050
8.965325	136.337280	125.083923
9.017754	93.078613	86.288452
9.070182	508.861542	472.145081
9.122611	353.469849	321.102142
9.175040	273.494720	249.519348
9.227469	199.031830	181.293488
9.279898	233.325958	214.042664
9.332326	308.628082	279.197693
9.384755	149.612427	139.980316
9.437184	120.239258	108.757019
9.489613	152.225494	142.326355
9.542042	294.361115	270.080566
9.594470	405.654907	371.265411
9.646899	596.790314	550.880432
9.699328	147.285461	132.465363
9.751757	185.623169	173.988342
9.804186	141.010284	130.004883
9.856614	139.141083	130.729675
9.909043	89.759827	82.836151
9.961472	131.320953	118.503571
10.013901	182.342529	167.903900
10.066330	351.390839	320.358276
10.118758	387.916565	358.448029
10.171187	538.730621	489.749908
10.223616	521.011353	476.589203
10.276045	651.168823	601.596832
10.328474	252.723694	236.778259
10.380902	274.620056	244.731903
10.433331	888.042450	806.198120
10.485760	828.247070	758.323669
10.538189	464.019775	421.924591
10.590618	789.394379	726.757050
10.643046	1496.562958	1368.026733
10.695475	960.483551	886.058807
10.747904	829.448700	750.102997
10.800333	476.150513	438.308716
10.852762	386.619568	348.701477
10.905190	246.181488	227.432251
10.957619	336.074829	305.213928
11.010048	265.254974	242.137909
11.062477	334.968567	309.963226
11.114906	508.460999	466.365814
11.167334	891.590118	816.326141
11.219763	534.610748	481.967926
11.272192	265.159607	241.641998
11.324621	491.695404	447.063446
11.377050	180.072784	170.860291
11.429478	644.969940	589.046478
11.481907	563.678741	521.030426
11.534336	666.046143	607.795715
11.586765	519.771576	475.559235
11.639194	750.312805	682.506561
11.691622	987.758636	901.870728
11.744051	865.573883	786.533356
11.796480	269.527435	247.039795
11.848909	153.026581	143.241882
11.901338	266.227722	242.633820
11.953766	1124.019623	1029.758453
12.006195	905.189514	819.606781
12.058624	430.774689	398.311615
12.111053	767.860413	705.013275
12.163482	430.374146	386.600494
12.215910	479.297638	434.150696
12.268339	329.780579	298.309326
12.320768	234.508514	215.282440
12.373197	230.922699	212.116241
12.425626	203.666687	187.168121
12.478054	415.649414	378.837585
12.530483	281.352997	252.399445
12.582912	1150.817871	1065.692902
12.635341	1593.875885	1441.383362
12.687770	1999.797821	1826.286316
12.740198	1592.159271	1462.039948
12.792627	1035.976410	940.132141
12.845056	1194.953918	1100.025177
12.897485	610.809326	555.229187
12.949914	279.502869	250.625610
13.002342	383.872986	349.979401
13.054771	441.112518	402.584076
13.107200	485.324860	448.436737
13.159629	412.101746	378.742218
13.212058	922.222137	835.685730
13.264486	998.268127	906.486511
13.316915	346.546173	318.222046
13.369344	307.540894	280.513763
13.421773	620.574951	571.861267
13.474202	625.381470	576.763153
13.526630	456.657410	419.845581
13.579059	336.170197	301.303864
13.631488	621.414185	566.425323
13.683917	613.136292	564.079285
13.736346	228.576660	209.312439
13.788774	122.928619	117.034912
13.841203	140.953064	128.250122
13.893632	117.721558	108.680725
13.946061	122.642517	115.566254
13.998490	165.634155	150.909424
14.050918	447.387695	418.758392
14.103347	835.247040	753.383636
