3/3/2026	11:7 AM
Pseudo Cross Correlation
Scattering angle:	27.99
Duration (s):	15
Wavelength (nm):	660.0
Refractive index:	1.330
Viscosity (mPas):	0.999
Temperature (K):	293.2
Laser intensity (mW):	84.000000
Average Count rate  A (kHz):	97.0
Average Count rate  B (kHz):	89.1
Intercept:	0.8717
Cumulant 1st	39.6630
Cumulant 2nd	25.0787	25.5545
Cumulant 3rd	19.6845	26.2891

Lag time (s)         g2-1
1.25E-08	0.955159
2.5E-08	0.952591
3.75E-08	0.865909
5E-08	0.868477
6.25E-08	0.891592
7.5E-08	0.910855
8.75E-08	0.850499
1E-07	0.860772
1.125E-07	0.885172
1.25E-07	0.89095
1.375E-07	0.851783
1.5E-07	0.900582
1.625E-07	0.900582
1.75E-07	0.808763
1.875E-07	0.869761
2E-07	0.781795
2.125E-07	0.872651
2.375E-07	0.907645
2.625E-07	0.875219
2.875E-07	0.852746
3.125E-07	0.898013
3.375E-07	0.862699
3.625E-07	0.872651
3.875E-07	0.893519
4.125E-07	0.855154
4.625E-07	0.868317
5.125E-07	0.870404
5.625E-07	0.864143
6.125E-07	0.867675
6.625E-07	0.876985
7.125E-07	0.851301
7.625E-07	0.85082
8.125E-07	0.857642
9.125E-07	0.89079
1.0125E-06	0.868317
1.1125E-06	0.856037
1.2125E-06	0.859568
1.3125E-06	0.871286
1.4125E-06	0.874577
1.5125E-06	0.874096
1.6125E-06	0.862658
1.8125E-06	0.874778
2.0125E-06	0.892917
2.2125E-06	0.86928
2.4125E-06	0.870283
2.6125E-06	0.874136
2.8125E-06	0.863381
3.0125E-06	0.882403
3.2125E-06	0.869721
3.6125E-06	0.870624
4.0125E-06	0.874697
4.4125E-06	0.873253
4.8125E-06	0.874216
5.2125E-06	0.860692
5.6125E-06	0.877326
6.0125E-06	0.869641
6.4125E-06	0.86944
7.2125E-06	0.865859
8.0125E-06	0.869601
8.8125E-06	0.871316
9.6125E-06	0.871637
1.04125E-05	0.853047
1.12125E-05	0.859478
1.20125E-05	0.853278
1.28125E-05	0.858846
1.44125E-05	0.864349
1.60125E-05	0.859974
1.76125E-05	0.8585
1.92125E-05	0.858374
2.08125E-05	0.859578
2.24125E-05	0.858911
2.40125E-05	0.859974
2.56125E-05	0.855224
2.88125E-05	0.85183
3.20125E-05	0.848983
3.52125E-05	0.843012
3.84125E-05	0.84029
4.16125E-05	0.840739
4.48125E-05	0.842022
4.80125E-05	0.834678
5.12125E-05	0.830514
5.76125E-05	0.82986
6.40125E-05	0.822244
7.04125E-05	0.815394
7.68125E-05	0.816649
8.32125E-05	0.808939
8.96125E-05	0.804041
9.60125E-05	0.801221
0.000102413	0.795276
0.000115213	0.791605
0.000128013	0.780093
0.000140813	0.773791
0.000153613	0.765692
0.000166413	0.756533
0.000179213	0.749538
0.000192013	0.742965
0.000204813	0.737821
0.000230413	0.723766
0.000256013	0.711316
0.000281613	0.698497
0.000307213	0.687388
0.000332813	0.676877
0.000358413	0.667933
0.000384013	0.658158
0.000409613	0.647959
0.000460813	0.629761
0.000512013	0.613463
0.000563213	0.599159
0.000614413	0.583702
0.000665613	0.572379
0.000716813	0.559931
0.000768013	0.54783
0.000819213	0.537272
0.000921613	0.519835
0.00102401	0.50348
0.00112641	0.490149
0.00122881	0.477636
0.00133121	0.46607
0.00143361	0.45466
0.00153601	0.444737
0.00163841	0.436658
0.00184321	0.418954
0.00204801	0.404091
0.00225281	0.391441
0.00245761	0.381284
0.00266241	0.371064
0.00286721	0.361115
0.00307201	0.351544
0.00327681	0.341596
0.00368641	0.322714
0.00409601	0.303533
0.00450561	0.28499
0.00491521	0.271403
0.00532481	0.259836
0.00573441	0.248093
0.00614401	0.239711
0.00655361	0.230452
0.00737281	0.210088
0.00819201	0.188808
0.00901121	0.170925
0.00983041	0.149656
0.0106496	0.133081
0.0114688	0.123827
0.012288	0.11269
0.0131072	0.103714
0.0147456	0.0920565
0.016384	0.0820363
0.0180224	0.0696971
0.0196608	0.0609983
0.0212992	0.0540803
0.0229376	0.0534109
0.024576	0.0406834
0.0262144	0.029879
0.0294912	0.0332336
0.032768	0.0440979
0.0360448	0.0383438
0.0393216	0.0311273
0.0425984	0.0193011
0.0458752	0.0144067
0.049152	0.0122703
0.0524288	0.00707681
0.0589824	0.00515087
0.065536	0.0126357
0.0720896	0.0174927
0.0786432	0.00834103
0.0851968	0.00594824
0.0917504	0.0184999
0.098304	0.0205798
0.104858	0.0206
0.117965	0.0165092
0.131072	0.0208372
0.144179	0.00917446
0.157286	0.0175684
0.170394	0.0157748
0.183501	0.0201209
0.196608	0.0297732
0.209715	0.0250606
0.23593	0.0138604
0.262144	0.0117534
0.288358	0.00615461
0.314573	-0.000593517
0.340787	-0.000704369
0.367002	0.00207161
0.393216	0.0148746
0.41943	0.00519953
0.471859	0.00279167
0.524288	0.00586295
0.576717	0.00668839
0.629146	-0.0021228
0.681574	-0.0172945
0.734003	-0.00214208
0.786432	0.00421262
0.838861	-0.00646463
0.943718	-0.0158407
1.04858	-0.0114073
1.15343	-0.00702796
1.25829	0.00904115
1.36315	0.00756088
1.46801	-0.000589975
1.57286	-0.00201068
1.67772	0.00175618
1.88744	0.00138513
2.09715	0.00432548
2.30687	-0.0148955
2.51658	-0.0060487
2.7263	-0.00110405
2.93601	-0.00197287
3.14573	0.00299617
3.35544	-0.000505215
3.77487	-0.0118391
4.1943	-0.0078052
4.61373	0.00283587
5.03316	0.000108437
5.4526	-0.00786164
5.87203	-0.0079191
6.29146	-0.0048021
6.71089	-0.0471943
7.54975	-0.0655839
8.38861	-0.0732439
9.22747	-0.0932778
10.0663	-0.0754796
10.9052	-0.0683886
11.7441	-0.105201
12.5829	-0.119563

Count Rate History (KHz)  CR CHA / CR CHB
0.000000	65.956116	58.917999
0.052429	93.441010	87.718964
0.104858	96.817017	87.032318
0.157286	133.972168	124.340057
0.209715	70.896149	66.375732
0.262144	178.451538	165.691376
0.314573	76.274872	68.130493
0.367002	86.822510	79.841614
0.419430	68.264008	63.362122
0.471859	81.577301	74.348450
0.524288	73.394775	66.623688
0.576717	106.067657	98.514557
0.629146	52.967072	46.901703
0.681574	44.574738	41.561127
0.734003	50.659180	43.735504
0.786432	155.220032	146.141052
0.838861	201.511383	188.770294
0.891290	131.607056	124.454498
0.943718	85.983276	79.441071
0.996147	183.963776	169.181824
1.048576	123.767853	108.585358
1.101005	93.326569	86.402893
1.153434	84.896088	81.043243
1.205862	78.907013	73.547363
1.258291	55.942535	50.983429
1.310720	106.849670	97.999573
1.363149	138.320923	127.811432
1.415578	140.705109	127.620697
1.468006	110.950470	100.116730
1.520435	83.389282	76.007843
1.572864	45.909882	43.888092
1.625293	108.680725	99.658966
1.677722	63.285828	59.318542
1.730150	95.920563	90.045929
1.782579	111.522675	101.032257
1.835008	48.904419	44.364929
1.887437	126.190186	113.124847
1.939866	56.838989	51.879883
1.992294	88.443756	84.247589
2.044723	46.310425	43.716431
2.097152	146.389008	136.718750
2.149581	74.825287	70.304871
2.202010	114.822388	106.678009
2.254438	224.857330	203.647614
2.306867	69.580078	64.926147
2.359296	69.828033	68.092346
2.411725	76.828003	71.239471
2.464154	51.422119	46.100616
2.516582	131.969452	123.138428
2.569011	65.498352	61.340332
2.621440	57.678223	52.394867
2.673869	72.517395	67.138672
2.726298	133.857727	122.203827
2.778726	85.582733	77.247620
2.831155	67.043304	59.623718
2.883584	70.323944	65.555573
2.936013	137.958527	126.552582
2.988442	95.615387	87.089539
3.040870	139.064789	130.233765
3.093299	112.838745	102.500916
3.145728	96.607208	91.476440
3.198157	78.620911	71.792603
3.250586	157.585144	148.105621
3.303014	110.054016	101.776123
3.355443	49.495697	47.912598
3.407872	62.808990	59.947968
3.460301	79.994202	73.852539
3.512730	158.481598	144.786835
3.565158	128.574371	117.588043
3.617587	134.582520	119.800568
3.670016	104.255676	91.953278
3.722445	79.650879	73.986053
3.774874	104.331970	95.405579
3.827302	106.945038	95.462799
3.879731	73.432922	68.416595
3.932160	69.389343	63.037872
3.984589	75.244904	68.397522
4.037018	110.836029	104.618073
4.089446	102.443695	94.108582
4.141875	74.291229	66.623688
4.194304	93.555450	85.639954
4.246733	119.495392	109.844208
4.299162	72.669983	66.738129
4.351590	105.056763	93.383789
4.404019	55.217743	50.678253
4.456448	84.896088	77.877045
4.508877	84.972382	77.648163
4.561306	54.054260	49.228668
4.613734	88.634491	82.054138
4.666163	77.362061	68.378448
4.718592	91.114044	83.141327
4.771021	147.399902	134.563446
4.823450	148.925781	138.034821
4.875878	71.201324	64.868927
4.928307	95.634460	87.013245
4.980736	73.146820	64.048767
5.033165	101.337433	91.056824
5.085594	195.903778	179.595947
5.138022	57.678223	53.386688
5.190451	66.490173	60.768127
5.242880	72.841644	65.002441
5.295309	137.252808	124.778748
5.347738	135.097504	119.647980
5.400166	163.021088	153.789520
5.452595	54.492950	49.037933
5.505024	135.955811	125.160217
5.557453	80.337524	75.740814
5.609882	132.694244	120.677948
5.662310	58.650970	55.027008
5.714739	169.467926	154.857635
5.767168	51.994324	46.577454
5.819597	101.490021	92.792511
5.872026	86.498260	81.348419
5.924454	83.618164	73.165894
5.976883	136.470795	126.953125
6.029312	68.931580	63.552856
6.081741	108.203888	99.258423
6.134170	67.291260	64.716339
6.186598	87.795258	77.762604
6.239027	113.353729	102.748871
6.291456	187.931061	168.418884
6.343885	147.609711	135.707855
6.396314	162.086487	145.759583
6.448742	105.438232	98.438263
6.501171	98.667145	89.931488
6.553600	269.031525	250.339508
6.606029	160.827637	145.702362
6.658458	160.999298	149.230957
6.710886	170.745850	152.168274
6.763315	259.361267	236.740112
6.815744	115.261078	102.272034
6.868173	68.626404	62.255859
6.920602	111.980438	101.203918
6.973030	127.487183	119.209290
7.025459	79.898834	73.490143
7.077888	82.893372	76.999664
7.130317	183.906555	170.860291
7.182746	86.002350	79.555511
7.235174	126.686096	115.795135
7.287603	61.378479	57.601929
7.340032	63.095093	56.648254
7.392461	67.768097	60.882568
7.444890	53.176880	48.637390
7.497318	44.364929	38.719177
7.549747	79.593658	71.487427
7.602176	72.479248	64.697266
7.654605	58.536530	55.561066
7.707034	55.656433	52.528381
7.759462	128.135681	118.064880
7.811891	54.836273	51.517487
7.864320	71.983337	67.577362
7.916749	210.762024	195.236206
7.969178	102.958679	93.555450
8.021606	89.035034	81.863403
8.074035	138.473511	124.168396
8.126464	105.724335	96.511841
8.178893	116.462708	105.876923
8.231322	80.871582	73.795319
8.283750	53.348541	50.239563
8.336179	123.176575	116.252899
8.388608	147.724152	134.334564
8.441037	106.487274	96.969604
8.493466	94.356537	85.659027
8.545894	98.094940	89.149475
8.598323	92.315674	84.857941
8.650752	109.500885	100.517273
8.703181	105.266571	95.291138
8.755610	104.885101	101.318359
8.808038	159.206390	144.996643
8.860467	67.157745	60.939789
8.912896	107.269287	94.203949
8.965325	94.223022	85.849762
9.017754	59.700012	55.274963
9.070182	96.073151	86.269379
9.122611	101.451874	93.746185
9.175040	99.582672	90.579987
9.227469	79.421997	72.574615
9.279898	69.999695	65.002441
9.332326	110.282898	100.822449
9.384755	66.604614	61.931610
9.437184	57.258606	53.386688
9.489613	65.574646	61.264038
9.542042	56.400299	51.040649
9.594470	96.397400	88.768005
9.646899	70.304871	62.580109
9.699328	113.563538	103.282928
9.751757	151.367188	136.318207
9.804186	42.304993	38.871765
9.856614	69.084167	63.743591
9.909043	183.429718	168.037415
9.961472	52.204132	45.433044
10.013901	85.353851	77.114105
10.066330	56.724548	50.678253
10.118758	90.274811	82.607269
10.171187	57.220459	50.926208
10.223616	124.435425	112.209320
10.276045	88.310242	82.931519
10.328474	82.015991	76.694489
10.380902	87.757111	81.062317
10.433331	71.353912	63.724518
10.485760	61.607361	55.751801
10.538189	95.043182	85.525513
10.590618	79.135895	73.070526
10.643046	100.288391	91.686249
10.695475	65.422058	58.612823
10.747904	55.236816	49.228668
10.800333	62.446594	58.364868
10.852762	101.585388	94.852448
10.905190	78.086853	73.413849
10.957619	93.402863	88.214874
11.010048	131.816864	119.457245
11.062477	79.879761	70.915222
11.114906	83.160400	78.678131
11.167334	111.465454	101.547241
11.219763	98.228455	93.345642
11.272192	119.190216	109.004974
11.324621	69.217682	63.629150
11.377050	146.389008	135.269165
11.429478	108.299255	98.342896
11.481907	117.130280	108.528137
11.534336	102.996826	99.391937
11.586765	87.165833	79.593658
11.639194	127.048492	118.732452
11.691622	140.132904	128.479004
11.744051	56.953430	53.043365
11.796480	72.708130	67.787170
11.848909	64.086914	57.506561
11.901338	60.310364	55.408478
11.953766	55.904388	50.659180
12.006195	135.803223	127.830505
12.058624	78.296661	70.648193
12.111053	64.411163	58.689117
12.163482	90.179443	83.427429
12.215910	72.460175	67.386627
12.268339	71.773529	65.841675
12.320768	49.839020	43.468475
12.373197	78.773499	72.746277
12.425626	154.075623	144.920349
12.478054	75.855255	70.438385
12.530483	162.887573	150.604248
12.582912	97.599030	88.768005
12.635341	143.089294	127.258301
12.687770	69.522858	65.994263
12.740198	139.942169	127.983093
12.792627	90.198517	84.667206
12.845056	68.740845	64.353943
12.897485	66.738129	64.163208
12.949914	168.800354	155.105591
13.002342	114.059448	105.094910
13.054771	86.040497	78.411102
13.107200	73.966980	69.198608
13.159629	141.048431	126.724243
13.212058	57.621002	54.206848
13.264486	91.590881	85.487366
13.316915	96.569061	87.280273
13.369344	68.531036	62.198639
13.421773	101.928711	94.985962
13.474202	57.621002	52.070618
13.526630	45.547485	41.599274
13.579059	83.694458	76.389313
13.631488	56.667328	50.849915
13.683917	125.503540	116.176605
13.736346	71.773529	67.615509
13.788774	83.961487	78.468323
13.841203	60.272217	55.255890
13.893632	44.040680	40.760040
13.946061	50.106049	46.882629
13.998490	57.792664	54.321289
14.050918	78.754425	74.253082
14.103347	52.566528	47.721863
14.155776	93.307495	86.345673
14.208205	124.244690	112.972260
14.260634	145.225525	131.988525
14.313062	72.937012	67.100525
14.365491	104.389191	92.048645
