3/3/2026	11:9 AM
Pseudo Cross Correlation
Scattering angle:	32.00
Duration (s):	15
Wavelength (nm):	660.0
Refractive index:	1.330
Viscosity (mPas):	0.999
Temperature (K):	293.2
Laser intensity (mW):	84.000000
Average Count rate  A (kHz):	167.8
Average Count rate  B (kHz):	153.6
Intercept:	0.7755
Cumulant 1st	95.3528
Cumulant 2nd	60.9209	62.0008
Cumulant 3rd	44.7374	62.5800

Lag time (s)         g2-1
1.25E-08	0.800305
2.5E-08	0.779158
3.75E-08	0.785925
5E-08	0.791212
6.25E-08	0.784445
7.5E-08	0.802632
8.75E-08	0.747859
1E-07	0.799248
1.125E-07	0.777254
1.25E-07	0.751666
1.375E-07	0.76943
1.5E-07	0.78952
1.625E-07	0.809822
1.75E-07	0.81807
1.875E-07	0.770487
2E-07	0.751666
2.125E-07	0.779687
2.375E-07	0.778101
2.625E-07	0.776409
2.875E-07	0.784868
3.125E-07	0.792799
3.375E-07	0.790895
3.625E-07	0.777361
3.875E-07	0.785714
4.125E-07	0.77329
4.625E-07	0.797874
5.125E-07	0.761553
5.625E-07	0.791054
6.125E-07	0.781908
6.625E-07	0.77937
7.125E-07	0.790948
7.625E-07	0.769325
8.125E-07	0.770699
9.125E-07	0.778947
1.0125E-06	0.797531
1.1125E-06	0.775193
1.2125E-06	0.775114
1.3125E-06	0.787591
1.4125E-06	0.775563
1.5125E-06	0.77752
1.6125E-06	0.780692
1.8125E-06	0.771255
2.0125E-06	0.775193
2.2125E-06	0.786983
2.4125E-06	0.780044
2.6125E-06	0.778167
2.8125E-06	0.775378
3.0125E-06	0.773766
3.2125E-06	0.776
3.6125E-06	0.783436
4.0125E-06	0.777984
4.4125E-06	0.780733
4.8125E-06	0.774574
5.2125E-06	0.778104
5.6125E-06	0.788718
6.0125E-06	0.781165
6.4125E-06	0.777742
7.2125E-06	0.779246
8.0125E-06	0.776603
8.8125E-06	0.774194
9.6125E-06	0.777096
1.04125E-05	0.773957
1.12125E-05	0.772456
1.20125E-05	0.77278
1.28125E-05	0.774342
1.44125E-05	0.769302
1.60125E-05	0.774065
1.76125E-05	0.771014
1.92125E-05	0.770523
2.08125E-05	0.76639
2.24125E-05	0.767608
2.40125E-05	0.764706
2.56125E-05	0.767586
2.88125E-05	0.76675
3.20125E-05	0.763857
3.52125E-05	0.760798
3.84125E-05	0.759595
4.16125E-05	0.758365
4.48125E-05	0.757901
4.80125E-05	0.752569
5.12125E-05	0.752362
5.76125E-05	0.748355
6.40125E-05	0.745727
7.04125E-05	0.742173
7.68125E-05	0.738637
8.32125E-05	0.736747
8.96125E-05	0.733576
9.60125E-05	0.73007
0.000102413	0.72827
0.000115213	0.723026
0.000128013	0.716653
0.000140813	0.711526
0.000153613	0.706727
0.000166413	0.701296
0.000179213	0.696103
0.000192013	0.692195
0.000204813	0.686769
0.000230413	0.678048
0.000256013	0.669986
0.000281613	0.662145
0.000307213	0.654446
0.000332813	0.647411
0.000358413	0.640518
0.000384013	0.633341
0.000409613	0.627548
0.000460813	0.616233
0.000512013	0.605969
0.000563213	0.596056
0.000614413	0.587441
0.000665613	0.579673
0.000716813	0.572594
0.000768013	0.564725
0.000819213	0.558726
0.000921613	0.546556
0.00102401	0.534963
0.00112641	0.524745
0.00122881	0.514977
0.00133121	0.506883
0.00143361	0.498895
0.00153601	0.490719
0.00163841	0.483675
0.00184321	0.470022
0.00204801	0.457046
0.00225281	0.444784
0.00245761	0.433831
0.00266241	0.422399
0.00286721	0.410652
0.00307201	0.400011
0.00327681	0.39103
0.00368641	0.373891
0.00409601	0.355791
0.00450561	0.339171
0.00491521	0.322636
0.00532481	0.30858
0.00573441	0.296708
0.00614401	0.285399
0.00655361	0.275978
0.00737281	0.258175
0.00819201	0.237984
0.00901121	0.221938
0.00983041	0.208627
0.0106496	0.196381
0.0114688	0.183758
0.012288	0.171747
0.0131072	0.163578
0.0147456	0.154677
0.016384	0.146204
0.0180224	0.135915
0.0196608	0.126377
0.0212992	0.118244
0.0229376	0.115883
0.024576	0.114755
0.0262144	0.107743
0.0294912	0.0961382
0.032768	0.0782722
0.0360448	0.0597723
0.0393216	0.0498209
0.0425984	0.0385491
0.0458752	0.0298549
0.049152	0.0276055
0.0524288	0.027606
0.0589824	0.0182794
0.065536	0.0230164
0.0720896	0.029701
0.0786432	0.0295762
0.0851968	0.0322472
0.0917504	0.0273733
0.098304	0.0253376
0.104858	0.0109492
0.117965	-0.00207593
0.131072	-0.0118457
0.144179	-0.00356693
0.157286	0.00113173
0.170394	-0.0133217
0.183501	-0.0250805
0.196608	-0.0321001
0.209715	-0.0396086
0.23593	-0.0254762
0.262144	-0.0108515
0.288358	-0.000657893
0.314573	0.00589601
0.340787	0.00859777
0.367002	0.0329365
0.393216	0.0200179
0.41943	0.0026208
0.471859	-0.0144009
0.524288	-0.00999221
0.576717	-0.00289444
0.629146	-0.00133107
0.681574	-0.0103979
0.734003	-0.0211665
0.786432	0.00420712
0.838861	0.0142274
0.943718	0.0136938
1.04858	-0.000248395
1.15343	0.0091954
1.25829	-0.0190367
1.36315	-0.0265582
1.46801	-0.00132516
1.57286	0.00693996
1.67772	-0.00363658
1.88744	0.0134857
2.09715	0.0152704
2.30687	0.00977491
2.51658	-0.00444388
2.7263	0.0125531
2.93601	0.00500602
3.14573	-0.0162861
3.35544	-0.0152527
3.77487	-0.0104895
4.1943	-0.00656987
4.61373	-0.0165175
5.03316	0.0091194
5.4526	-0.0184485
5.87203	0.00792442
6.29146	-0.00488227
6.71089	-0.00772117
7.54975	-0.00186656
8.38861	-0.00881629
9.22747	0.0105708
10.0663	0.0278469
10.9052	-0.0492153
11.7441	-0.071476
12.5829	-0.095843

Count Rate History (KHz)  CR CHA / CR CHB
0.000000	81.977844	75.626373
0.052429	75.416565	71.372986
0.104858	157.508850	145.435333
0.157286	70.877075	65.956116
0.209715	114.498138	106.506348
0.262144	150.680542	138.969421
0.314573	163.879395	154.190063
0.367002	229.263306	208.415985
0.419430	319.023132	292.644501
0.471859	166.511536	151.748657
0.524288	218.353271	195.121765
0.576717	134.391785	124.607086
0.629146	161.514282	146.789551
0.681574	106.258392	97.904205
0.734003	211.734772	192.413330
0.786432	312.767029	281.925201
0.838861	165.958405	154.838562
0.891290	197.525024	178.146362
0.943718	225.028992	205.345154
0.996147	92.334747	83.580017
1.048576	48.599243	43.601990
1.101005	119.667053	109.920502
1.153434	163.822174	150.108337
1.205862	144.710541	133.934021
1.258291	259.132385	230.598450
1.310720	126.380920	117.912292
1.363149	145.416260	135.154724
1.415578	140.457153	130.596161
1.468006	237.846375	218.544006
1.520435	183.467865	168.304443
1.572864	239.200592	219.955444
1.625293	127.048492	117.454529
1.677722	87.375641	81.481934
1.730150	65.765381	61.187744
1.782579	63.743591	58.975220
1.835008	166.015625	151.367188
1.887437	173.568726	157.203674
1.939866	174.427032	160.732269
1.992294	127.811432	119.285583
2.044723	194.225311	178.737640
2.097152	236.911774	218.334198
2.149581	105.133057	93.955994
2.202010	165.042877	146.827698
2.254438	118.846893	107.498169
2.306867	308.837891	285.892487
2.359296	88.920593	84.838867
2.411725	293.865204	270.214081
2.464154	180.568695	170.173645
2.516582	182.189941	171.279907
2.569011	110.015869	103.054047
2.621440	245.361328	221.710205
2.673869	153.942108	143.890381
2.726298	141.716003	128.345490
2.778726	272.884369	247.745514
2.831155	169.811249	157.432556
2.883584	157.661438	145.587921
2.936013	319.461823	288.295746
2.988442	313.034058	291.194916
3.040870	229.358673	206.966400
3.093299	143.814087	127.239227
3.145728	137.863159	129.127502
3.198157	144.729614	129.680634
3.250586	108.699799	100.879669
3.303014	234.699249	213.336945
3.355443	114.479065	104.274750
3.407872	109.901428	100.421906
3.460301	124.740601	112.743378
3.512730	190.792084	171.070099
3.565158	224.723816	206.165314
3.617587	268.268585	241.909027
3.670016	385.894775	356.521606
3.722445	135.326385	124.607086
3.774874	110.034943	99.697113
3.827302	82.302094	74.214935
3.879731	167.808533	157.279968
3.932160	142.765045	133.094788
3.984589	162.353516	152.053833
4.037018	92.163086	81.748962
4.089446	163.021088	149.288177
4.141875	217.781067	201.663971
4.194304	132.980347	119.762421
4.246733	82.569122	75.569153
4.299162	83.007813	76.751709
4.351590	121.288300	108.566284
4.404019	134.983063	125.617981
4.456448	196.609497	180.187225
4.508877	374.507904	344.753265
4.561306	322.570801	292.949677
4.613734	109.634399	99.163055
4.666163	148.372650	136.585236
4.718592	134.181976	123.996735
4.771021	106.544495	94.337463
4.823450	80.184937	74.577332
4.875878	100.765228	94.509125
4.928307	108.509064	97.160339
4.980736	188.655853	173.816681
5.033165	123.786926	115.470886
5.085594	231.494904	211.257935
5.138022	52.490234	51.326752
5.190451	117.645264	107.192993
5.242880	137.348175	128.726959
5.295309	115.127563	103.073120
5.347738	293.426514	265.274048
5.400166	179.767609	167.446136
5.452595	187.053680	172.386169
5.505024	146.274567	131.988525
5.557453	111.045837	104.236603
5.609882	281.124115	252.876282
5.662310	287.647247	263.137817
5.714739	72.708130	66.032410
5.767168	110.187531	100.288391
5.819597	153.007507	140.838623
5.872026	137.386322	126.533508
5.924454	80.928802	71.411133
5.976883	187.549591	173.206329
6.029312	69.313049	62.084198
6.081741	131.740570	125.389099
6.134170	64.105988	59.185028
6.186598	136.127472	126.667023
6.239027	307.960510	283.641815
6.291456	127.525330	115.795135
6.343885	200.366974	180.530548
6.396314	158.634186	143.508911
6.448742	382.404327	347.442627
6.501171	275.669098	252.513885
6.553600	164.527893	146.255493
6.606029	191.860199	175.571442
6.658458	204.601288	187.988281
6.710886	75.836182	68.874359
6.763315	166.873932	150.623322
6.815744	183.544159	167.770386
6.868173	120.067596	109.348297
6.920602	124.931335	113.506317
6.973030	117.683411	107.765198
7.025459	135.326385	123.462677
7.077888	141.582489	131.511688
7.130317	214.557648	196.876526
7.182746	95.767975	87.089539
7.235174	290.260315	264.358521
7.287603	147.895813	134.601593
7.340032	191.307068	175.228119
7.392461	315.113068	288.295746
7.444890	267.524719	247.554779
7.497318	93.116760	84.762573
7.549747	162.296295	149.307251
7.602176	109.386444	99.048615
7.654605	88.500977	81.348419
7.707034	168.800354	154.094696
7.759462	241.889954	218.849182
7.811891	151.863098	138.034821
7.864320	181.694031	166.854858
7.916749	133.018494	123.767853
7.969178	97.255707	89.721680
8.021606	192.432404	174.865723
8.074035	118.312836	111.103058
8.126464	147.132874	132.694244
8.178893	221.118927	203.304291
8.231322	187.206268	169.620514
8.283750	230.979919	207.462311
8.336179	229.721069	207.347870
8.388608	112.247467	104.351044
8.441037	103.416443	98.018646
8.493466	152.740479	140.933990
8.545894	145.606995	135.955811
8.598323	159.416199	145.740509
8.650752	109.291077	99.830627
8.703181	122.356415	110.206604
8.755610	131.492615	120.697021
8.808038	130.939484	123.195648
8.860467	88.348389	77.857971
8.912896	102.901459	92.754364
8.965325	248.260498	230.712891
9.017754	86.650848	77.877045
9.070182	169.429779	150.794983
9.122611	310.802460	282.306671
9.175040	159.034729	145.282745
9.227469	163.593292	148.181915
9.279898	133.609772	127.983093
9.332326	113.811493	99.487305
9.384755	87.699890	79.193115
9.437184	118.656158	109.119415
9.489613	259.971619	239.181519
9.542042	189.743042	172.863007
9.594470	114.326477	107.326508
9.646899	90.408325	82.416534
9.699328	116.653442	107.994080
9.751757	195.312500	177.326202
9.804186	225.944519	206.604004
9.856614	70.896149	67.043304
9.909043	191.822052	177.459717
9.961472	186.557770	171.642303
10.013901	164.756775	152.835846
10.066330	380.229950	344.104767
10.118758	422.916412	388.984680
10.171187	217.609406	199.375153
10.223616	181.941986	170.154572
10.276045	168.628693	151.958466
10.328474	109.519958	99.925995
10.380902	193.805695	177.783966
10.433331	281.639099	258.636475
10.485760	427.284241	387.611389
10.538189	256.652832	237.865448
10.590618	203.418732	187.301636
10.643046	117.664337	105.018616
10.695475	170.860291	154.972076
10.747904	143.241882	131.893158
10.800333	132.408142	119.876862
10.852762	142.879486	126.323700
10.905190	128.364563	118.408203
10.957619	148.067474	132.865906
11.010048	155.906677	139.923096
11.062477	117.549896	106.163025
11.114906	263.004303	240.554810
11.167334	70.247650	64.811707
11.219763	108.337402	100.536346
11.272192	226.459503	206.527710
11.324621	157.012939	140.209198
11.377050	139.122009	126.991272
11.429478	77.190399	69.961548
11.481907	167.121887	151.500702
11.534336	199.565887	181.961060
11.586765	232.677460	209.617615
11.639194	459.308624	418.968201
11.691622	126.705170	116.100311
11.744051	96.321106	89.111328
11.796480	119.724274	107.288361
11.848909	56.171417	52.032471
11.901338	118.656158	107.707977
11.953766	108.489990	100.002289
12.006195	94.718933	86.288452
12.058624	259.933472	238.056183
12.111053	166.511536	153.617859
12.163482	90.999603	85.544586
12.215910	326.251984	303.802490
12.268339	92.773438	82.607269
12.320768	227.851868	205.688477
12.373197	84.667206	76.675415
12.425626	168.094635	155.048370
12.478054	370.693207	340.938568
12.530483	210.151672	193.099976
12.582912	323.123932	294.513702
12.635341	79.212189	75.893402
12.687770	137.443542	129.394531
12.740198	133.132935	122.947693
12.792627	153.865814	136.661530
12.845056	390.739441	354.557037
12.897485	87.966919	79.326630
12.949914	139.198303	127.353668
13.002342	98.991394	93.307495
13.054771	160.102844	141.773224
13.107200	170.154572	158.157349
13.159629	184.497833	167.045593
13.212058	187.435150	172.710419
13.264486	121.269226	113.773346
13.316915	93.059540	86.975098
13.369344	82.988739	76.999664
13.421773	159.187317	143.756866
13.474202	150.661469	140.094757
13.526630	219.535828	197.257996
13.579059	163.536072	150.337219
13.631488	135.974884	123.157501
13.683917	142.459869	126.705170
13.736346	64.563751	58.555603
13.788774	132.160187	120.391846
13.841203	123.519897	114.040375
13.893632	234.394073	214.691162
13.946061	172.348022	157.928467
13.998490	114.727020	107.955933
14.050918	94.718933	82.817078
14.103347	116.424561	106.143951
14.155776	62.370300	56.018829
14.208205	187.911987	173.511505
14.260634	328.254700	295.562744
14.313062	280.857086	259.132385
14.365491	336.189270	304.565430
14.417920	162.792206	151.367188
14.470349	151.901245	139.713287
14.522778	113.487244	104.026794
14.575206	171.947479	159.149170
14.627635	160.713196	145.721436
