3/3/2026	11:20 AM
Pseudo Cross Correlation
Scattering angle:	51.99
Duration (s):	15
Wavelength (nm):	660.0
Refractive index:	1.330
Viscosity (mPas):	0.999
Temperature (K):	293.2
Laser intensity (mW):	84.000000
Average Count rate  A (kHz):	49.0
Average Count rate  B (kHz):	45.2
Intercept:	0.8493
Cumulant 1st	30.2366
Cumulant 2nd	19.6244	19.3044
Cumulant 3rd	15.9157	20.3424

Lag time (s)         g2-1
1.25E-08	0.91778
2.5E-08	0.820138
3.75E-08	0.89024
5E-08	0.882729
6.25E-08	0.815131
7.5E-08	0.91778
8.75E-08	0.847678
1E-07	0.892744
1.125E-07	0.760051
1.25E-07	0.837664
1.375E-07	0.760051
1.5E-07	0.805117
1.625E-07	0.932802
1.75E-07	0.922787
1.875E-07	0.822642
2E-07	1.05798
2.125E-07	0.886485
2.375E-07	0.867707
2.625E-07	0.816383
2.875E-07	0.832657
3.125E-07	0.846427
3.375E-07	0.852686
3.625E-07	0.897751
3.875E-07	0.840167
4.125E-07	0.843923
4.625E-07	0.792598
5.125E-07	0.855189
5.625E-07	0.848304
6.125E-07	0.808872
6.625E-07	0.829527
7.125E-07	0.841419
7.625E-07	0.815757
8.125E-07	0.815131
9.125E-07	0.815444
1.0125E-06	0.8023
1.1125E-06	0.817948
1.2125E-06	0.869898
1.3125E-06	0.853937
1.4125E-06	0.832031
1.5125E-06	0.853624
1.6125E-06	0.856441
1.8125E-06	0.854094
2.0125E-06	0.835473
2.2125E-06	0.84361
2.4125E-06	0.872558
2.6125E-06	0.811689
2.8125E-06	0.85691
3.0125E-06	0.843766
3.2125E-06	0.841497
3.6125E-06	0.842671
4.0125E-06	0.805038
4.4125E-06	0.844079
4.8125E-06	0.820608
5.2125E-06	0.815913
5.6125E-06	0.840872
6.0125E-06	0.828901
6.4125E-06	0.838172
7.2125E-06	0.82671
8.0125E-06	0.824402
8.8125E-06	0.829683
9.6125E-06	0.80453
1.04125E-05	0.825028
1.12125E-05	0.818847
1.20125E-05	0.814231
1.28125E-05	0.810221
1.44125E-05	0.812451
1.60125E-05	0.814642
1.76125E-05	0.793442
1.92125E-05	0.785735
2.08125E-05	0.799486
2.24125E-05	0.776545
2.40125E-05	0.789396
2.56125E-05	0.779635
2.88125E-05	0.77185
3.20125E-05	0.766706
3.52125E-05	0.752547
3.84125E-05	0.746083
4.16125E-05	0.737203
4.48125E-05	0.725526
4.80125E-05	0.730897
5.12125E-05	0.725621
5.76125E-05	0.703821
6.40125E-05	0.690885
7.04125E-05	0.67446
7.68125E-05	0.665545
8.32125E-05	0.65647
8.96125E-05	0.649599
9.60125E-05	0.635744
0.000102413	0.626535
0.000115213	0.608912
0.000128013	0.590819
0.000140813	0.577225
0.000153613	0.563019
0.000166413	0.55093
0.000179213	0.535372
0.000192013	0.524135
0.000204813	0.513759
0.000230413	0.492938
0.000256013	0.47658
0.000281613	0.459967
0.000307213	0.44637
0.000332813	0.435049
0.000358413	0.421164
0.000384013	0.414783
0.000409613	0.405179
0.000460813	0.386884
0.000512013	0.371363
0.000563213	0.355438
0.000614413	0.343911
0.000665613	0.3334
0.000716813	0.327654
0.000768013	0.318232
0.000819213	0.309134
0.000921613	0.291174
0.00102401	0.275692
0.00112641	0.260722
0.00122881	0.247843
0.00133121	0.235925
0.00143361	0.225377
0.00153601	0.215521
0.00163841	0.205825
0.00184321	0.186631
0.00204801	0.173257
0.00225281	0.156375
0.00245761	0.14444
0.00266241	0.131465
0.00286721	0.118636
0.00307201	0.107781
0.00327681	0.100131
0.00368641	0.083287
0.00409601	0.0704962
0.00450561	0.062153
0.00491521	0.0528931
0.00532481	0.0474305
0.00573441	0.0417528
0.00614401	0.0326307
0.00655361	0.0262638
0.00737281	0.0162905
0.00819201	0.0118385
0.00901121	0.00843701
0.00983041	0.00447603
0.0106496	0.000664738
0.0114688	-0.0018469
0.012288	-0.00252297
0.0131072	-0.00439716
0.0147456	-0.00112537
0.016384	-0.00284221
0.0180224	-0.000617106
0.0196608	0.00520286
0.0212992	0.00785343
0.0229376	0.000662516
0.024576	-0.00376696
0.0262144	-0.00398335
0.0294912	-0.00319397
0.032768	0.00100826
0.0360448	-0.00456155
0.0393216	-0.0157575
0.0425984	-0.00790499
0.0458752	-0.00147736
0.049152	-0.00167789
0.0524288	-0.001889
0.0589824	0.000470464
0.065536	0.00334548
0.0720896	0.00479021
0.0786432	0.00284797
0.0851968	-0.00210418
0.0917504	0.00624726
0.098304	0.00430086
0.104858	0.00409569
0.117965	-0.000184926
0.131072	0.00333196
0.144179	0.00718677
0.157286	-0.00333883
0.170394	-0.00468744
0.183501	-0.00145072
0.196608	0.00429237
0.209715	0.00404558
0.23593	-0.00386742
0.262144	0.00443309
0.288358	0.00687636
0.314573	0.000527874
0.340787	0.00192071
0.367002	0.00408322
0.393216	-0.00089202
0.41943	0.00261943
0.471859	0.00579851
0.524288	0.00555463
0.576717	0.00413912
0.629146	0.00814348
0.681574	0.00575193
0.734003	0.00215382
0.786432	0.00492567
0.838861	0.00514746
0.943718	-0.000438019
1.04858	0.000109593
1.15343	0.00128434
1.25829	0.000171312
1.36315	0.00207878
1.46801	0.00350893
1.57286	0.0033766
1.67772	0.00445993
1.88744	0.00425588
2.09715	0.00580008
2.30687	0.00441417
2.51658	0.00556178
2.7263	0.00409392
2.93601	0.00281493
3.14573	0.00353425
3.35544	0.00502479
3.77487	0.00790559
4.1943	0.00768813
4.61373	0.00839556
5.03316	0.00758903
5.4526	0.0117989
5.87203	0.0149233
6.29146	0.0179534
6.71089	0.0174562
7.54975	0.0101142
8.38861	0.0141181
9.22747	0.0148787
10.0663	0.0218666
10.9052	0.0404946
11.7441	0.0503654
12.5829	0.0644439

Count Rate History (KHz)  CR CHA / CR CHB
0.000000	44.193268	40.912628
0.052429	37.555695	34.942627
0.104858	40.969849	37.326813
0.157286	39.043427	37.021637
0.209715	48.313141	46.958923
0.262144	37.975311	35.209656
0.314573	56.400299	52.661896
0.367002	36.487579	35.076141
0.419430	30.384064	29.277802
0.471859	31.261444	29.792786
0.524288	46.520233	45.318604
0.576717	53.157806	49.037933
0.629146	41.732788	38.986206
0.681574	75.397491	68.454742
0.734003	62.885284	58.040619
0.786432	57.716370	55.809021
0.838861	68.683624	62.541962
0.891290	49.686432	45.127869
0.943718	60.462952	56.304932
0.996147	40.378571	34.866333
1.048576	46.672821	42.800903
1.101005	48.046112	43.849945
1.153434	37.193298	35.743713
1.205862	68.683624	61.302185
1.258291	46.672821	43.888092
1.310720	44.479370	42.343140
1.363149	45.108795	40.531158
1.415578	38.604736	35.667419
1.468006	47.378540	44.651031
1.520435	41.999817	38.089752
1.572864	44.441223	41.522980
1.625293	41.332245	38.852692
1.677722	47.779083	43.849945
1.730150	37.097931	32.005310
1.782579	63.476563	58.555603
1.835008	58.994293	53.119659
1.887437	33.397675	32.939911
1.939866	38.433075	36.487579
1.992294	44.708252	42.171478
2.044723	42.839050	41.007996
2.097152	47.512054	43.449402
2.149581	44.517517	41.828156
2.202010	62.103271	55.465698
2.254438	50.544739	47.550201
2.306867	53.577423	49.438477
2.359296	38.909912	36.048889
2.411725	48.027039	43.354034
2.464154	41.618347	39.100647
2.516582	83.942413	76.141357
2.569011	39.882660	36.926270
2.621440	49.285889	45.261383
2.673869	46.329498	42.457581
2.726298	43.964386	39.081573
2.778726	51.460266	44.937134
2.831155	52.604675	50.487518
2.883584	55.904388	52.623749
2.936013	50.411224	47.245026
2.988442	60.195923	53.806305
3.040870	48.332214	43.182373
3.093299	44.479370	40.779114
3.145728	49.285889	43.563843
3.198157	33.416748	31.547546
3.250586	41.370392	39.043427
3.303014	51.517487	47.359467
3.355443	49.724579	46.520233
3.407872	59.413910	56.591034
3.460301	42.953491	38.967133
3.512730	48.732758	44.994354
3.565158	40.225983	36.182404
3.617587	35.667419	31.795502
3.670016	48.980713	46.176910
3.722445	45.223236	41.809082
3.774874	59.890747	57.010651
3.827302	58.383942	51.841736
3.879731	50.067902	46.310425
3.932160	36.563873	34.255981
3.984589	58.727264	55.503845
4.037018	46.749115	40.760040
4.089446	48.389435	43.945313
4.141875	49.057007	46.691895
4.194304	58.650970	52.604675
4.246733	53.024292	47.168732
4.299162	36.754608	35.209656
4.351590	51.460266	49.495697
4.404019	37.155151	34.923553
4.456448	43.144226	38.833618
4.508877	47.969818	44.250488
4.561306	42.037964	40.607452
4.613734	39.081573	34.255981
4.666163	51.860809	47.245026
4.718592	69.561005	65.269470
4.771021	52.223206	47.607422
4.823450	55.007935	51.708221
4.875878	59.299469	55.732727
4.928307	43.640137	41.389465
4.980736	41.427612	38.051605
5.033165	43.888092	40.874481
5.085594	34.847260	30.670166
5.138022	41.294098	40.092468
5.190451	42.629242	40.607452
5.242880	46.348572	40.512085
5.295309	36.163330	33.206940
5.347738	64.716339	59.757233
5.400166	34.008026	32.672882
5.452595	41.542053	39.386749
5.505024	43.849945	40.645599
5.557453	45.623779	42.934418
5.609882	57.601929	53.348541
5.662310	55.541992	51.288605
5.714739	41.675568	38.318634
5.767168	44.708252	40.912628
5.819597	53.482056	48.084259
5.872026	39.920807	36.849976
5.924454	52.127838	48.446655
5.976883	33.721924	31.280518
6.029312	48.751831	45.013428
6.081741	36.926270	34.084320
6.134170	75.149536	71.640015
6.186598	34.790039	32.615662
6.239027	48.217773	46.081543
6.291456	48.236847	43.373108
6.343885	55.217743	52.108765
6.396314	41.427612	37.708282
6.448742	55.942535	51.212311
6.501171	64.830780	56.457520
6.553600	41.313171	38.986206
6.606029	37.460327	34.027100
6.658458	50.201416	46.081543
6.710886	64.144135	60.577393
6.763315	58.021545	53.176880
6.815744	49.400330	46.253204
6.868173	47.645569	42.285919
6.920602	73.242188	66.184998
6.973030	50.163269	46.005249
7.025459	44.155121	40.416718
7.077888	49.381256	44.384003
7.130317	48.694611	45.146942
7.182746	52.909851	49.839020
7.235174	51.364899	48.732758
7.287603	46.653748	44.555664
7.340032	61.779022	55.198669
7.392461	50.201416	47.359467
7.444890	41.599274	36.239624
7.497318	50.144196	47.798157
7.549747	44.612885	41.656494
7.602176	53.825378	49.362183
7.654605	44.784546	43.315887
7.707034	59.108734	52.871704
7.759462	61.912537	55.541992
7.811891	40.950775	38.585663
7.864320	47.893524	44.631958
7.916749	44.021606	42.476654
7.969178	52.375793	49.266815
8.021606	41.065216	38.547516
8.074035	37.918091	35.629272
8.126464	47.130585	43.640137
8.178893	57.621002	52.204132
8.231322	43.182373	40.874481
8.283750	46.043396	40.321350
8.336179	46.634674	44.078827
8.388608	46.768188	41.561127
8.441037	56.438446	49.476624
8.493466	43.296814	40.588379
8.545894	47.569275	42.991638
8.598323	91.819763	83.732605
8.650752	44.422150	40.683746
8.703181	44.841766	41.637421
8.755610	41.103363	37.384033
8.808038	38.070679	34.770966
8.860467	40.264130	38.681030
8.912896	52.642822	47.225952
8.965325	61.798096	55.503845
9.017754	56.037903	50.849915
9.070182	55.179596	49.419403
9.122611	39.863586	35.667419
9.175040	43.716431	39.672852
9.227469	71.678162	63.724518
9.279898	49.934387	47.893524
9.332326	43.449402	41.084290
9.384755	51.422119	48.503876
9.437184	48.160553	41.599274
9.489613	51.078796	44.841766
9.542042	35.228729	30.517578
9.594470	46.348572	43.907166
9.646899	32.863617	31.089783
9.699328	50.964355	47.245026
9.751757	44.460297	42.114258
9.804186	41.027069	38.337708
9.856614	66.337585	60.863495
9.909043	37.097931	33.264160
9.961472	55.198669	48.656464
10.013901	48.313141	45.566559
10.066330	45.700073	41.770935
10.118758	45.051575	42.266846
10.171187	46.024323	43.544769
10.223616	38.814545	34.980774
10.276045	44.918060	40.454865
10.328474	50.334930	46.043396
10.380902	45.089722	39.749146
10.433331	42.781830	42.381287
10.485760	66.413879	62.618256
10.538189	42.915344	39.062500
10.590618	47.740936	44.231415
10.643046	40.588379	36.525726
10.695475	47.092438	44.956207
10.747904	45.127869	42.285919
10.800333	45.185089	38.700104
10.852762	42.819977	40.073395
10.905190	52.375793	48.866272
10.957619	40.683746	40.035248
11.010048	70.552826	65.670013
11.062477	41.103363	37.269592
11.114906	49.266815	46.710968
11.167334	56.781769	51.460266
11.219763	64.888000	58.822632
11.272192	50.964355	47.492981
11.324621	46.176910	43.334961
11.377050	37.002563	34.217834
11.429478	51.651001	48.885345
11.481907	56.800842	51.345825
11.534336	42.858124	40.035248
11.586765	38.986206	36.792755
11.639194	44.040680	40.187836
11.691622	41.599274	38.604736
11.744051	48.866272	47.779083
11.796480	56.610107	47.817230
11.848909	50.277710	46.672821
11.901338	60.901642	55.904388
11.953766	45.127869	41.885376
12.006195	49.705505	47.054291
12.058624	36.010742	34.503937
12.111053	75.035095	66.986084
12.163482	44.345856	41.713715
12.215910	45.642853	41.007996
12.268339	45.242310	41.007996
12.320768	56.095123	54.283142
12.373197	33.988953	32.100677
12.425626	53.901672	51.517487
12.478054	46.749115	43.354034
12.530483	47.950745	42.572021
12.582912	85.906982	76.160431
12.635341	65.441132	58.460236
12.687770	45.185089	42.724609
12.740198	46.977997	43.029785
12.792627	63.076019	60.768127
12.845056	51.517487	48.084259
12.897485	43.468475	40.225983
12.949914	61.016083	55.446625
13.002342	35.724640	31.890869
13.054771	39.939880	33.664703
13.107200	51.612854	48.942566
13.159629	68.569183	63.819885
13.212058	47.378540	44.155121
13.264486	46.653748	43.983459
13.316915	49.571991	45.185089
13.369344	46.615601	43.258667
13.421773	61.035156	56.629181
13.474202	47.817230	43.506622
13.526630	52.204132	46.558380
13.579059	58.517456	54.302216
13.631488	41.580200	38.795471
13.683917	58.612823	54.492950
13.736346	64.182281	59.986115
13.788774	39.310455	36.964417
13.841203	54.016113	51.155090
13.893632	49.819946	44.765472
13.946061	62.389374	56.705475
13.998490	51.536560	47.264099
14.050918	56.114197	50.888062
14.103347	46.520233	42.362213
14.155776	38.566589	36.144257
14.208205	40.798187	36.048889
14.260634	69.427490	65.822601
14.313062	70.858002	64.907074
14.365491	42.877197	39.253235
