3/3/2026	11:0 AM
Pseudo Cross Correlation
Scattering angle:	15.99
Duration (s):	15
Wavelength (nm):	660.0
Refractive index:	1.330
Viscosity (mPas):	1.002
Temperature (K):	293.2
Laser intensity (mW):	0.004161
Average Count rate  A (kHz):	20.4
Average Count rate  B (kHz):	18.7
Intercept:	3.2980
Cumulant 1st	1815.7009
Cumulant 2nd	1155.0957	1056.4774
Cumulant 3rd	851.8996	1027.8179

Lag time (s)         g2-1
1.25E-08	3.30973
2.5E-08	3.54634
3.75E-08	3.37808
5E-08	3.46922
6.25E-08	3.47623
7.5E-08	3.21509
8.75E-08	3.3518
1E-07	3.38334
1.125E-07	3.3851
1.25E-07	3.30973
1.375E-07	3.30447
1.5E-07	3.40788
1.625E-07	3.42365
1.75E-07	3.43592
1.875E-07	3.37633
2E-07	3.3886
2.125E-07	3.37195
2.375E-07	3.31762
2.625E-07	3.2738
2.875E-07	3.33953
3.125E-07	3.37107
3.375E-07	3.31236
3.625E-07	3.36757
3.875E-07	3.38685
4.125E-07	3.29965
4.625E-07	3.36845
5.125E-07	3.34829
5.625E-07	3.23305
6.125E-07	3.35749
6.625E-07	3.34654
7.125E-07	3.35267
7.625E-07	3.31236
8.125E-07	3.35902
9.125E-07	3.3277
1.0125E-06	3.26153
1.1125E-06	3.32266
1.2125E-06	3.32507
1.3125E-06	3.36341
1.4125E-06	3.3783
1.5125E-06	3.32375
1.6125E-06	3.29483
1.8125E-06	3.322
2.0125E-06	3.35541
2.2125E-06	3.30075
2.4125E-06	3.34227
2.6125E-06	3.33525
2.8125E-06	3.34588
3.0125E-06	3.35136
3.2125E-06	3.3243
3.6125E-06	3.32589
4.0125E-06	3.35448
4.4125E-06	3.34813
4.8125E-06	3.31839
5.2125E-06	3.33843
5.6125E-06	3.32918
6.0125E-06	3.3352
6.4125E-06	3.33613
7.2125E-06	3.33342
8.0125E-06	3.34005
8.8125E-06	3.33271
9.6125E-06	3.33942
1.04125E-05	3.33306
1.12125E-05	3.33424
1.20125E-05	3.31548
1.28125E-05	3.3384
1.44125E-05	3.32738
1.60125E-05	3.33384
1.76125E-05	3.33024
1.92125E-05	3.3226
2.08125E-05	3.32771
2.24125E-05	3.33512
2.40125E-05	3.33132
2.56125E-05	3.32629
2.88125E-05	3.34023
3.20125E-05	3.32987
3.52125E-05	3.33344
3.84125E-05	3.33604
4.16125E-05	3.32288
4.48125E-05	3.31991
4.80125E-05	3.33002
5.12125E-05	3.32977
5.76125E-05	3.3249
6.40125E-05	3.32886
7.04125E-05	3.32615
7.68125E-05	3.31851
8.32125E-05	3.32733
8.96125E-05	3.32533
9.60125E-05	3.31648
0.000102413	3.31465
0.000115213	3.31466
0.000128013	3.31756
0.000140813	3.31467
0.000153613	3.31739
0.000166413	3.31143
0.000179213	3.31571
0.000192013	3.31288
0.000204813	3.30898
0.000230413	3.30807
0.000256013	3.30515
0.000281613	3.30281
0.000307213	3.2983
0.000332813	3.29688
0.000358413	3.29664
0.000384013	3.28797
0.000409613	3.28934
0.000460813	3.28435
0.000512013	3.28194
0.000563213	3.27505
0.000614413	3.27176
0.000665613	3.26752
0.000716813	3.26318
0.000768013	3.25627
0.000819213	3.25622
0.000921613	3.24918
0.00102401	3.24275
0.00112641	3.23636
0.00122881	3.22947
0.00133121	3.22235
0.00143361	3.21569
0.00153601	3.21154
0.00163841	3.2056
0.00184321	3.19529
0.00204801	3.18491
0.00225281	3.1763
0.00245761	3.16697
0.00266241	3.15799
0.00286721	3.15056
0.00307201	3.1451
0.00327681	3.13791
0.00368641	3.12627
0.00409601	3.11224
0.00450561	3.10193
0.00491521	3.09226
0.00532481	3.08135
0.00573441	3.06953
0.00614401	3.06004
0.00655361	3.04964
0.00737281	3.02953
0.00819201	3.00986
0.00901121	2.99173
0.00983041	2.97353
0.0106496	2.95553
0.0114688	2.93688
0.012288	2.92086
0.0131072	2.90601
0.0147456	2.87517
0.016384	2.84564
0.0180224	2.81944
0.0196608	2.79368
0.0212992	2.76764
0.0229376	2.74362
0.024576	2.71989
0.0262144	2.69711
0.0294912	2.65678
0.032768	2.61671
0.0360448	2.57886
0.0393216	2.53966
0.0425984	2.49944
0.0458752	2.45853
0.049152	2.42393
0.0524288	2.39391
0.0589824	2.33372
0.065536	2.27869
0.0720896	2.2257
0.0786432	2.17487
0.0851968	2.13714
0.0917504	2.09759
0.098304	2.05958
0.104858	2.02479
0.117965	1.96418
0.131072	1.9211
0.144179	1.88403
0.157286	1.84349
0.170394	1.78286
0.183501	1.72874
0.196608	1.68338
0.209715	1.64452
0.23593	1.57951
0.262144	1.49434
0.288358	1.42765
0.314573	1.36621
0.340787	1.322
0.367002	1.29443
0.393216	1.28976
0.41943	1.28679
0.471859	1.26301
0.524288	1.20207
0.576717	1.14823
0.629146	1.15063
0.681574	1.12386
0.734003	1.05015
0.786432	1.00679
0.838861	0.989047
0.943718	0.964914
1.04858	0.918048
1.15343	0.89854
1.25829	0.863973
1.36315	0.914821
1.46801	0.978962
1.57286	0.951173
1.67772	0.998162
1.88744	1.11329
2.09715	1.18926
2.30687	0.993314
2.51658	0.782856
2.7263	0.708223
2.93601	0.571949
3.14573	0.529368
3.35544	0.424861
3.77487	0.320893
4.1943	0.277826
4.61373	0.268796
5.03316	0.141698
5.4526	0.0689936
5.87203	-0.020877
6.29146	-0.0642628
6.71089	-0.0594122
7.54975	-0.169474
8.38861	-0.189489
9.22747	-0.24395
10.0663	-0.289292
10.9052	-0.299447
11.7441	-0.316552
12.5829	-0.33662
13.4218	-0.348742
15.0995	-0.339984
16.7772	-0.30269
18.4549	-0.26099
20.1327	-0.232781
21.8104	-0.194903
23.4881	-0.183811
25.1658	-0.143118
26.8435	-0.133991
30.199	-0.281559
33.5544	-0.364005
36.9099	-0.349147
40.2653	-0.330157
43.6208	-0.318145
46.9762	-0.285579
50.3316	-0.261922
53.6871	-0.281246
60.398	-0.223491
67.1089	-0.248979
73.8198	-0.20213
80.5306	-0.0942024
87.2415	0.332937
93.9524	-0.367729
100.663	-0.981054

Count Rate History (KHz)  CR CHA / CR CHB
0.000000	58.803558	54.702759
0.052429	85.372925	76.923370
0.104858	75.035095	66.757202
0.157286	70.190430	65.174103
0.209715	71.773529	65.860748
0.262144	14.114380	14.629364
0.314573	24.528503	22.048950
0.367002	25.291443	22.678375
0.419430	11.463165	10.452271
0.471859	38.852692	35.705566
0.524288	92.086792	82.759857
0.576717	142.688751	125.274658
0.629146	122.509003	111.484528
0.681574	113.048553	102.710724
0.734003	59.547424	52.890778
0.786432	93.059540	85.926056
0.838861	111.942291	101.680756
0.891290	107.059479	95.634460
0.943718	92.182159	82.225800
0.996147	40.302277	35.305023
1.048576	39.443970	34.427643
1.101005	47.664642	43.525696
1.153434	139.236450	131.835938
1.205862	170.173645	161.304474
1.258291	152.664185	142.135620
1.310720	126.819611	117.473602
1.363149	116.310120	105.590820
1.415578	132.751465	119.838715
1.468006	152.339935	137.939453
1.520435	94.451904	85.067749
1.572864	140.266418	125.312805
1.625293	126.628876	116.176605
1.677722	188.884735	166.130066
1.730150	184.612274	170.154572
1.782579	78.163147	72.784424
1.835008	105.724335	96.187592
1.887437	101.356506	94.299316
1.939866	32.882690	31.833649
1.992294	11.577606	11.425018
2.044723	10.719299	9.460449
2.097152	25.596619	25.520325
2.149581	19.340515	17.700195
2.202010	64.773560	57.811737
2.254438	180.988312	162.677765
2.306867	231.170654	213.680267
2.359296	110.893250	99.143982
2.411725	23.231506	20.961761
2.464154	17.986298	17.013550
2.516582	27.580261	26.073456
2.569011	34.465790	32.005310
2.621440	35.057068	31.852722
2.673869	79.383850	73.890686
2.726298	70.915222	62.198639
2.778726	114.154816	105.152130
2.831155	18.997192	17.547607
2.883584	11.978149	11.157990
2.936013	59.242249	55.580139
2.988442	28.400421	25.291443
3.040870	22.659302	21.209717
3.093299	18.234253	17.395020
3.145728	83.179474	76.255798
3.198157	206.432343	187.149048
3.250586	190.658569	170.555115
3.303014	272.884369	247.116089
3.355443	204.048157	184.516907
3.407872	314.197540	293.865204
3.460301	287.837982	264.987946
3.512730	309.638977	283.298492
3.565158	192.718506	177.383423
3.617587	285.758972	260.543823
3.670016	307.388306	282.249451
3.722445	247.783661	227.241516
3.774874	258.045197	235.366821
3.827302	243.396759	222.682953
3.879731	98.094940	88.634491
3.932160	30.975342	29.144287
3.984589	42.819977	38.814545
4.037018	71.640015	63.171387
4.089446	80.242157	72.937012
4.141875	20.847321	20.217896
4.194304	41.065216	37.536621
4.246733	36.640167	34.046173
4.299162	62.255859	57.067871
4.351590	50.430298	44.364929
4.404019	196.228027	176.658630
4.456448	209.407806	191.783905
4.508877	154.571533	139.846802
4.561306	23.994446	20.046234
4.613734	10.604858	9.231567
4.666163	33.226013	27.809143
4.718592	25.234222	23.536682
4.771021	22.602081	19.092560
4.823450	14.495850	13.809204
4.875878	86.898804	79.421997
4.928307	104.084015	96.149445
4.980736	34.656525	32.920837
5.033165	42.419434	39.443970
5.085594	10.108948	9.536743
5.138022	41.599274	37.002563
5.190451	74.748993	67.691803
5.242880	87.642670	79.421997
5.295309	110.969543	102.214813
5.347738	133.666992	123.958588
5.400166	191.707611	175.533295
5.452595	113.449097	101.928711
5.505024	120.143890	110.263824
5.557453	175.361633	162.811279
5.609882	80.242157	71.392059
5.662310	55.866241	52.967072
5.714739	70.362091	62.561035
5.767168	117.759705	109.348297
5.819597	149.250031	134.716034
5.872026	177.116394	159.263611
5.924454	154.991150	140.857697
5.976883	86.498260	79.288483
6.029312	67.977905	59.566498
6.081741	48.465729	44.345856
6.134170	30.651093	28.190613
6.186598	76.618195	71.945190
6.239027	55.980682	50.315857
6.291456	32.730103	29.582977
6.343885	48.160553	44.956207
6.396314	27.828217	25.520325
6.448742	37.784576	35.648346
6.501171	23.021698	20.503998
6.553600	87.966919	81.577301
6.606029	99.010468	91.648102
6.658458	91.152191	82.206726
6.710886	116.405487	105.247498
6.763315	61.912537	56.648254
6.815744	51.422119	50.067902
6.868173	57.926178	51.708221
6.920602	15.220642	13.961792
6.973030	33.626556	30.727386
7.025459	7.839203	7.266998
7.077888	20.484924	18.730164
7.130317	81.138611	72.898865
7.182746	76.293945	71.144104
7.235174	20.027161	18.119812
7.287603	16.136169	15.239716
7.340032	10.757446	10.948181
7.392461	9.803772	10.375977
7.444890	7.667542	7.610321
7.497318	10.414124	9.403229
7.549747	24.604797	21.305084
7.602176	31.166077	28.152466
7.654605	8.888245	8.316040
7.707034	17.070770	15.048981
7.759462	40.798187	36.373138
7.811891	33.130646	31.299591
7.864320	47.397614	42.114258
7.916749	67.901611	64.086914
7.969178	44.689178	41.065216
8.021606	66.967010	60.901642
8.074035	103.702545	91.857910
8.126464	48.198700	44.097900
8.178893	13.446808	13.999939
8.231322	5.702972	5.283356
8.283750	19.702911	18.291473
8.336179	69.313049	61.779022
8.388608	74.195862	67.501068
8.441037	48.561096	44.593811
8.493466	68.531036	60.729980
8.545894	73.585510	65.441132
8.598323	24.871826	22.850037
8.650752	17.261505	15.430450
8.703181	5.531311	5.264282
8.755610	9.918213	9.918213
8.808038	27.694702	24.147034
8.860467	30.593872	30.155182
8.912896	50.487518	46.615601
8.965325	50.258636	44.975281
9.017754	70.571899	62.675476
9.070182	38.070679	33.473969
9.122611	18.615723	17.547607
9.175040	12.149811	10.757446
9.227469	20.885468	19.989014
9.279898	20.332336	18.596649
9.332326	19.569397	17.757416
9.384755	52.680969	47.798157
9.437184	19.435883	19.016266
9.489613	4.005432	3.662109
9.542042	4.367828	4.444122
9.594470	3.547668	3.643036
9.646899	11.882782	10.414124
9.699328	8.411407	7.171631
9.751757	14.724731	14.209747
9.804186	30.021667	27.122498
9.856614	9.040833	7.877350
9.909043	17.452240	16.975403
9.961472	7.820129	7.286072
10.013901	6.217957	6.179810
10.066330	3.585815	3.318787
10.118758	11.348724	10.051727
10.171187	12.130737	11.520386
10.223616	14.019012	13.198853
10.276045	12.168884	11.615753
10.328474	4.005432	4.138947
10.380902	31.261444	28.228760
10.433331	28.343201	27.084351
10.485760	18.138885	15.354156
10.538189	14.457703	12.149811
10.590618	11.520386	10.700226
10.643046	12.340546	11.196136
10.695475	7.476807	6.504059
10.747904	6.809235	5.264282
10.800333	4.062653	4.234314
10.852762	12.340546	11.692047
10.905190	9.803772	7.915497
10.957619	12.283325	11.825562
11.010048	8.411407	7.438660
11.062477	6.809235	6.580353
11.114906	13.446808	11.692047
11.167334	18.730164	17.566681
11.219763	3.890991	4.844666
11.272192	7.305145	8.544922
11.324621	3.490448	2.956390
11.377050	12.969971	11.653900
11.429478	11.215210	10.280609
11.481907	10.795593	10.757446
11.534336	15.010834	13.217926
11.586765	5.588531	5.302429
11.639194	6.847382	6.122589
11.691622	8.525848	7.648468
11.744051	17.204285	15.563965
11.796480	16.555786	15.296936
11.848909	22.087097	19.474030
11.901338	9.708405	9.422302
11.953766	5.950928	6.351471
12.006195	5.054474	4.768372
12.058624	24.433136	22.315979
12.111053	22.487640	19.893646
12.163482	3.318787	3.452301
12.215910	5.245209	4.539490
12.268339	4.196167	3.795624
12.320768	3.471375	3.833771
12.373197	4.100800	3.566742
12.425626	10.986328	9.422302
12.478054	6.599426	5.874634
12.530483	6.141663	5.645752
12.582912	4.653931	5.111694
12.635341	9.441376	8.487701
12.687770	7.133484	6.809235
12.740198	13.065338	12.550354
12.792627	21.190643	20.484924
12.845056	19.359589	18.615723
12.897485	21.724701	20.637512
12.949914	22.163391	19.874573
13.002342	29.582977	25.939941
13.054771	17.414093	15.621185
13.107200	13.828278	13.389587
13.159629	5.760193	5.264282
13.212058	9.078979	8.907318
13.264486	23.021698	20.503998
13.316915	15.144348	14.934540
13.369344	3.719330	3.967285
13.421773	5.626678	5.359650
13.474202	4.901886	5.588531
13.526630	8.354187	6.904602
13.579059	42.762756	37.784576
13.631488	19.454956	18.539429
13.683917	5.645752	5.092621
13.736346	9.403229	8.182526
13.788774	5.493164	5.836487
13.841203	11.272430	9.765625
13.893632	14.858246	13.675690
13.946061	13.542175	11.749268
13.998490	3.414154	2.727509
14.050918	8.106232	8.029938
14.103347	6.103516	6.465912
14.155776	11.692047	9.956360
14.208205	10.700226	9.174347
14.260634	19.397736	15.735626
14.313062	20.465851	18.196106
14.365491	16.021729	15.201569
14.417920	14.190674	12.702942
14.470349	8.373260	8.258820
14.522778	3.948212	3.623962
14.575206	4.844666	4.901886
14.627635	4.978180	4.596710
14.680064	8.163452	7.820129
14.732493	20.942688	18.310547
14.784922	5.950928	5.321503
14.837350	7.591248	6.790161
14.889779	13.675690	12.302399
14.942208	9.365082	7.991791
14.994637	5.645752	5.416870
15.047066	21.419525	18.730164
15.099494	12.454987	10.852814
15.151923	16.555786	14.514923
15.204352	22.296906	19.340515
15.256781	28.686523	27.027130
15.309210	40.874481	39.806366
15.361638	12.035370	11.177063
15.414067	10.623932	9.212494
15.466496	8.392334	8.239746
15.518925	7.896423	7.858276
15.571354	3.223419	2.765656
15.623782	6.732941	6.198883
15.676211	6.237030	6.027222
15.728640	5.989075	5.359650
15.781069	2.536774	2.212524
15.833498	5.455017	4.444122
15.885926	5.359650	5.416870
15.938355	12.302399	11.825562
15.990784	7.019043	6.103516
16.043213	6.656647	5.817413
16.095642	9.803772	8.735657
16.148070	8.563995	7.801056
16.200499	29.182434	24.032593
16.252928	4.444122	3.986359
16.305357	4.501343	4.291534
16.357786	9.784698	10.128021
16.410214	10.528564	10.204315
16.462643	8.373260	7.629395
16.515072	6.675720	5.626678
16.567501	18.672943	16.784668
16.619930	7.724762	7.228851
16.672358	8.392334	8.563995
16.724787	9.479523	8.068085
16.777216	18.615723	17.490387
16.829645	6.752014	7.324219
16.882074	7.743835	6.866455
16.934502	14.362335	12.359619
16.986931	5.359650	5.187988
17.039360	3.147125	3.395081
17.091789	5.970001	5.435944
17.144218	10.890961	9.822845
17.196646	5.435944	4.692078
17.249075	14.152527	12.321472
17.301504	16.517639	16.136169
17.353933	3.929138	3.910065
17.406362	15.945435	14.286041
17.458790	5.760193	5.359650
17.511219	22.182465	21.057129
17.563648	11.901855	10.871887
17.616077	23.498535	21.228790
17.668506	17.700195	16.250610
17.720934	14.190674	12.588501
17.773363	11.558533	9.994507
17.825792	12.969971	12.779236
17.878221	27.065277	24.356842
17.930650	4.978180	4.882813
17.983078	5.111694	5.016327
18.035507	3.967285	3.833771
18.087936	6.599426	6.675720
18.140365	9.555817	9.937286
18.192794	12.359619	12.149811
18.245222	8.068085	8.087158
18.297651	5.512238	6.084442
18.350080	8.506775	7.591248
18.402509	13.351440	13.103485
18.454938	3.871918	4.081726
18.507366	4.863739	4.596710
18.559795	7.743835	7.438660
18.612224	9.460449	9.002686
18.664653	5.035400	3.776550
18.717082	2.460480	2.422333
18.769510	11.978149	11.863708
18.821939	5.111694	4.062653
18.874368	7.438660	5.912781
18.926797	6.980896	5.817413
18.979226	7.896423	7.953644
19.031654	6.694794	6.160736
19.084083	3.566742	3.585815
19.136512	8.583069	8.029938
19.188941	9.593964	8.926392
19.241370	16.250610	15.506744
19.293798	6.484985	6.427765
19.346227	4.348755	4.138947
19.398656	4.405975	3.852844
19.451085	5.588531	5.207062
19.503514	17.471313	15.697479
19.555942	14.171600	13.389587
19.608371	7.419586	6.237030
19.660800	4.005432	4.196167
19.713229	6.923676	6.217957
19.765658	8.201599	7.686615
19.818086	23.097992	21.190643
19.870515	10.643005	9.689331
19.922944	3.890991	3.681183
19.975373	12.798309	11.501312
20.027802	6.999969	6.313324
20.080230	6.065369	5.588531
20.132659	4.405975	4.291534
20.185088	6.465912	6.084442
20.237517	6.198883	5.817413
20.289946	6.370544	6.370544
20.342374	20.465851	17.490387
20.394803	9.632111	8.678436
20.447232	6.465912	6.599426
20.499661	19.416809	17.547607
20.552090	15.602112	15.220642
20.604518	17.280579	15.640259
20.656947	12.836456	11.615753
20.709376	19.912720	18.577576
20.761805	13.179779	11.634827
20.814234	17.013550	15.487671
20.866662	21.781921	19.588470
20.919091	12.760162	12.245178
20.971520	13.160706	11.558533
21.023949	9.098053	8.544922
21.076378	3.967285	3.471375
21.128806	5.702972	5.035400
21.181235	24.394989	22.792816
21.233664	27.751923	26.187897
21.286093	20.771027	19.340515
21.338522	28.343201	26.626587
21.390950	10.681152	9.212494
21.443379	15.182495	13.332367
21.495808	12.397766	11.100769
21.548237	5.588531	5.187988
21.600666	7.457733	7.247925
21.653094	7.896423	7.915497
21.705523	19.874573	18.463135
21.757952	30.670166	28.476715
21.810381	42.400360	37.727356
21.862810	40.302277	36.563873
21.915238	12.512207	11.253357
21.967667	10.280609	10.643005
22.020096	9.803772	8.411407
22.072525	18.959045	17.623901
22.124954	21.190643	19.702911
22.177382	15.449524	15.277863
22.229811	38.757324	33.855438
22.282240	19.874573	18.653870
22.334669	13.580322	11.920929
22.387098	9.174347	7.839203
22.439526	35.266876	32.424927
22.491955	49.667358	43.811798
22.544384	32.882690	30.212402
22.596813	21.495819	19.378662
22.649242	34.370422	30.269623
22.701670	43.506622	39.482117
22.754099	37.288666	33.702850
22.806528	28.800964	26.550293
22.858957	63.114166	61.416626
22.911386	31.509399	28.057098
22.963814	17.566681	16.899109
23.016243	29.010773	27.523041
23.068672	12.741089	11.844635
23.121101	8.468628	7.705688
23.173530	19.912720	18.787384
23.225958	32.405853	30.555725
23.278387	16.765594	14.839172
23.330816	17.528534	16.078949
23.383245	18.577576	16.822815
23.435674	11.119843	10.757446
23.488102	14.648438	13.217926
23.540531	20.027161	17.490387
23.592960	4.673004	4.806519
23.645389	7.781982	8.106232
23.697818	7.743835	7.266998
23.750246	24.299622	22.277832
23.802675	69.351196	63.037872
23.855104	99.639893	90.389252
23.907533	39.119720	34.580231
23.959962	20.256042	19.760132
24.012390	7.572174	7.495880
24.064819	10.528564	9.937286
24.117248	19.779205	18.405914
24.169677	18.348694	16.212463
24.222106	35.705566	32.367706
24.274534	38.566589	35.552979
24.326963	34.885406	30.097961
24.379392	49.152374	45.337677
24.431821	54.206848	48.904419
24.484250	17.204285	15.735626
24.536678	16.975403	15.792847
24.589107	25.730133	23.231506
24.641536	13.122559	11.367798
24.693965	20.542145	18.711090
24.746394	21.705627	21.057129
24.798822	23.040771	20.465851
24.851251	29.144287	25.978088
24.903680	31.528473	27.770996
24.956109	5.512238	4.711151
25.008538	4.730225	4.768372
25.060966	4.901886	4.730225
25.113395	5.378723	4.940033
25.165824	22.773743	21.018982
25.218253	9.346008	9.002686
25.270682	13.389587	12.607574
25.323110	32.100677	28.686523
25.375539	49.533844	47.321320
25.427968	16.326904	14.171600
25.480397	16.555786	15.716553
25.532826	81.214905	75.378418
25.585254	51.422119	48.351288
25.637683	39.787292	34.370422
25.690112	40.664673	36.716461
25.742541	28.018951	24.528503
25.794970	15.621185	14.133453
25.847398	14.743805	14.839172
25.899827	16.708374	14.514923
25.952256	14.953613	14.209747
26.004685	47.245026	44.517517
26.057114	18.157959	17.280579
26.109542	18.844604	16.498566
26.161971	10.948181	11.005402
26.214400	14.629364	13.656616
26.266829	7.724762	7.019043
26.319258	19.207001	18.100739
26.371686	16.632080	16.136169
26.424115	13.561249	12.493134
26.476544	22.411346	21.305084
26.528973	26.359558	22.926331
26.581402	29.640198	27.713776
26.633830	55.847168	53.195953
26.686259	43.926239	40.798187
26.738688	13.160706	12.111664
26.791117	56.171417	51.898956
26.843546	42.133331	39.424896
26.895974	13.904572	14.362335
26.948403	47.397614	46.291351
27.000832	21.438599	18.215179
27.053261	21.324158	17.547607
27.105690	12.378693	11.959076
27.158118	11.367798	10.490417
27.210547	24.662018	23.536682
27.262976	11.577606	11.005402
27.315405	25.997162	23.803711
27.367834	53.615570	48.236847
27.420262	54.721832	52.433014
27.472691	36.144257	33.817291
27.525120	29.201508	26.931763
27.577549	8.144379	7.877350
27.629978	7.934570	6.828308
27.682406	12.435913	12.187958
27.734835	63.762665	58.517456
27.787264	65.898895	58.231354
27.839693	37.727356	36.602020
27.892122	13.694763	13.771057
27.944550	18.196106	16.326904
27.996979	70.457458	64.392090
28.049408	88.539124	79.059601
28.101837	90.694427	81.958771
28.154266	143.432617	131.416321
28.206694	30.784607	29.201508
28.259123	14.781952	12.969971
28.311552	11.310577	10.719299
28.363981	32.711029	29.048920
28.416410	39.482117	36.449432
28.468838	38.814545	36.582947
28.521267	23.612976	21.419525
28.573696	29.430389	28.839111
28.626125	36.773682	32.043457
28.678554	29.373169	28.076172
28.730982	45.852661	41.656494
28.783411	19.607544	18.196106
28.835840	28.133392	25.901794
28.888269	10.318756	9.613037
28.940698	56.152344	51.383972
28.993126	96.397400	91.171265
29.045555	67.272186	62.732697
29.097984	31.318665	28.839111
29.150413	25.997162	23.612976
29.202842	18.100739	17.642975
29.255270	31.795502	29.163361
29.307699	33.187866	29.602051
29.360128	19.435883	17.585754
29.412557	18.348694	17.032623
29.464986	26.359558	24.394989
29.517414	17.127991	15.392303
29.569843	23.994446	21.686554
29.622272	9.822845	9.269714
29.674701	31.013489	27.618408
29.727130	44.651031	40.054321
29.779558	19.626617	18.005371
29.831987	8.735657	7.934570
29.884416	14.953613	14.476776
29.936845	21.171570	19.721985
29.989274	46.825409	43.926239
30.041702	24.471283	22.602081
30.094131	41.580200	38.127899
30.146560	48.828125	43.964386
30.198989	39.138794	37.479401
30.251418	67.081451	62.656403
30.303846	37.651062	35.400391
30.356275	12.531281	10.890961
30.408704	19.855499	18.558502
30.461133	20.923615	19.397736
30.513562	36.106110	32.310486
30.565990	51.460266	48.694611
30.618419	46.520233	40.836334
30.670848	21.648407	19.912720
30.723277	11.215210	10.948181
30.775706	24.127960	21.362305
30.828134	23.021698	20.027161
30.880563	35.114288	33.016205
30.932992	36.773682	34.255981
30.985421	44.651031	40.645599
31.037850	12.321472	11.444092
31.090278	18.062592	17.108917
31.142707	60.253143	54.359436
31.195136	28.820038	26.378632
31.247565	15.678406	13.847351
31.299994	44.441223	40.416718
31.352422	47.035217	43.754578
31.404851	54.168701	47.798157
31.457280	41.847229	37.879944
31.509709	31.166077	29.106140
31.562138	33.607483	31.776428
31.614566	35.057068	33.779144
31.666995	35.514832	34.217834
31.719424	44.803619	41.999817
31.771853	12.512207	10.128021
31.824282	36.869049	33.435822
31.876710	61.702728	54.626465
31.929139	54.931641	51.746368
31.981568	14.400482	14.190674
32.033997	3.643036	3.833771
32.086426	9.841919	8.640289
32.138854	8.983612	7.972717
32.191283	11.653900	11.138916
32.243712	12.874603	12.207031
32.296141	13.389587	13.160706
32.348570	11.386871	9.784698
32.400998	18.882751	17.433167
32.453427	24.795532	24.127960
32.505856	26.340485	23.651123
32.558285	37.231445	33.550262
32.610714	22.754669	20.503998
32.663142	9.880066	8.983612
32.715571	26.912689	25.691986
32.768000	14.381409	12.702942
32.820429	4.711151	3.623962
32.872858	3.929138	3.833771
32.925286	4.234314	4.405975
32.977715	10.643005	9.899139
33.030144	6.809235	7.305145
33.082573	8.831024	8.506775
33.135002	5.187988	4.882813
33.187430	7.553101	8.277893
33.239859	6.752014	6.771088
33.292288	17.280579	15.010834
33.344717	26.836395	22.048950
33.397146	19.912720	19.187927
33.449574	11.920929	10.375977
33.502003	30.250549	29.258728
33.554432	13.122559	11.539459
33.606861	6.198883	5.722046
33.659290	12.893677	12.187958
33.711718	10.509491	10.280609
33.764147	3.604889	3.700256
33.816576	10.490417	10.986328
33.869005	21.896362	18.863678
33.921434	14.286041	13.484955
33.973862	12.092590	12.245178
34.026291	5.321503	4.615784
34.078720	6.847382	6.027222
34.131149	28.572083	27.332306
34.183578	9.708405	9.117126
34.236006	3.433228	2.994537
34.288435	5.912781	5.588531
34.340864	16.899109	15.621185
34.393293	19.531250	17.375946
34.445722	16.345978	14.610291
34.498150	12.950897	11.653900
34.550579	28.667450	25.005341
34.603008	3.242493	3.623962
34.655437	8.506775	7.686615
34.707866	4.692078	5.054474
34.760294	7.572174	6.370544
34.812723	32.806396	27.446747
34.865152	28.553009	28.648376
34.917581	30.727386	29.029846
34.970010	52.509308	48.027039
35.022438	38.394928	34.351349
35.074867	18.177032	16.670227
35.127296	29.220581	27.294159
35.179725	26.187897	25.024414
35.232154	28.877258	26.607513
35.284582	48.332214	44.078827
35.337011	11.062622	10.681152
35.389440	25.234222	24.795532
35.441869	22.144318	20.637512
35.494298	19.397736	17.147064
35.546726	15.754700	15.087128
35.599155	6.294250	5.798340
35.651584	9.498596	9.040833
35.704013	6.580353	6.484985
35.756442	10.662079	9.231567
35.808870	12.474060	12.187958
35.861299	7.324219	7.057190
35.913728	4.901886	5.054474
35.966157	7.743835	6.637573
36.018586	7.076263	6.980896
36.071014	5.378723	5.245209
36.123443	10.623932	10.280609
36.175872	8.506775	7.095337
36.228301	18.959045	17.147064
36.280730	13.732910	13.122559
36.333158	7.991791	7.266998
36.385587	7.915497	7.629395
36.438016	15.068054	15.316010
36.490445	13.523102	12.226105
36.542874	4.196167	3.566742
36.595302	12.187958	11.997223
36.647731	5.321503	5.531311
36.700160	10.299683	8.049011
36.752589	10.032654	9.269714
36.805018	4.577637	4.463196
36.857446	6.771088	5.893707
36.909875	5.245209	5.226135
36.962304	9.498596	8.983612
37.014733	3.299713	2.670288
37.067162	14.629364	13.046265
37.119590	6.732941	6.465912
37.172019	6.008148	5.683899
37.224448	9.460449	7.801056
37.276877	6.904602	6.752014
37.329306	25.653839	24.108887
37.381734	10.318756	10.147095
37.434163	13.370514	12.340546
37.486592	3.585815	2.651215
37.539021	6.523132	6.446838
37.591450	9.212494	8.049011
37.643878	8.201599	7.820129
37.696307	17.566681	16.651154
37.748736	26.302338	23.136139
37.801165	10.375977	10.051727
37.853594	8.678436	7.953644
37.906022	15.335083	14.381409
37.958451	26.836395	23.822784
38.010880	33.111572	30.441284
38.063309	25.711060	25.119781
38.115738	4.844666	4.882813
38.168166	7.781982	7.019043
38.220595	7.801056	7.591248
38.273024	11.692047	9.250641
38.325453	5.245209	5.416870
38.377882	5.893707	5.493164
38.430310	10.147095	9.231567
38.482739	10.757446	10.261536
38.535168	10.509491	10.452271
38.587597	10.795593	11.119843
38.640026	5.741119	5.283356
38.692454	7.228851	5.931854
38.744883	40.054321	34.828186
38.797312	34.313202	30.288696
38.849741	13.179779	13.122559
38.902170	19.874573	18.005371
38.954598	7.953644	7.247925
39.007027	4.806519	4.596710
39.059456	17.414093	16.479492
39.111885	5.722046	5.435944
39.164314	4.577637	4.749298
39.216742	4.081726	4.348755
39.269171	25.634766	22.907257
39.321600	16.651154	14.286041
39.374029	11.215210	11.215210
39.426458	12.569427	10.833740
39.478886	33.512115	30.155182
39.531315	19.645691	18.463135
39.583744	17.833710	16.117096
39.636173	16.593933	13.580322
39.688602	4.138947	4.119873
39.741030	4.806519	4.062653
39.793459	6.465912	6.237030
39.845888	3.719330	4.177094
39.898317	2.765656	2.155304
39.950746	5.149841	5.226135
40.003174	17.623901	14.972687
40.055603	10.738373	9.346008
40.108032	11.100769	9.994507
40.160461	16.098022	16.899109
40.212890	8.983612	8.220673
40.265318	8.983612	8.659363
40.317747	7.438660	7.896423
40.370176	7.476807	7.019043
40.422605	6.790161	7.343292
40.475034	14.209747	12.836456
40.527462	14.934540	13.942719
40.579891	3.433228	3.433228
40.632320	3.890991	3.623962
40.684749	9.365082	8.563995
40.737178	5.722046	5.035400
40.789606	2.784729	3.032684
40.842035	8.659363	7.553101
40.894464	17.967224	17.795563
40.946893	12.321472	11.024475
40.999322	7.553101	7.801056
41.051750	12.111664	10.795593
41.104179	18.310547	16.860962
41.156608	13.427734	12.760162
41.209037	16.479492	14.057159
41.261466	12.626648	11.157990
41.313894	4.234314	4.348755
41.366323	12.321472	10.280609
41.418752	7.705688	7.648468
41.471181	7.190704	5.989075
41.523610	14.476776	13.446808
41.576038	13.771057	12.054443
41.628467	6.332397	5.912781
41.680896	5.435944	4.730225
41.733325	15.983582	14.629364
41.785754	10.833740	9.765625
41.838182	16.517639	15.125275
41.890611	14.801025	13.999939
41.943040	16.765594	14.629364
41.995469	15.830994	14.686584
42.047898	16.174316	15.392303
42.100326	4.367828	4.901886
42.152755	9.231567	8.563995
42.205184	29.850006	27.923584
42.257613	25.138855	22.869110
42.310042	31.700134	28.648376
42.362470	11.653900	11.501312
42.414899	10.070801	9.155273
42.467328	8.544922	8.125305
42.519757	14.362335	12.779236
42.572186	24.757385	22.163391
42.624614	26.550293	25.177002
42.677043	19.340515	18.558502
42.729472	9.288788	9.784698
42.781901	7.934570	6.999969
42.834330	12.207031	11.196136
42.886758	18.615723	16.040802
42.939187	26.245117	25.100708
42.991616	38.452148	34.580231
43.044045	48.732758	44.689178
43.096474	27.370453	24.223328
43.148902	5.874634	5.359650
43.201331	8.296967	7.247925
43.253760	8.449554	8.697510
43.306189	4.787445	4.234314
43.358618	5.187988	4.596710
43.411046	3.280640	3.757477
43.463475	6.694794	6.351471
43.515904	9.651184	8.773804
43.568333	5.702972	5.569458
43.620762	8.964539	7.553101
43.673190	7.820129	8.106232
43.725619	16.765594	14.934540
43.778048	13.065338	12.531281
43.830477	18.386841	16.899109
43.882906	13.847351	13.217926
43.935334	9.441376	8.602142
43.987763	16.746521	15.182495
44.040192	7.114410	6.771088
44.092621	14.820099	13.675690
44.145050	19.073486	16.937256
44.197478	35.400391	32.272339
44.249907	34.027100	30.212402
44.302336	13.980865	13.313293
44.354765	7.019043	6.217957
44.407194	11.138916	9.822845
44.459622	7.057190	6.885529
44.512051	6.790161	7.476807
44.564480	12.073517	10.643005
44.616909	3.700256	3.681183
44.669338	14.724731	13.046265
44.721766	24.967194	23.384094
44.774195	24.929047	23.860931
44.826624	5.302429	4.291534
44.879053	12.702942	11.463165
44.931482	5.989075	5.588531
44.983910	4.272461	4.558563
45.036339	6.046295	5.931854
45.088768	11.234283	11.177063
45.141197	9.422302	8.964539
45.193626	14.724731	13.885498
45.246054	24.452209	22.659302
45.298483	21.533966	18.291473
45.350912	10.833740	9.937286
45.403341	4.596710	3.890991
45.455770	7.362366	6.542206
45.508198	13.523102	13.713837
45.560627	14.133453	12.588501
45.613056	8.983612	8.926392
45.665485	8.983612	8.602142
45.717914	6.675720	5.722046
45.770342	5.569458	5.321503
45.822771	18.463135	15.983582
45.875200	9.326935	9.498596
45.927629	20.980835	19.741058
45.980058	8.983612	8.411407
46.032486	7.762909	7.381439
46.084915	6.542206	6.580353
46.137344	9.059906	7.724762
46.189773	6.427765	5.702972
46.242202	12.855530	12.416840
46.294630	10.395050	10.471344
46.347059	3.604889	3.986359
46.399488	8.907318	8.392334
46.451917	5.111694	5.607605
46.504346	6.389618	5.626678
46.556774	6.446838	5.683899
46.609203	5.226135	5.130768
46.661632	9.670258	9.670258
46.714061	17.452240	17.471313
46.766490	10.700226	10.299683
46.818918	6.771088	6.637573
46.871347	8.754730	6.828308
46.923776	8.544922	8.487701
46.976205	4.310608	3.757477
47.028634	5.607605	5.035400
47.081062	11.348724	11.157990
47.133491	19.683838	16.174316
47.185920	13.809204	12.855530
47.238349	7.991791	7.095337
47.290778	13.828278	11.806488
47.343206	15.048981	14.572144
47.395635	10.337830	9.574890
47.448064	13.713837	12.664795
47.500493	9.803772	9.155273
47.552922	19.130707	18.520355
47.605350	21.724701	19.836426
47.657779	20.427704	20.465851
47.710208	8.468628	7.610321
47.762637	6.065369	5.607605
47.815066	9.002686	7.915497
47.867494	7.419586	7.247925
47.919923	6.504059	6.561279
47.972352	4.863739	5.130768
48.024781	15.335083	14.305115
48.077210	6.618500	6.008148
48.129638	4.768372	4.405975
48.182067	9.555817	8.049011
48.234496	5.512238	5.512238
48.286925	4.119873	3.757477
48.339354	8.697510	8.087158
48.391782	19.817352	17.757416
48.444211	20.332336	18.463135
48.496640	19.130707	16.326904
48.549069	32.081604	29.926300
48.601498	16.384125	15.258789
48.653926	15.144348	13.580322
48.706355	12.798309	12.016296
48.758784	5.073547	4.158020
48.811213	9.193420	8.983612
48.863642	8.106232	8.087158
48.916070	3.242493	2.765656
48.968499	9.632111	9.002686
49.020928	7.553101	7.534027
49.073357	3.986359	3.967285
49.125786	9.994507	8.296967
49.178214	14.076233	12.397766
49.230643	4.291534	4.329681
49.283072	12.741089	11.730194
49.335501	18.024445	16.574860
49.387930	13.008118	11.062622
49.440358	49.839020	48.427582
49.492787	11.787415	10.128021
49.545216	10.166168	9.975433
49.597645	6.618500	5.874634
49.650074	5.397797	5.168915
49.702502	16.975403	15.220642
49.754931	31.032562	29.296875
49.807360	19.836426	17.337799
49.859789	16.384125	15.411377
49.912218	21.800995	20.751953
49.964646	10.910034	10.299683
50.017075	6.141663	5.016327
50.069504	8.811951	8.754730
50.121933	19.626617	17.776489
50.174362	25.959015	23.231506
50.226790	17.261505	15.296936
50.279219	7.476807	7.553101
50.331648	3.108978	2.632141
50.384077	4.959106	4.539490
50.436506	4.177094	3.528595
50.488934	10.089874	9.231567
50.541363	5.378723	4.959106
50.593792	12.626648	12.340546
50.646221	21.114349	19.969940
50.698650	32.672882	29.697418
50.751078	47.836304	45.490265
50.803507	19.855499	18.577576
50.855936	8.239746	7.534027
50.908365	6.256104	5.798340
50.960794	5.264282	5.340576
51.013222	4.959106	5.187988
51.065651	6.847382	5.416870
51.118080	6.217957	5.626678
51.170509	29.678345	26.702881
51.222938	38.871765	34.523010
51.275366	20.923615	17.986298
51.327795	7.705688	6.999969
51.380224	4.997253	3.871918
51.432653	15.316010	13.237000
51.485082	15.735626	15.087128
51.537510	6.198883	5.054474
51.589939	7.266998	5.607605
51.642368	14.514923	13.999939
51.694797	11.119843	9.651184
51.747226	4.100800	3.509521
51.799654	9.670258	8.640289
51.852083	7.553101	7.762909
51.904512	4.577637	4.692078
51.956941	11.901855	11.062622
52.009370	19.817352	17.414093
52.061798	34.103394	32.005310
52.114227	36.945343	34.046173
52.166656	15.716553	13.904572
52.219085	6.217957	5.359650
52.271514	2.346039	2.632141
52.323942	9.460449	9.174347
52.376371	15.716553	14.991760
52.428800	7.057190	7.114410
52.481229	7.743835	7.419586
52.533658	8.583069	8.544922
52.586086	11.577606	10.242462
52.638515	30.326843	27.599335
52.690944	24.547577	23.574829
52.743373	19.645691	18.520355
52.795802	29.754639	27.790070
52.848230	24.795532	23.632050
52.900659	12.416840	9.822845
52.953088	13.046265	12.226105
53.005517	10.070801	8.621216
53.057946	5.588531	5.493164
53.110374	4.787445	3.814697
53.162803	5.970001	5.741119
53.215232	6.675720	6.732941
53.267661	10.337830	9.574890
53.320090	36.697388	33.664703
53.372518	32.367706	32.005310
53.424947	13.446808	11.119843
53.477376	31.661987	28.457642
53.529805	32.787323	32.176971
53.582234	33.283234	29.563904
53.634662	30.536652	27.618408
53.687091	13.675690	12.741089
53.739520	8.926392	8.945465
53.791949	56.133270	51.250458
53.844378	47.798157	41.942596
53.896806	23.250580	21.705627
53.949235	6.866455	6.141663
54.001664	24.166107	22.258759
54.054093	16.403198	14.839172
54.106522	14.686584	13.256073
54.158950	23.765564	23.632050
54.211379	13.122559	11.825562
54.263808	22.296906	20.294189
54.316237	23.155212	21.228790
54.368666	24.509430	23.975372
54.421094	15.010834	14.514923
54.473523	36.621094	34.008026
54.525952	12.493134	11.997223
54.578381	32.291412	29.182434
54.630810	11.138916	9.899139
54.683238	11.425018	10.662079
54.735667	18.768311	18.119812
54.788096	4.577637	3.871918
54.840525	4.997253	4.405975
54.892954	6.370544	6.752014
54.945382	13.809204	13.675690
54.997811	5.416870	5.283356
55.050240	11.959076	11.596680
55.102669	31.833649	29.296875
55.155098	7.343292	6.828308
55.207526	8.258820	7.266998
55.259955	7.457733	6.237030
55.312384	8.964539	8.296967
55.364813	10.700226	9.746552
55.417242	9.937286	9.098053
55.469670	3.852844	4.291534
55.522099	5.340576	4.158020
55.574528	9.593964	8.850098
55.626957	15.277863	14.495850
55.679386	11.596680	10.242462
55.731814	14.324188	14.476776
55.784243	12.207031	11.463165
55.836672	8.029938	6.904602
55.889101	15.068054	14.572144
55.941530	11.787415	11.653900
55.993958	9.536743	9.574890
56.046387	28.114319	25.501251
56.098816	22.201538	21.362305
56.151245	10.757446	10.375977
56.203674	8.754730	7.762909
56.256102	1.983643	2.460480
56.308531	11.539459	10.910034
56.360960	16.727448	16.918182
56.413389	6.637573	5.664825
56.465818	7.820129	7.648468
56.518246	22.850037	20.465851
56.570675	13.122559	11.539459
56.623104	11.539459	11.272430
56.675533	6.637573	5.512238
56.727962	9.040833	9.002686
56.780390	6.885529	6.561279
56.832819	9.117126	9.174347
56.885248	2.517700	2.193451
56.937677	12.779236	12.874603
56.990106	10.013580	9.460449
57.042534	2.326965	2.765656
57.094963	6.370544	6.427765
57.147392	13.084412	12.226105
57.199821	6.122589	6.675720
57.252250	10.051727	10.261536
57.304678	17.337799	16.593933
57.357107	7.534027	7.286072
57.409536	18.939972	18.005371
57.461965	6.370544	4.882813
57.514394	3.223419	3.070831
57.566822	5.435944	5.092621
57.619251	24.242401	22.735596
57.671680	6.618500	7.305145
57.724109	4.138947	4.615784
57.776538	4.463196	4.444122
57.828966	8.296967	8.964539
57.881395	5.416870	4.425049
57.933824	10.757446	9.956360
57.986253	6.980896	6.732941
58.038682	7.781982	7.343292
58.091110	8.525848	8.220673
58.143539	5.149841	5.817413
58.195968	3.528595	3.051758
58.248397	3.662109	3.738403
58.300826	4.806519	4.024506
58.353254	9.746552	9.880066
58.405683	6.141663	6.637573
58.458112	14.247894	12.302399
58.510541	11.539459	10.623932
58.562970	10.967255	11.138916
58.615398	11.215210	10.204315
58.667827	4.463196	4.386902
58.720256	29.811859	27.751923
58.772685	14.476776	12.741089
58.825114	12.912750	11.749268
58.877542	14.057159	12.550354
58.929971	14.877319	12.779236
58.982400	15.850067	14.419556
59.034829	9.517670	8.831024
59.087258	3.623962	3.337860
59.139686	8.010864	7.820129
59.192115	12.149811	11.596680
59.244544	4.787445	4.158020
59.296973	14.896393	13.484955
59.349402	21.495819	19.645691
59.401830	7.247925	6.752014
59.454259	4.177094	3.547668
59.506688	12.741089	12.626648
59.559117	32.863617	30.002594
59.611546	21.705627	20.904541
59.663974	12.454987	10.967255
59.716403	21.495819	19.683838
59.768832	10.013580	9.307861
59.821261	14.305115	12.226105
59.873690	13.160706	11.253357
59.926118	11.177063	11.425018
59.978547	8.106232	6.675720
60.030976	8.602142	6.599426
60.083405	4.005432	3.871918
60.135834	6.771088	5.874634
60.188262	8.506775	7.743835
60.240691	9.727478	9.536743
60.293120	7.019043	5.893707
60.345549	13.618469	12.378693
60.397978	11.653900	10.528564
60.450406	13.580322	12.664795
60.502835	17.471313	16.212463
60.555264	9.555817	8.010864
60.607693	25.348663	23.841858
60.660122	11.978149	10.700226
60.712550	5.283356	4.844666
60.764979	4.253387	4.234314
60.817408	6.427765	5.645752
60.869837	5.874634	5.741119
60.922266	3.719330	3.833771
60.974694	9.956360	9.117126
61.027123	5.722046	6.294250
61.079552	13.027191	12.283325
61.131981	23.307800	22.850037
61.184410	12.016296	11.043549
61.236838	37.269592	32.062531
61.289267	11.062622	11.005402
61.341696	4.158020	4.825592
61.394125	3.929138	3.566742
61.446554	7.266998	7.171631
61.498982	9.651184	9.174347
61.551411	3.509521	3.719330
61.603840	9.288788	9.098053
61.656269	18.711090	17.776489
61.708698	10.356903	9.136200
61.761126	8.506775	7.972717
61.813555	15.449524	13.084412
61.865984	13.809204	13.637543
61.918413	14.133453	13.313293
61.970842	9.441376	9.441376
62.023270	12.264252	11.062622
62.075699	7.171631	6.961823
62.128128	12.416840	11.405945
62.180557	19.283295	17.261505
62.232986	22.430420	22.315979
62.285414	18.825531	17.471313
62.337843	9.250641	8.754730
62.390272	7.171631	6.351471
62.442701	15.449524	13.904572
62.495130	9.918213	9.803772
62.547558	14.991760	14.610291
62.599987	6.504059	6.141663
62.652416	16.918182	15.392303
62.704845	3.776550	3.681183
62.757274	4.711151	3.490448
62.809702	9.784698	8.583069
62.862131	8.125305	7.915497
62.914560	4.405975	4.940033
62.966989	7.934570	7.171631
63.019418	6.904602	7.057190
63.071846	13.961792	12.969971
63.124275	17.013550	15.182495
63.176704	6.637573	6.599426
63.229133	6.446838	6.408691
63.281562	4.272461	4.062653
63.333990	7.057190	6.046295
63.386419	3.852844	3.566742
63.438848	7.743835	6.771088
63.491277	6.885529	6.561279
63.543706	10.242462	9.403229
63.596134	8.850098	7.820129
63.648563	5.092621	4.901886
63.700992	3.032684	3.585815
63.753421	2.746582	2.632141
63.805850	6.313324	6.732941
63.858278	4.997253	4.863739
63.910707	4.024506	4.463196
63.963136	6.084442	5.569458
64.015565	8.087158	6.961823
64.067994	5.245209	5.435944
64.120422	4.692078	4.425049
64.172851	6.961823	6.465912
64.225280	16.689301	14.877319
64.277709	15.716553	13.389587
64.330138	13.656616	12.397766
64.382566	4.615784	4.634857
64.434995	17.604828	14.781952
64.487424	22.716522	20.256042
64.539853	12.722015	10.986328
64.592282	6.694794	6.198883
64.644710	6.942749	6.046295
64.697139	11.138916	10.471344
64.749568	4.806519	4.806519
64.801997	3.547668	3.433228
64.854426	7.190704	6.542206
64.906854	13.942719	11.711121
64.959283	11.768341	10.452271
65.011712	10.566711	9.498596
65.064141	13.961792	13.122559
65.116570	13.027191	11.672974
65.168998	4.024506	4.043579
65.221427	16.117096	15.316010
65.273856	50.086975	47.454834
65.326285	56.476593	51.078796
65.378714	18.157959	17.051697
65.431142	33.130646	31.185150
65.483571	20.389557	19.187927
65.536000	14.896393	13.141632
65.588429	7.629395	7.343292
65.640858	13.103485	12.912750
65.693286	17.318726	16.517639
65.745715	20.923615	20.408630
65.798144	23.689270	23.117065
65.850573	18.978119	16.841888
65.903002	21.381378	20.294189
65.955430	9.975433	9.078979
66.007859	6.942749	5.798340
66.060288	4.558563	4.634857
66.112717	21.209717	20.046234
66.165146	19.302368	17.433167
66.217574	30.841827	28.553009
66.270003	30.021667	26.531219
66.322432	13.065338	11.005402
66.374861	6.942749	6.732941
66.427290	12.817383	12.130737
66.479718	14.629364	14.762878
66.532147	3.662109	3.566742
66.584576	7.553101	6.542206
66.637005	5.359650	5.989075
66.689434	7.457733	6.656647
66.741862	7.171631	6.752014
66.794291	17.662048	16.574860
66.846720	21.190643	18.081665
66.899149	14.781952	14.820099
66.951578	3.890991	3.948212
67.004006	5.588531	5.550385
67.056435	6.942749	6.141663
67.108864	10.852814	9.803772
67.161293	8.029938	7.400513
67.213722	18.482208	15.850067
67.266150	21.247864	19.512177
67.318579	14.781952	14.209747
67.371008	9.441376	8.983612
67.423437	6.980896	6.484985
67.475866	18.062592	15.544891
67.528294	10.890961	10.166168
67.580723	13.084412	11.310577
67.633152	21.018982	18.463135
67.685581	11.844635	11.100769
67.738010	6.618500	6.217957
67.790438	10.089874	8.258820
67.842867	26.798248	26.340485
67.895296	30.479431	28.076172
67.947725	27.656555	25.615692
68.000154	20.198822	18.310547
68.052582	7.495880	6.046295
68.105011	7.343292	6.771088
68.157440	18.043518	17.662048
68.209869	3.414154	3.738403
68.262298	11.672974	12.054443
68.314726	7.572174	7.095337
68.367155	7.228851	6.523132
68.419584	21.095276	19.607544
68.472013	24.337769	24.242401
68.524442	11.367798	9.536743
68.576870	3.070831	2.861023
68.629299	10.356903	8.964539
68.681728	24.375916	20.809174
68.734157	5.855560	5.187988
68.786586	10.604858	10.471344
68.839014	7.133484	6.847382
68.891443	9.365082	9.212494
68.943872	5.531311	5.855560
68.996301	7.133484	5.855560
69.048730	4.310608	3.757477
69.101158	10.852814	11.234283
69.153587	10.452271	9.384155
69.206016	25.463104	22.258759
69.258445	10.738373	8.449554
69.310874	5.302429	4.901886
69.363302	18.482208	16.212463
69.415731	12.989044	12.111664
69.468160	19.664764	18.520355
69.520589	27.236938	25.711060
69.573018	23.765564	22.048950
69.625446	24.185181	22.163391
69.677875	8.010864	7.286072
69.730304	7.209778	7.305145
69.782733	6.084442	5.989075
69.835162	8.220673	8.392334
69.887590	4.329681	4.806519
69.940019	11.577606	11.234283
69.992448	8.182526	7.190704
70.044877	8.697510	7.438660
70.097306	4.539490	4.119873
70.149734	13.217926	10.814667
70.202163	11.634827	10.204315
70.254592	6.179810	5.626678
70.307021	8.468628	8.239746
70.359450	3.700256	3.509521
70.411878	20.408630	18.138885
70.464307	11.901855	10.833740
70.516736	10.757446	10.089874
70.569165	21.114349	20.313263
70.621594	31.757355	29.201508
70.674022	24.051666	23.365021
70.726451	14.972687	13.465881
70.778880	13.828278	12.741089
70.831309	5.264282	4.844666
70.883738	4.768372	4.177094
70.936166	4.291534	3.585815
70.988595	6.866455	7.057190
71.041024	8.373260	7.495880
71.093453	9.918213	9.403229
71.145882	7.076263	6.790161
71.198310	9.136200	9.307861
71.250739	10.814667	10.013580
71.303168	8.182526	7.934570
71.355597	4.100800	3.967285
71.408026	5.397797	4.596710
71.460454	6.828308	6.217957
71.512883	4.444122	4.062653
71.565312	4.959106	4.730225
71.617741	10.147095	9.536743
71.670170	15.602112	14.438629
71.722598	12.798309	12.207031
71.775027	4.844666	4.215240
71.827456	4.806519	4.615784
71.879885	5.760193	6.046295
71.932314	3.890991	4.043579
71.984742	4.463196	4.234314
72.037171	5.855560	6.065369
72.089600	16.403198	15.697479
72.142029	23.307800	21.591187
72.194458	3.643036	3.662109
72.246886	8.983612	8.525848
72.299315	11.463165	11.024475
72.351744	7.266998	6.752014
72.404173	4.043579	4.119873
72.456602	7.400513	6.999969
72.509030	4.482269	3.910065
72.561459	13.351440	11.749268
72.613888	9.860992	8.640289
72.666317	5.645752	4.901886
72.718746	15.678406	14.419556
72.771174	12.130737	10.948181
72.823603	19.092560	16.422272
72.876032	23.059845	22.163391
72.928461	14.247894	13.561249
72.980890	18.939972	17.776489
73.033318	6.484985	5.950928
73.085747	7.991791	7.991791
73.138176	27.942657	24.318695
73.190605	14.133453	12.874603
73.243034	13.027191	12.359619
73.295462	19.989014	18.901825
73.347891	17.471313	15.239716
73.400320	5.187988	5.321503
73.452749	10.929108	9.632111
73.505178	7.534027	6.752014
73.557606	14.419556	13.427734
73.610035	10.547638	10.089874
73.662464	4.844666	3.471375
73.714893	15.048981	12.798309
73.767322	19.264221	16.880035
73.819750	12.531281	11.253357
73.872179	11.787415	9.746552
73.924608	53.997040	51.364899
73.977037	39.443970	37.803650
74.029466	21.762848	19.741058
74.081894	18.234253	16.689301
74.134323	8.220673	7.705688
74.186752	3.547668	3.509521
74.239181	9.250641	8.792877
74.291610	14.362335	13.122559
74.344038	7.781982	7.839203
74.396467	14.114380	13.198853
74.448896	18.444061	16.574860
74.501325	14.762878	12.626648
74.553754	10.490417	12.035370
74.606182	14.533997	13.599396
74.658611	12.836456	11.978149
74.711040	44.956207	40.416718
74.763469	26.645660	25.768280
74.815898	29.621124	25.291443
74.868326	14.171600	13.847351
74.920755	12.035370	10.814667
74.973184	5.226135	5.245209
75.025613	18.520355	16.384125
75.078042	7.801056	7.324219
75.130470	20.561218	20.980835
75.182899	43.754578	40.588379
75.235328	15.068054	12.722015
75.287757	5.416870	4.863739
75.340186	13.885498	12.722015
75.392614	26.931763	25.119781
75.445043	13.561249	12.416840
75.497472	11.024475	10.433197
75.549901	4.329681	3.986359
75.602330	6.504059	5.474091
75.654758	11.177063	11.329651
75.707187	9.841919	9.899139
75.759616	13.523102	11.119843
75.812045	9.975433	9.498596
75.864474	17.528534	17.414093
75.916902	24.547577	23.822784
75.969331	11.920929	10.757446
76.021760	37.727356	33.607483
76.074189	34.084320	29.716492
76.126618	24.223328	23.822784
76.179046	8.106232	6.656647
76.231475	21.018982	20.027161
76.283904	18.997192	16.860962
76.336333	46.138763	44.593811
76.388762	20.103455	20.084381
76.441190	24.185181	23.136139
76.493619	25.558472	21.686554
76.546048	27.084351	25.081635
76.598477	17.852783	16.994476
76.650906	8.831024	7.534027
76.703334	8.869171	8.430481
76.755763	31.147003	29.869080
76.808192	31.661987	28.705597
76.860621	15.506744	12.550354
76.913050	29.544830	26.550293
76.965478	39.615631	36.716461
77.017907	27.198792	24.147034
77.070336	24.662018	23.860931
77.122765	21.514893	19.359589
77.175194	12.817383	12.531281
77.227622	8.754730	8.068085
77.280051	3.242493	3.147125
77.332480	11.177063	9.078979
77.384909	15.926361	14.019012
77.437338	28.038025	25.844574
77.489766	11.787415	11.463165
77.542195	63.591003	56.896210
77.594624	97.827911	93.593597
77.647053	88.481903	80.413818
77.699482	22.602081	21.648407
77.751910	12.397766	11.024475
77.804339	5.588531	4.920959
77.856768	16.517639	14.953613
77.909197	9.574890	8.220673
77.961626	22.277832	20.732880
78.014054	11.215210	9.994507
78.066483	5.741119	4.940033
78.118912	5.493164	4.920959
78.171341	13.313293	11.882782
78.223770	9.117126	8.678436
78.276198	11.348724	10.128021
78.328627	24.642944	22.583008
78.381056	47.168732	45.166016
78.433485	31.471252	29.697418
78.485914	20.198822	18.501282
78.538342	7.381439	7.476807
78.590771	10.242462	9.231567
78.643200	7.286072	6.313324
78.695629	10.261536	9.231567
78.748058	7.801056	6.542206
78.800486	7.019043	6.160736
78.852915	10.623932	9.193420
78.905344	6.713867	6.294250
78.957773	4.062653	3.795624
79.010202	5.435944	5.702972
79.062630	4.959106	4.692078
79.115059	21.839142	19.550323
79.167488	16.632080	15.945435
79.219917	12.893677	11.711121
79.272346	5.550385	4.539490
79.324774	9.937286	9.002686
79.377203	10.776520	10.948181
79.429632	13.198853	11.272430
79.482061	32.520294	29.182434
79.534490	38.795471	34.523010
79.586918	25.081635	22.506714
79.639347	33.264160	30.918121
79.691776	42.572021	39.367676
79.744205	29.201508	26.073456
79.796634	29.602051	29.048920
79.849062	40.302277	36.849976
79.901491	19.302368	18.367767
79.953920	16.555786	14.972687
80.006349	10.871887	9.765625
80.058778	13.294220	12.702942
80.111206	9.346008	8.468628
80.163635	34.942627	32.062531
80.216064	49.648285	46.920776
80.268493	25.405884	23.326874
80.320922	17.471313	15.888214
80.373350	5.607605	5.168915
80.425779	15.735626	15.010834
80.478208	17.795563	16.498566
80.530637	46.081543	42.209625
80.583066	26.721954	25.501251
80.635494	6.408691	6.027222
80.687923	5.168915	5.912781
80.740352	11.653900	11.100769
80.792781	9.326935	8.869171
80.845210	10.356903	10.204315
80.897638	6.885529	6.618500
80.950067	9.918213	8.888245
81.002496	10.623932	10.337830
81.054925	22.735596	21.076202
81.107354	19.989014	18.768311
81.159782	19.245148	17.471313
81.212211	17.452240	16.345978
81.264640	33.092499	30.765533
81.317069	31.223297	28.228760
81.369498	13.790131	12.779236
81.421926	21.800995	19.950867
81.474355	39.043427	35.190582
81.526784	31.986237	30.403137
81.579213	20.847321	18.997192
81.631642	7.896423	7.362366
81.684070	16.994476	15.373230
81.736499	13.237000	10.890961
81.788928	4.558563	4.386902
81.841357	28.362274	26.969910
81.893786	10.013580	9.250641
81.946214	4.158020	4.081726
81.998643	13.809204	12.130737
82.051072	6.980896	7.228851
82.103501	14.629364	13.828278
82.155930	16.574860	15.811920
82.208358	52.337646	47.874451
82.260787	19.073486	17.585754
82.313216	7.839203	7.781982
82.365645	4.520416	4.653931
82.418074	20.523071	19.454956
82.470502	40.016174	35.953522
82.522931	41.809082	38.204193
82.575360	30.899048	29.239655
82.627789	26.016235	23.498535
82.680218	36.907196	32.711029
82.732646	24.490356	22.487640
82.785075	13.675690	11.940002
82.837504	15.316010	13.694763
82.889933	19.283295	17.833710
82.942362	20.065308	17.127991
82.994790	22.277832	19.779205
83.047219	38.166046	34.923553
83.099648	55.389404	51.460266
83.152077	39.024353	38.261414
83.204506	47.435760	44.612885
83.256934	28.896332	27.866364
83.309363	36.220551	32.634735
83.361792	33.893585	31.452179
83.414221	11.005402	10.776520
83.466650	13.065338	12.054443
83.519078	20.446777	19.130707
83.571507	18.157959	15.335083
83.623936	12.950897	10.948181
83.676365	9.899139	10.662079
83.728794	52.318573	47.607422
83.781222	54.664612	49.533844
83.833651	50.468445	43.792725
83.886080	30.479431	27.713776
83.938509	45.833588	40.702820
83.990938	53.024292	48.580170
84.043366	56.800842	50.144196
84.095795	32.444000	28.839111
84.148224	28.438568	28.305054
84.200653	23.059845	21.114349
84.253082	16.498566	14.381409
84.305510	15.468597	13.179779
84.357939	16.441345	13.294220
84.410368	11.844635	10.433197
84.462797	13.332367	12.245178
84.515226	14.057159	12.683868
84.567654	12.226105	13.561249
84.620083	13.542175	12.474060
84.672512	17.547607	16.155243
84.724941	13.980865	12.493134
84.777370	17.070770	15.792847
84.829798	10.547638	10.070801
84.882227	18.863678	16.231537
84.934656	16.155243	14.934540
84.987085	11.558533	10.681152
85.039514	15.392303	12.741089
85.091942	19.016266	18.405914
85.144371	3.280640	3.242493
85.196800	7.247925	6.980896
85.249229	10.013580	9.384155
85.301658	8.201599	7.572174
85.354086	14.400482	13.561249
85.406515	59.432983	55.217743
85.458944	24.242401	21.991730
85.511373	7.419586	7.076263
85.563802	8.068085	8.678436
85.616230	7.781982	7.266998
85.668659	49.762726	47.359467
85.721088	55.961609	52.204132
85.773517	69.370270	59.738159
85.825946	127.220154	116.958618
85.878374	143.623352	130.596161
85.930803	84.457397	75.130463
85.983232	75.397491	67.367554
86.035661	60.977936	54.378510
86.088090	42.724609	40.359497
86.140518	38.757324	34.599304
86.192947	20.694733	18.348694
86.245376	32.711029	30.574799
86.297805	53.558350	48.389435
86.350234	13.141632	13.046265
86.402662	19.855499	17.795563
86.455091	13.999939	13.599396
86.507520	12.664795	11.253357
86.559949	14.648438	12.245178
86.612378	11.386871	9.765625
86.664806	10.643005	9.975433
86.717235	4.558563	4.501343
86.769664	8.087158	7.228851
86.822093	4.463196	4.138947
86.874522	14.286041	12.321472
86.926950	10.814667	10.185242
86.979379	8.831024	7.057190
87.031808	24.585724	22.125244
87.084237	7.781982	7.095337
87.136666	6.122589	5.130768
87.189094	19.149780	18.978119
87.241523	8.087158	8.029938
87.293952	4.615784	4.463196
87.346381	15.811920	15.277863
87.398810	4.730225	3.967285
87.451238	10.662079	10.528564
87.503667	7.209778	7.877350
87.556096	23.784637	21.667480
87.608525	21.839142	19.264221
87.660954	33.226013	30.956268
87.713382	38.185120	34.961700
87.765811	50.849915	46.329498
87.818240	56.667328	53.329468
87.870669	16.136169	16.250610
87.923098	15.316010	14.076233
87.975526	14.991760	13.275146
88.027955	14.953613	13.523102
88.080384	4.558563	4.577637
88.132813	7.114410	6.790161
88.185242	4.291534	3.566742
88.237670	14.343262	12.969971
88.290099	16.708374	15.144348
88.342528	20.294189	18.959045
88.394957	13.256073	11.920929
88.447386	65.307617	57.029724
88.499814	54.016113	49.839020
88.552243	63.533783	59.337616
88.604672	78.525543	72.898865
88.657101	107.231140	98.075867
88.709530	75.492859	70.343018
88.761958	55.217743	48.866272
88.814387	14.743805	13.999939
88.866816	7.972717	6.961823
88.919245	27.141571	24.719238
88.971674	7.934570	7.076263
89.024102	22.811890	20.313263
89.076531	21.839142	21.286011
89.128960	10.089874	8.850098
89.181389	12.454987	11.386871
89.233818	7.095337	6.217957
89.286246	14.114380	13.561249
89.338675	9.822845	8.506775
89.391104	12.664795	11.577606
89.443533	11.520386	11.177063
89.495962	10.757446	9.956360
89.548390	24.394989	23.174286
89.600819	17.452240	16.536713
89.653248	7.114410	6.752014
89.705677	15.544891	15.621185
89.758106	9.880066	10.223389
89.810534	12.111664	11.882782
89.862963	17.452240	15.373230
89.915392	12.454987	11.348724
89.967821	38.356781	34.770966
90.020250	8.392334	7.610321
90.072678	4.882813	3.948212
90.125107	15.468597	14.438629
90.177536	7.991791	6.561279
90.229965	32.386780	28.743744
90.282394	33.493042	30.422211
90.334822	64.334869	60.329437
90.387251	54.588318	52.261353
90.439680	53.539276	47.950745
90.492109	26.836395	25.444031
90.544538	4.367828	4.158020
90.596966	15.697479	14.514923
90.649395	40.683746	39.463043
90.701824	36.640167	32.882690
90.754253	17.719269	16.765594
90.806682	9.689331	8.258820
90.859110	19.264221	17.910004
90.911539	7.114410	6.465912
90.963968	15.850067	15.029907
91.016397	10.738373	10.128021
91.068826	15.258789	14.877319
91.121254	19.302368	18.577576
91.173683	19.721985	17.242432
91.226112	14.648438	14.381409
91.278541	37.994385	33.950806
91.330970	21.667480	19.798279
91.383398	22.373199	22.411346
91.435827	27.275085	23.841858
91.488256	23.860931	22.869110
91.540685	14.476776	13.713837
91.593114	10.185242	9.326935
91.645542	7.667542	6.465912
91.697971	7.324219	6.198883
91.750400	15.888214	15.544891
91.802829	3.967285	3.871918
91.855258	12.741089	11.539459
91.907686	7.133484	6.542206
91.960115	11.711121	11.062622
92.012544	7.839203	7.514954
92.064973	8.983612	8.678436
92.117402	5.741119	5.416870
92.169830	5.531311	5.264282
92.222259	4.444122	4.653931
92.274688	65.727234	61.111450
92.327117	29.582977	28.457642
92.379546	59.070587	52.413940
92.431974	109.786987	101.127625
92.484403	148.010254	135.211945
92.536832	319.862366	290.107727
92.589261	189.685822	171.833038
92.641690	104.465485	92.124939
92.694118	281.429291	258.140564
92.746547	223.865509	203.113556
92.798976	50.525665	43.659210
92.851405	37.441254	34.961700
92.903834	48.828125	41.885376
92.956262	88.386536	78.468323
93.008691	149.154663	138.797760
93.061120	74.844360	65.498352
93.113549	78.525543	72.078705
93.165978	85.868835	79.975128
93.218406	246.620178	221.138000
93.270835	245.628357	222.358704
93.323264	120.525360	109.462738
93.375693	122.642517	111.846924
93.428122	37.689209	34.809113
93.480550	21.095276	18.806458
93.532979	18.386841	17.337799
93.585408	21.266937	18.367767
93.637837	7.610321	7.457733
93.690266	7.209778	6.790161
93.742694	15.144348	14.553070
93.795123	15.335083	13.828278
93.847552	37.975311	33.397675
93.899981	98.705292	88.367462
93.952410	94.318390	85.506439
94.004838	81.863403	72.708130
94.057267	68.264008	61.645508
94.109696	39.062500	35.457611
94.162125	25.787354	24.375916
94.214554	31.166077	28.820038
94.266982	31.013489	26.836395
94.319411	48.198700	44.918060
94.371840	68.130493	60.920715
94.424269	71.907043	64.563751
94.476698	72.593689	66.013336
94.529126	144.958496	132.541656
94.581555	173.358917	159.816742
94.633984	227.298737	207.633972
94.686413	271.110535	249.195099
94.738842	186.882019	171.928406
94.791270	173.473358	157.680511
94.843699	219.058990	197.067261
94.896128	20.160675	17.833710
94.948557	0.419617	0.457764
95.000986	35.629272	32.558441
95.053414	25.863647	24.032593
95.105843	85.716248	73.871613
95.158272	14.762878	13.160706
95.210701	32.634735	28.972626
95.263130	0.228882	0.324249
95.315558	0.305176	0.343323
95.367987	3.890991	3.719330
95.420416	3.604889	3.509521
95.472845	10.814667	8.869171
95.525274	10.108948	9.078979
95.577702	2.059937	2.021790
95.630131	0.171661	0.228882
95.682560	0.190735	0.400543
95.734989	2.250671	1.621246
95.787418	2.632141	3.299713
95.839846	0.896454	0.724792
95.892275	1.258850	1.087189
95.944704	1.468658	1.583099
95.997133	0.267029	0.305176
96.049562	0.324249	0.381470
96.101990	0.610352	0.534058
96.154419	0.858307	0.991821
96.206848	0.572205	0.667572
96.259277	1.049042	1.506805
96.311706	0.724792	0.972748
96.364134	0.171661	0.247955
96.416563	0.057220	0.209808
96.468992	0.133514	0.267029
96.521421	0.286102	0.534058
96.573850	0.152588	0.305176
96.626278	0.152588	0.247955
96.678707	0.076294	0.209808
96.731136	0.171661	0.152588
96.783565	0.209808	0.305176
96.835994	0.171661	0.343323
96.888422	0.209808	0.267029
96.940851	0.286102	0.324249
96.993280	0.152588	0.305176
97.045709	0.190735	0.247955
97.098138	0.171661	0.228882
97.150566	0.133514	0.209808
97.202995	0.152588	0.247955
97.255424	0.171661	0.247955
97.307853	0.171661	0.267029
97.360282	0.305176	0.247955
97.412710	0.324249	0.267029
97.465139	0.400543	0.648499
97.517568	0.438690	0.705719
97.569997	0.438690	0.400543
97.622426	0.247955	0.495911
97.674854	0.228882	0.362396
97.727283	0.419617	0.438690
97.779712	0.343323	0.476837
97.832141	0.839233	0.553131
97.884570	0.801086	0.610352
97.936998	0.381470	0.705719
97.989427	0.629425	0.438690
98.041856	0.686646	0.610352
98.094285	0.476837	0.648499
98.146714	0.705719	0.553131
98.199142	0.495911	0.400543
98.251571	0.362396	0.572205
98.304000	0.362396	0.457764
98.356429	0.381470	0.286102
98.408858	0.190735	0.247955
98.461286	0.228882	0.362396
98.513715	0.171661	0.457764
98.566144	0.457764	0.610352
98.618573	0.343323	0.514984
98.671002	0.209808	0.400543
98.723430	0.343323	0.247955
98.775859	0.247955	0.247955
98.828288	0.267029	0.381470
98.880717	0.419617	0.495911
98.933146	0.438690	0.553131
98.985574	0.495911	0.476837
99.038003	0.457764	0.438690
99.090432	0.667572	0.553131
99.142861	0.400543	0.400543
99.195290	0.419617	0.667572
99.247718	0.591278	0.743866
99.300147	0.419617	0.572205
99.352576	0.324249	0.534058
99.405005	0.152588	0.247955
99.457434	0.019073	0.305176
99.509862	0.286102	0.343323
99.562291	0.247955	0.228882
99.614720	0.095367	0.286102
99.667149	0.267029	0.400543
99.719578	0.495911	0.514984
99.772006	0.381470	0.495911
99.824435	0.572205	0.762939
99.876864	0.438690	0.362396
99.929293	0.247955	0.343323
99.981722	0.267029	0.228882
100.034150	0.152588	0.362396
100.086579	0.114441	0.343323
100.139008	0.362396	0.381470
100.191437	0.267029	0.457764
100.243866	0.247955	0.267029
100.296294	0.305176	0.438690
100.348723	0.438690	0.610352
100.401152	0.438690	0.419617
100.453581	0.324249	0.457764
100.506010	0.400543	0.610352
100.558438	0.152588	0.305176
100.610867	0.095367	0.114441
100.663296	0.247955	0.286102
100.715725	0.267029	0.343323
100.768154	0.381470	0.381470
100.820582	0.324249	0.267029
100.873011	0.286102	0.247955
100.925440	0.190735	0.381470
100.977869	0.152588	0.247955
101.030298	0.209808	0.228882
101.082726	0.305176	0.343323
101.135155	0.495911	0.553131
101.187584	0.324249	0.362396
101.240013	0.133514	0.247955
101.292442	0.591278	0.553131
101.344870	0.495911	0.400543
101.397299	0.267029	0.514984
101.449728	0.286102	0.381470
101.502157	0.782013	0.591278
101.554586	0.381470	0.514984
101.607014	0.114441	0.247955
101.659443	0.190735	0.343323
101.711872	0.152588	0.209808
101.764301	0.190735	0.343323
101.816730	0.267029	0.381470
101.869158	0.381470	0.362396
101.921587	0.381470	0.514984
101.974016	0.343323	0.438690
102.026445	0.419617	0.591278
102.078874	0.419617	0.400543
102.131302	0.629425	0.629425
102.183731	0.286102	0.400543
102.236160	0.114441	0.286102
102.288589	0.228882	0.286102
102.341018	0.133514	0.209808
102.393446	0.171661	0.419617
102.445875	0.076294	0.114441
102.498304	0.362396	0.381470
102.550733	0.247955	0.228882
102.603162	0.286102	0.476837
102.655590	0.209808	0.438690
102.708019	0.324249	0.190735
102.760448	0.343323	0.305176
102.812877	0.362396	0.362396
102.865306	0.381470	0.400543
102.917734	0.362396	0.343323
102.970163	0.286102	0.438690
103.022592	0.152588	0.343323
103.075021	0.267029	0.324249
103.127450	0.190735	0.267029
103.179878	0.171661	0.209808
103.232307	0.190735	0.152588
103.284736	0.228882	0.343323
103.337165	0.171661	0.362396
103.389594	0.381470	0.476837
103.442022	0.457764	0.438690
103.494451	0.476837	0.572205
103.546880	0.457764	0.419617
103.599309	0.305176	0.228882
103.651738	0.171661	0.286102
103.704166	0.152588	0.152588
103.756595	0.438690	0.495911
103.809024	0.286102	0.419617
103.861453	0.381470	0.534058
103.913882	0.476837	0.648499
103.966310	0.247955	0.400543
104.018739	0.362396	0.267029
104.071168	0.114441	0.343323
104.123597	0.209808	0.400543
104.176026	0.247955	0.400543
104.228454	0.438690	0.534058
104.280883	0.114441	0.362396
104.333312	0.267029	0.476837
104.385741	0.267029	0.419617
104.438170	0.324249	0.419617
104.490598	0.495911	0.381470
104.543027	0.305176	0.324249
104.595456	0.267029	0.209808
104.647885	0.209808	0.305176
104.700314	0.514984	0.457764
104.752742	0.762939	0.686646
104.805171	0.553131	0.705719
104.857600	0.476837	0.667572
104.910029	0.286102	0.381470
104.962458	0.343323	0.267029
105.014886	0.133514	0.400543
105.067315	0.267029	0.362396
105.119744	0.286102	0.190735
105.172173	0.362396	0.457764
105.224602	0.343323	0.419617
105.277030	0.438690	0.457764
105.329459	0.381470	0.343323
105.381888	0.286102	0.514984
105.434317	0.247955	0.419617
105.486746	0.305176	0.419617
105.539174	0.495911	0.495911
105.591603	0.381470	0.419617
105.644032	0.324249	0.457764
105.696461	0.343323	0.419617
105.748890	0.324249	0.514984
105.801318	0.381470	0.553131
105.853747	0.247955	0.457764
105.906176	0.400543	0.381470
105.958605	0.324249	0.419617
106.011034	0.286102	0.286102
106.063462	0.247955	0.362396
106.115891	0.381470	0.343323
106.168320	0.247955	0.610352
106.220749	0.457764	0.381470
106.273178	0.362396	0.476837
106.325606	0.343323	0.457764
106.378035	0.381470	0.362396
106.430464	0.438690	0.362396
106.482893	0.514984	0.381470
106.535322	0.400543	0.381470
106.587750	0.286102	0.400543
106.640179	0.114441	0.267029
106.692608	0.381470	0.324249
106.745037	0.247955	0.419617
106.797466	0.381470	0.228882
106.849894	0.247955	0.400543
106.902323	0.209808	0.438690
106.954752	0.247955	0.305176
107.007181	0.247955	0.286102
107.059610	0.152588	0.305176
107.112038	0.228882	0.286102
107.164467	0.209808	0.286102
107.216896	0.209808	0.438690
107.269325	0.171661	0.324249
107.321754	0.419617	0.133514
107.374182	0.343323	0.419617
107.426611	0.228882	0.286102
107.479040	0.228882	0.324249
107.531469	0.247955	0.324249
107.583898	0.247955	0.362396
107.636326	0.152588	0.438690
107.688755	0.209808	0.400543
107.741184	0.419617	0.476837
107.793613	0.209808	0.171661
107.846042	0.152588	0.228882
107.898470	0.286102	0.495911
107.950899	0.324249	0.553131
108.003328	0.286102	0.267029
108.055757	0.228882	0.209808
108.108186	0.267029	0.324249
108.160614	0.362396	0.362396
108.213043	0.286102	0.381470
108.265472	0.324249	0.381470
108.317901	0.286102	0.457764
108.370330	0.228882	0.476837
108.422758	0.171661	0.514984
108.475187	0.171661	0.152588
108.527616	0.267029	0.305176
108.580045	0.247955	0.286102
108.632474	0.152588	0.305176
108.684902	0.400543	0.534058
108.737331	0.267029	0.286102
108.789760	0.343323	0.419617
108.842189	0.171661	0.343323
108.894618	0.305176	0.362396
108.947046	0.171661	0.286102
108.999475	0.247955	0.190735
109.051904	0.057220	0.305176
109.104333	0.171661	0.228882
109.156762	0.247955	0.133514
109.209190	0.267029	0.419617
109.261619	0.171661	0.305176
109.314048	0.362396	0.400543
109.366477	0.305176	0.610352
109.418906	0.438690	0.267029
109.471334	0.267029	0.209808
109.523763	0.286102	0.305176
109.576192	0.190735	0.305176
109.628621	0.267029	0.362396
109.681050	0.400543	0.247955
109.733478	0.171661	0.419617
109.785907	0.247955	0.362396
109.838336	0.267029	0.438690
109.890765	0.133514	0.343323
109.943194	0.190735	0.267029
109.995622	0.228882	0.495911
110.048051	0.190735	0.305176
110.100480	0.267029	0.362396
110.152909	0.343323	0.381470
110.205338	0.267029	0.381470
110.257766	0.267029	0.171661
110.310195	0.209808	0.247955
110.362624	0.247955	0.362396
110.415053	0.133514	0.343323
110.467482	0.171661	0.267029
110.519910	0.209808	0.209808
110.572339	0.228882	0.267029
110.624768	0.171661	0.324249
110.677197	0.190735	0.343323
110.729626	0.247955	0.171661
110.782054	0.095367	0.247955
110.834483	0.228882	0.305176
110.886912	0.190735	0.190735
110.939341	0.171661	0.324249
110.991770	0.286102	0.267029
111.044198	0.362396	0.286102
111.096627	0.247955	0.362396
111.149056	0.286102	0.228882
111.201485	0.362396	0.209808
111.253914	0.305176	0.286102
111.306342	0.228882	0.324249
111.358771	0.209808	0.171661
111.411200	0.247955	0.419617
111.463629	0.209808	0.343323
111.516058	0.267029	0.267029
111.568486	0.286102	0.209808
111.620915	0.133514	0.267029
111.673344	0.171661	0.362396
111.725773	0.228882	0.228882
111.778202	0.171661	0.324249
111.830630	0.324249	0.286102
111.883059	0.190735	0.305176
111.935488	0.114441	0.267029
111.987917	0.247955	0.343323
112.040346	0.305176	0.324249
112.092774	0.095367	0.457764
112.145203	0.286102	0.209808
112.197632	0.057220	0.247955
112.250061	0.171661	0.324249
112.302490	0.171661	0.362396
112.354918	0.171661	0.343323
112.407347	0.228882	0.324249
112.459776	0.114441	0.381470
112.512205	0.267029	0.476837
112.564634	0.267029	0.209808
112.617062	0.247955	0.171661
112.669491	0.247955	0.362396
112.721920	0.171661	0.534058
112.774349	0.228882	0.362396
112.826778	0.381470	0.457764
112.879206	0.190735	0.438690
112.931635	0.305176	0.362396
112.984064	0.343323	0.362396
113.036493	0.457764	0.457764
113.088922	0.190735	0.381470
113.141350	0.267029	0.343323
113.193779	0.305176	0.400543
113.246208	0.228882	0.286102
113.298637	0.267029	0.419617
113.351066	0.247955	0.171661
113.403494	0.247955	0.247955
113.455923	0.209808	0.343323
113.508352	0.267029	0.152588
113.560781	0.286102	0.228882
113.613210	0.152588	0.286102
113.665638	0.400543	0.305176
113.718067	0.228882	0.343323
113.770496	0.190735	0.286102
113.822925	0.171661	0.228882
113.875354	0.171661	0.247955
113.927782	0.247955	0.286102
113.980211	0.228882	0.381470
114.032640	0.228882	0.247955
114.085069	0.190735	0.324249
114.137498	0.190735	0.305176
114.189926	0.209808	0.305176
114.242355	0.267029	0.209808
114.294784	0.305176	0.267029
114.347213	0.247955	0.381470
114.399642	0.228882	0.343323
114.452070	0.152588	0.209808
114.504499	0.305176	0.324249
114.556928	0.152588	0.419617
114.609357	0.114441	0.343323
114.661786	0.438690	0.228882
114.714214	0.133514	0.305176
114.766643	0.343323	0.209808
114.819072	0.171661	0.171661
114.871501	0.133514	0.267029
114.923930	0.286102	0.209808
114.976358	0.152588	0.400543
115.028787	0.190735	0.247955
115.081216	0.209808	0.152588
115.133645	0.171661	0.247955
115.186074	0.114441	0.267029
115.238502	0.190735	0.305176
115.290931	0.209808	0.171661
115.343360	0.152588	0.476837
115.395789	0.190735	0.362396
115.448218	0.209808	0.228882
115.500646	0.228882	0.457764
115.553075	0.247955	0.228882
115.605504	0.152588	0.247955
115.657933	0.152588	0.305176
115.710362	0.247955	0.267029
115.762790	0.152588	0.228882
115.815219	0.247955	0.209808
115.867648	0.209808	0.247955
115.920077	0.133514	0.228882
115.972506	0.095367	0.343323
116.024934	0.400543	0.381470
116.077363	0.171661	0.152588
116.129792	0.076294	0.457764
116.182221	0.228882	0.152588
116.234650	0.171661	0.247955
116.287078	0.076294	0.209808
116.339507	0.209808	0.400543
116.391936	0.209808	0.209808
116.444365	0.209808	0.190735
116.496794	0.190735	0.247955
116.549222	0.171661	0.190735
116.601651	0.171661	0.305176
116.654080	0.152588	0.228882
116.706509	0.095367	0.267029
116.758938	0.247955	0.305176
116.811366	0.228882	0.267029
116.863795	0.267029	0.324249
116.916224	0.267029	0.286102
116.968653	0.190735	0.133514
117.021082	0.171661	0.305176
117.073510	0.247955	0.228882
117.125939	0.228882	0.286102
117.178368	0.171661	0.190735
117.230797	0.152588	0.305176
117.283226	0.133514	0.343323
117.335654	0.305176	0.152588
117.388083	0.171661	0.209808
117.440512	0.381470	0.362396
117.492941	0.267029	0.305176
117.545370	0.057220	0.324249
117.597798	0.171661	0.286102
117.650227	0.228882	0.286102
117.702656	0.209808	0.209808
117.755085	0.114441	0.190735
117.807514	0.152588	0.267029
117.859942	0.152588	0.286102
117.912371	0.076294	0.152588
117.964800	0.076294	0.267029
118.017229	0.152588	0.171661
118.069658	0.114441	0.190735
118.122086	0.190735	0.267029
118.174515	0.152588	0.152588
118.226944	0.190735	0.171661
118.279373	0.171661	0.286102
118.331802	0.209808	0.247955
118.384230	0.152588	0.324249
118.436659	0.247955	0.267029
118.489088	0.286102	0.305176
118.541517	0.209808	0.267029
118.593946	0.190735	0.324249
118.646374	0.267029	0.209808
118.698803	0.190735	0.286102
118.751232	0.076294	0.171661
118.803661	0.286102	0.152588
118.856090	0.171661	0.286102
118.908518	0.190735	0.267029
118.960947	0.228882	0.133514
119.013376	0.095367	0.228882
119.065805	0.247955	0.286102
119.118234	0.057220	0.286102
119.170662	0.228882	0.247955
119.223091	0.190735	0.133514
119.275520	0.095367	0.228882
119.327949	0.133514	0.171661
119.380378	0.247955	0.209808
119.432806	0.152588	0.190735
119.485235	0.095367	0.171661
119.537664	0.190735	0.228882
119.590093	0.209808	0.247955
119.642522	0.133514	0.209808
119.694950	0.171661	0.190735
119.747379	0.190735	0.247955
