3/3/2026	11:9 AM
Pseudo Cross Correlation
Scattering angle:	32.00
Duration (s):	15
Wavelength (nm):	660.0
Refractive index:	1.330
Viscosity (mPas):	0.999
Temperature (K):	293.2
Laser intensity (mW):	84.000000
Average Count rate  A (kHz):	144.2
Average Count rate  B (kHz):	132.1
Intercept:	0.8544
Cumulant 1st	84.8529
Cumulant 2nd	55.4633	55.4609
Cumulant 3rd	40.6382	56.9277

Lag time (s)         g2-1
1.25E-08	0.823123
2.5E-08	0.87031
3.75E-08	0.878466
5E-08	0.810306
6.25E-08	0.860698
7.5E-08	0.839434
8.75E-08	0.808559
1E-07	0.830696
1.125E-07	0.833609
1.25E-07	0.876427
1.375E-07	0.882253
1.5E-07	0.892739
1.625E-07	0.852251
1.75E-07	0.883126
1.875E-07	0.849629
2E-07	0.844095
2.125E-07	0.84526
2.375E-07	0.886476
2.625E-07	0.885602
2.875E-07	0.866815
3.125E-07	0.849338
3.375E-07	0.870893
3.625E-07	0.88633
3.875E-07	0.871038
4.125E-07	0.860989
4.625E-07	0.865795
5.125E-07	0.859169
5.625E-07	0.854144
6.125E-07	0.855455
6.625E-07	0.866887
7.125E-07	0.855746
7.625E-07	0.865213
8.125E-07	0.848464
9.125E-07	0.852105
1.0125E-06	0.865067
1.1125E-06	0.847335
1.2125E-06	0.869873
1.3125E-06	0.864921
1.4125E-06	0.862846
1.5125E-06	0.862555
1.6125E-06	0.85287
1.8125E-06	0.856347
2.0125E-06	0.865012
2.2125E-06	0.857894
2.4125E-06	0.848646
2.6125E-06	0.865977
2.8125E-06	0.866578
3.0125E-06	0.859587
3.2125E-06	0.845196
3.6125E-06	0.861344
4.0125E-06	0.864311
4.4125E-06	0.859387
4.8125E-06	0.851386
5.2125E-06	0.857366
5.6125E-06	0.853106
6.0125E-06	0.856219
6.4125E-06	0.858677
7.2125E-06	0.859123
8.0125E-06	0.86271
8.8125E-06	0.848993
9.6125E-06	0.849839
1.04125E-05	0.856625
1.12125E-05	0.860325
1.20125E-05	0.856672
1.28125E-05	0.85245
1.44125E-05	0.850903
1.60125E-05	0.852855
1.76125E-05	0.849032
1.92125E-05	0.847106
2.08125E-05	0.846708
2.24125E-05	0.845625
2.40125E-05	0.844601
2.56125E-05	0.843999
2.88125E-05	0.843129
3.20125E-05	0.84034
3.52125E-05	0.837268
3.84125E-05	0.836943
4.16125E-05	0.833148
4.48125E-05	0.833854
4.80125E-05	0.831412
5.12125E-05	0.828157
5.76125E-05	0.824075
6.40125E-05	0.819788
7.04125E-05	0.818266
7.68125E-05	0.814681
8.32125E-05	0.810169
8.96125E-05	0.80569
9.60125E-05	0.801833
0.000102413	0.800281
0.000115213	0.792974
0.000128013	0.785581
0.000140813	0.78033
0.000153613	0.773562
0.000166413	0.769403
0.000179213	0.7637
0.000192013	0.757595
0.000204813	0.752435
0.000230413	0.742976
0.000256013	0.733237
0.000281613	0.723499
0.000307213	0.715533
0.000332813	0.707311
0.000358413	0.700071
0.000384013	0.692533
0.000409613	0.685733
0.000460813	0.67328
0.000512013	0.660276
0.000563213	0.649531
0.000614413	0.639507
0.000665613	0.630662
0.000716813	0.621161
0.000768013	0.612387
0.000819213	0.604386
0.000921613	0.589305
0.00102401	0.576073
0.00112641	0.563629
0.00122881	0.55408
0.00133121	0.544009
0.00143361	0.534163
0.00153601	0.52478
0.00163841	0.516427
0.00184321	0.501207
0.00204801	0.487037
0.00225281	0.472428
0.00245761	0.45842
0.00266241	0.445965
0.00286721	0.433204
0.00307201	0.421999
0.00327681	0.409592
0.00368641	0.386242
0.00409601	0.365614
0.00450561	0.345952
0.00491521	0.329814
0.00532481	0.313934
0.00573441	0.297636
0.00614401	0.281797
0.00655361	0.267736
0.00737281	0.242762
0.00819201	0.222677
0.00901121	0.202315
0.00983041	0.184303
0.0106496	0.169843
0.0114688	0.15437
0.012288	0.139632
0.0131072	0.128143
0.0147456	0.110571
0.016384	0.0916713
0.0180224	0.0762559
0.0196608	0.0621728
0.0212992	0.0498685
0.0229376	0.0451696
0.024576	0.0372761
0.0262144	0.0339135
0.0294912	0.0354759
0.032768	0.0389302
0.0360448	0.0326255
0.0393216	0.020835
0.0425984	0.0192221
0.0458752	0.0204957
0.049152	0.0161828
0.0524288	0.017241
0.0589824	0.0164168
0.065536	0.00698433
0.0720896	0.001858
0.0786432	0.00439245
0.0851968	0.00134458
0.0917504	-0.0006664
0.098304	0.00218947
0.104858	-0.0066167
0.117965	-0.0162972
0.131072	-0.0095677
0.144179	-0.00460926
0.157286	0.0100734
0.170394	0.0131959
0.183501	0.0177203
0.196608	0.0243867
0.209715	0.022545
0.23593	-0.00255452
0.262144	0.0199141
0.288358	0.0297384
0.314573	0.00615736
0.340787	0.0102562
0.367002	0.0118579
0.393216	0.0125508
0.41943	0.0186508
0.471859	0.0293067
0.524288	0.0110594
0.576717	0.0139198
0.629146	-0.00498498
0.681574	-0.000278722
0.734003	0.00493803
0.786432	0.00111269
0.838861	0.0085573
0.943718	0.00800443
1.04858	0.00536344
1.15343	0.00736851
1.25829	0.0285544
1.36315	0.0139861
1.46801	0.0200372
1.57286	0.019543
1.67772	0.0271308
1.88744	0.0177033
2.09715	0.0252191
2.30687	0.00589983
2.51658	0.0150166
2.7263	0.00279512
2.93601	0.0178059
3.14573	0.0061177
3.35544	0.0177284
3.77487	0.0194168
4.1943	0.0306003
4.61373	0.0353013
5.03316	0.0519972
5.4526	0.0569331
5.87203	0.0707334
6.29146	0.0825032
6.71089	0.0978339
7.54975	0.0954821
8.38861	0.109322
9.22747	0.0978199
10.0663	0.10969
10.9052	0.135308
11.7441	0.130619
12.5829	0.101601

Count Rate History (KHz)  CR CHA / CR CHB
0.000000	88.138580	80.108643
0.052429	144.805908	138.015747
0.104858	77.838898	70.705414
0.157286	123.481750	112.686157
0.209715	117.397308	104.808807
0.262144	136.108398	125.389099
0.314573	247.440338	227.260590
0.367002	129.375458	114.974976
0.419430	124.435425	112.209320
0.471859	207.195282	193.634033
0.524288	138.797760	123.748779
0.576717	80.165863	74.405670
0.629146	147.285461	136.737823
0.681574	168.018341	151.348114
0.734003	179.996490	163.841248
0.786432	175.590515	159.549713
0.838861	118.064880	107.421875
0.891290	137.443542	125.675201
0.943718	99.391937	88.062286
0.996147	75.550079	70.724487
1.048576	81.501007	73.566437
1.101005	98.724365	92.411041
1.153434	116.100311	109.119415
1.205862	157.909393	146.751404
1.258291	96.549988	91.419220
1.310720	78.182220	71.010590
1.363149	100.727081	98.476410
1.415578	133.552551	120.811462
1.468006	210.571289	186.347961
1.520435	102.539063	93.250275
1.572864	131.149292	119.724274
1.625293	103.511810	95.863342
1.677722	229.930878	215.282440
1.730150	159.893036	147.228241
1.782579	71.582794	65.536499
1.835008	73.108673	68.149567
1.887437	135.192871	126.113892
1.939866	219.974518	199.089050
1.992294	102.882385	93.784332
2.044723	121.536255	113.162994
2.097152	133.895874	122.299194
2.149581	184.059143	170.783997
2.202010	372.428894	337.619781
2.254438	230.369568	205.230713
2.306867	61.817169	56.476593
2.359296	113.945007	103.302002
2.411725	171.966553	159.225464
2.464154	63.209534	58.059692
2.516582	110.969543	100.784302
2.569011	169.429779	154.438019
2.621440	151.157379	139.446259
2.673869	168.743134	152.320862
2.726298	172.042847	159.912109
2.778726	124.931335	112.419128
2.831155	99.487305	91.590881
2.883584	105.094910	97.656250
2.936013	164.222717	150.337219
2.988442	208.187103	192.222595
3.040870	99.887848	92.678070
3.093299	147.514343	132.942200
3.145728	104.007721	98.571777
3.198157	166.988373	153.484344
3.250586	95.005035	87.490082
3.303014	90.847015	87.776184
3.355443	125.999451	114.536285
3.407872	104.331970	95.443726
3.460301	209.712982	194.511414
3.512730	269.565582	239.639282
3.565158	90.446472	81.100464
3.617587	72.212219	68.511963
3.670016	77.991486	70.285797
3.722445	100.460052	95.310211
3.774874	105.037689	102.882385
3.827302	153.808594	142.250061
3.879731	118.255615	112.686157
3.932160	169.525146	153.312683
3.984589	171.451569	158.329010
4.037018	87.814331	80.833435
4.089446	123.157501	112.991333
4.141875	116.443634	109.653473
4.194304	136.241913	125.637054
4.246733	75.950623	71.468353
4.299162	134.563446	122.985840
4.351590	285.816193	257.167816
4.404019	123.310089	111.656189
4.456448	130.786896	120.525360
4.508877	128.307343	114.440918
4.561306	81.958771	73.566437
4.613734	63.781738	57.506561
4.666163	109.481812	100.803375
4.718592	136.756897	122.776031
4.771021	149.421692	138.168335
4.823450	61.893463	59.833527
4.875878	111.103058	99.716187
4.928307	66.928864	60.615540
4.980736	124.759674	115.737915
5.033165	81.195831	71.983337
5.085594	121.288300	111.255646
5.138022	122.489929	114.574432
5.190451	113.658905	103.130341
5.242880	125.808716	113.983154
5.295309	59.127808	53.577423
5.347738	106.086731	95.348358
5.400166	102.863312	94.394684
5.452595	113.468170	102.901459
5.505024	83.637238	76.999664
5.557453	208.950043	189.418793
5.609882	125.122070	116.863251
5.662310	67.996979	62.198639
5.714739	95.558167	87.490082
5.767168	67.081451	63.686371
5.819597	108.947754	100.841522
5.872026	158.214569	145.359039
5.924454	102.252960	94.680786
5.976883	176.830292	158.920288
6.029312	105.648041	99.964142
6.081741	120.506287	112.628937
6.134170	144.271851	128.536224
6.186598	111.198425	104.122162
6.239027	114.459991	105.762482
6.291456	172.672272	156.898499
6.343885	124.759674	114.421844
6.396314	129.051208	119.152069
6.448742	154.571533	143.451691
6.501171	75.283051	67.520142
6.553600	80.146790	73.299408
6.606029	139.026642	125.656128
6.658458	111.770630	104.045868
6.710886	104.465485	96.397400
6.763315	156.421661	141.086578
6.815744	93.994141	87.509155
6.868173	102.272034	94.890594
6.920602	130.977631	122.337341
6.973030	138.530731	124.187469
7.025459	146.141052	135.383606
7.077888	190.029144	177.555084
7.130317	208.110809	192.546844
7.182746	126.247406	112.094879
7.235174	208.625793	189.228058
7.287603	184.478760	170.707703
7.340032	277.709961	253.181458
7.392461	157.775879	145.893097
7.444890	90.389252	80.947876
7.497318	133.171082	124.588013
7.549747	254.764557	230.808258
7.602176	244.007111	224.285126
7.654605	190.353394	175.285339
7.707034	219.039917	199.718475
7.759462	103.607178	91.896057
7.811891	92.067719	81.367493
7.864320	147.037506	136.413574
7.916749	119.132996	110.206604
7.969178	136.222839	122.947693
8.021606	177.936554	163.135529
8.074035	58.803558	54.302216
8.126464	183.410645	161.418915
8.178893	79.860687	72.860718
8.231322	107.975006	96.035004
8.283750	178.031921	158.996582
8.336179	93.460083	81.710815
8.388608	98.075867	89.473724
8.441037	176.544189	155.811310
8.493466	344.638824	312.423706
8.545894	167.808533	153.598785
8.598323	206.661224	188.579559
8.650752	83.446503	79.212189
8.703181	144.081116	135.498047
8.755610	170.631409	154.914856
8.808038	91.075897	83.141327
8.860467	367.755890	334.701538
8.912896	90.351105	83.637238
8.965325	80.490112	73.890686
9.017754	224.418640	210.819244
9.070182	243.072510	220.756531
9.122611	81.195831	75.683594
9.175040	187.015533	172.843933
9.227469	162.143707	150.318146
9.279898	198.841095	182.209015
9.332326	202.579498	188.369751
9.384755	120.182037	111.427307
9.437184	209.922791	187.225342
9.489613	209.350586	196.285248
9.542042	163.745880	150.337219
9.594470	139.236450	128.078461
9.646899	103.397369	94.356537
9.699328	119.800568	109.882355
9.751757	197.658539	186.233521
9.804186	148.181915	139.141083
9.856614	118.389130	107.975006
9.909043	57.697296	53.253174
9.961472	93.040466	87.146759
10.013901	70.991516	66.299438
10.066330	118.770599	108.966827
10.118758	169.353485	157.432556
10.171187	255.889893	241.813660
10.223616	113.887787	105.705261
10.276045	87.890625	77.381134
10.328474	114.898682	105.495453
10.380902	90.351105	83.866119
10.433331	91.400146	85.830688
10.485760	136.470795	126.724243
10.538189	126.285553	112.514496
10.590618	123.596191	114.002228
10.643046	103.645325	95.615387
10.695475	119.724274	112.323761
10.747904	187.606812	171.203613
10.800333	234.622955	219.841003
10.852762	252.323151	224.132538
10.905190	267.448425	244.941711
10.957619	121.040344	109.233856
11.010048	216.217041	198.841095
11.062477	85.067749	79.536438
11.114906	170.822144	154.781342
11.167334	178.546906	164.852142
11.219763	216.922760	204.219818
11.272192	89.492798	80.966949
11.324621	126.209259	116.729736
11.377050	318.393707	287.170410
11.429478	195.255280	174.465179
11.481907	136.489868	127.544403
11.534336	68.988800	62.904358
11.586765	202.770233	187.892914
11.639194	136.203766	123.271942
11.691622	221.519470	205.001831
11.744051	83.618164	77.457428
11.796480	117.435455	107.746124
11.848909	169.219971	154.647827
11.901338	220.031738	197.219849
11.953766	175.189972	160.388947
12.006195	239.353180	213.584900
12.058624	201.377869	184.364319
12.111053	132.007599	119.895935
12.163482	112.419128	102.996826
12.215910	227.222443	205.001831
12.268339	156.440735	143.775940
12.320768	156.345367	144.634247
12.373197	152.511597	142.993927
12.425626	81.214905	76.274872
12.478054	171.661377	157.546997
12.530483	234.375000	217.323303
12.582912	165.996552	148.277283
12.635341	136.299133	126.266479
12.687770	222.568512	200.862885
12.740198	172.023773	156.650543
12.792627	95.481873	86.460114
12.845056	116.767883	107.021332
12.897485	149.402618	137.157440
12.949914	110.645294	101.890564
13.002342	167.713165	153.694153
13.054771	215.682983	196.971893
13.107200	169.830322	154.666901
13.159629	221.023560	204.238892
13.212058	80.280304	70.590973
13.264486	123.348236	115.814209
13.316915	70.686340	64.678192
13.369344	119.571686	110.778809
13.421773	266.647339	241.527557
13.474202	106.296539	94.928741
13.526630	187.816620	176.963806
13.579059	361.404419	328.044891
13.631488	238.227844	216.388702
13.683917	182.876587	166.206360
13.736346	156.841278	145.435333
13.788774	130.271912	119.552612
13.841203	130.920410	120.868683
13.893632	101.337433	92.544556
13.946061	162.849426	146.541595
13.998490	256.290436	233.745575
14.050918	206.108093	188.236237
14.103347	128.021240	119.457245
14.155776	66.890717	62.828064
14.208205	126.457214	120.601654
14.260634	201.683044	179.328918
14.313062	90.141296	81.825256
14.365491	102.062225	94.223022
