3/3/2026	11:8 AM
Pseudo Cross Correlation
Scattering angle:	27.99
Duration (s):	15
Wavelength (nm):	660.0
Refractive index:	1.330
Viscosity (mPas):	0.999
Temperature (K):	293.2
Laser intensity (mW):	84.000000
Average Count rate  A (kHz):	145.8
Average Count rate  B (kHz):	133.7
Intercept:	0.8060
Cumulant 1st	72.9392
Cumulant 2nd	46.2500	45.5878
Cumulant 3rd	33.1394	44.4656

Lag time (s)         g2-1
1.25E-08	0.815851
2.5E-08	0.815271
3.75E-08	0.829186
5E-08	0.812083
6.25E-08	0.823968
7.5E-08	0.836433
8.75E-08	0.781355
1E-07	0.788022
1.125E-07	0.782514
1.25E-07	0.809184
1.375E-07	0.838752
1.5E-07	0.803676
1.625E-07	0.773817
1.75E-07	0.834404
1.875E-07	0.839622
2E-07	0.808894
2.125E-07	0.814547
2.375E-07	0.850203
2.625E-07	0.823388
2.875E-07	0.816866
3.125E-07	0.817011
3.375E-07	0.802371
3.625E-07	0.81904
3.875E-07	0.81846
4.125E-07	0.82578
4.625E-07	0.811938
5.125E-07	0.805922
5.625E-07	0.796211
6.125E-07	0.816286
6.625E-07	0.79179
7.125E-07	0.78592
7.625E-07	0.797951
8.125E-07	0.807843
9.125E-07	0.811829
1.0125E-06	0.807299
1.1125E-06	0.824294
1.2125E-06	0.803241
1.3125E-06	0.807372
1.4125E-06	0.827157
1.5125E-06	0.800632
1.6125E-06	0.806212
1.8125E-06	0.805415
2.0125E-06	0.816956
2.2125E-06	0.809129
2.4125E-06	0.817337
2.6125E-06	0.806176
2.8125E-06	0.807173
3.0125E-06	0.809981
3.2125E-06	0.815036
3.6125E-06	0.812535
4.0125E-06	0.816231
4.4125E-06	0.807308
4.8125E-06	0.809374
5.2125E-06	0.80258
5.6125E-06	0.806403
6.0125E-06	0.805569
6.4125E-06	0.807847
7.2125E-06	0.809383
8.0125E-06	0.805782
8.8125E-06	0.799898
9.6125E-06	0.804328
1.04125E-05	0.805044
1.12125E-05	0.804858
1.20125E-05	0.804989
1.28125E-05	0.802809
1.44125E-05	0.800187
1.60125E-05	0.801713
1.76125E-05	0.799629
1.92125E-05	0.796885
2.08125E-05	0.800078
2.24125E-05	0.79907
2.40125E-05	0.798819
2.56125E-05	0.796278
2.88125E-05	0.79405
3.20125E-05	0.791878
3.52125E-05	0.788504
3.84125E-05	0.790431
4.16125E-05	0.78871
4.48125E-05	0.786542
4.80125E-05	0.784988
5.12125E-05	0.782718
5.76125E-05	0.780193
6.40125E-05	0.77528
7.04125E-05	0.771374
7.68125E-05	0.769328
8.32125E-05	0.766953
8.96125E-05	0.763871
9.60125E-05	0.760991
0.000102413	0.756646
0.000115213	0.751464
0.000128013	0.745238
0.000140813	0.740522
0.000153613	0.734981
0.000166413	0.730251
0.000179213	0.725005
0.000192013	0.719598
0.000204813	0.715658
0.000230413	0.705739
0.000256013	0.697431
0.000281613	0.686901
0.000307213	0.679275
0.000332813	0.670698
0.000358413	0.663355
0.000384013	0.655225
0.000409613	0.648901
0.000460813	0.634962
0.000512013	0.623165
0.000563213	0.611144
0.000614413	0.601093
0.000665613	0.590954
0.000716813	0.582492
0.000768013	0.573369
0.000819213	0.565674
0.000921613	0.5509
0.00102401	0.538195
0.00112641	0.526976
0.00122881	0.517393
0.00133121	0.508633
0.00143361	0.501189
0.00153601	0.492715
0.00163841	0.485646
0.00184321	0.472239
0.00204801	0.46066
0.00225281	0.448798
0.00245761	0.437724
0.00266241	0.427719
0.00286721	0.418499
0.00307201	0.409886
0.00327681	0.401414
0.00368641	0.386765
0.00409601	0.370427
0.00450561	0.357683
0.00491521	0.343856
0.00532481	0.329571
0.00573441	0.31521
0.00614401	0.302443
0.00655361	0.290356
0.00737281	0.267105
0.00819201	0.2468
0.00901121	0.227813
0.00983041	0.212183
0.0106496	0.195019
0.0114688	0.18014
0.012288	0.166371
0.0131072	0.153193
0.0147456	0.129457
0.016384	0.111948
0.0180224	0.0964384
0.0196608	0.0779355
0.0212992	0.0645806
0.0229376	0.049406
0.024576	0.0405711
0.0262144	0.0334767
0.0294912	0.0246355
0.032768	0.0177034
0.0360448	0.00911558
0.0393216	0.00464494
0.0425984	0.00277118
0.0458752	-0.00351258
0.049152	-0.00535072
0.0524288	-0.00727222
0.0589824	-0.00487828
0.065536	-0.0033715
0.0720896	-0.0114376
0.0786432	-0.00900243
0.0851968	-0.00652587
0.0917504	-0.00690833
0.098304	0.0141671
0.104858	0.0214303
0.117965	0.0250931
0.131072	0.00639103
0.144179	-0.000157143
0.157286	0.00236513
0.170394	0.0196007
0.183501	0.00430139
0.196608	-0.00191735
0.209715	-0.0112471
0.23593	0.0104725
0.262144	0.020833
0.288358	0.0169548
0.314573	0.0149122
0.340787	0.0186661
0.367002	0.0145257
0.393216	-0.00886443
0.41943	-0.0138701
0.471859	0.000440584
0.524288	0.0127849
0.576717	0.0208654
0.629146	0.024656
0.681574	0.0152361
0.734003	0.0138014
0.786432	0.015379
0.838861	0.0298141
0.943718	0.00434139
1.04858	0.0160914
1.15343	0.00271654
1.25829	0.016907
1.36315	0.0261026
1.46801	0.0144261
1.57286	0.0237677
1.67772	0.0189795
1.88744	0.0245242
2.09715	0.0319327
2.30687	0.0410736
2.51658	0.0366518
2.7263	0.036201
2.93601	0.0308791
3.14573	0.0481551
3.35544	0.0537446
3.77487	0.050903
4.1943	0.0549511
4.61373	0.0601837
5.03316	0.0718187
5.4526	0.0818084
5.87203	0.0928178
6.29146	0.0909605
6.71089	0.10091
7.54975	0.0928471
8.38861	0.130041
9.22747	0.128377
10.0663	0.12416
10.9052	0.10585
11.7441	0.12899
12.5829	-0.00365272

Count Rate History (KHz)  CR CHA / CR CHB
0.000000	188.140869	172.767639
0.052429	88.386536	82.569122
0.104858	202.827454	184.707642
0.157286	193.500519	175.113678
0.209715	141.468048	127.830505
0.262144	108.470917	101.966858
0.314573	88.424683	79.917908
0.367002	179.386139	166.397095
0.419430	131.282806	120.162964
0.471859	140.171051	128.993988
0.524288	91.381073	85.411072
0.576717	64.334869	60.958862
0.629146	59.185028	53.958893
0.681574	79.746246	74.253082
0.734003	114.421844	100.765228
0.786432	125.007629	113.048553
0.838861	229.587555	212.917328
0.891290	126.533508	112.800598
0.943718	94.814301	88.386536
0.996147	89.168549	84.209442
1.048576	145.492554	133.304596
1.101005	115.261078	106.410980
1.153434	175.590515	161.361694
1.205862	136.699677	123.023987
1.258291	125.579834	114.803314
1.310720	138.530731	125.522614
1.363149	48.885345	46.291351
1.415578	205.516815	186.710358
1.468006	190.849304	177.059174
1.520435	133.018494	119.972229
1.572864	113.162994	104.961395
1.625293	89.855194	83.961487
1.677722	125.217438	116.043091
1.730150	73.242188	64.849854
1.782579	105.247498	98.457336
1.835008	135.116577	124.740601
1.887437	123.538971	111.713409
1.939866	95.996857	87.032318
1.992294	99.353790	90.942383
2.044723	91.991425	83.618164
2.097152	173.931122	160.350800
2.149581	95.195770	87.165833
2.202010	87.661743	82.359314
2.254438	112.934113	101.432800
2.306867	75.664520	70.056915
2.359296	160.121918	143.966675
2.411725	149.173737	138.988495
2.464154	228.290558	207.004547
2.516582	94.280243	82.511902
2.569011	229.454041	212.421417
2.621440	100.631714	88.996887
2.673869	160.770416	145.530701
2.726298	144.462585	132.312775
2.778726	95.653534	88.806152
2.831155	81.901550	75.283051
2.883584	230.312347	214.290619
2.936013	135.288239	125.370026
2.988442	45.490265	40.626526
3.040870	60.462952	53.710938
3.093299	70.610046	65.002441
3.145728	78.544617	71.067810
3.198157	144.481659	137.424469
3.250586	110.492706	99.525452
3.303014	111.389160	104.408264
3.355443	123.043060	111.274719
3.407872	174.808502	161.533356
3.460301	234.279633	216.960907
3.512730	215.339661	198.345184
3.565158	172.920227	157.184601
3.617587	100.250244	91.400146
3.670016	135.250092	126.342773
3.722445	84.800720	76.904297
3.774874	64.888000	61.988831
3.827302	186.977386	168.132782
3.879731	109.138489	99.620819
3.932160	85.697174	77.724457
3.984589	100.097656	92.639923
4.037018	113.945007	100.383759
4.089446	165.538788	149.707794
4.141875	194.110870	178.489685
4.194304	183.277130	167.999268
4.246733	191.879272	173.797607
4.299162	111.160278	101.299286
4.351590	97.522736	88.043213
4.404019	102.653503	94.070435
4.456448	159.053802	145.454407
4.508877	113.391876	103.492737
4.561306	112.934113	104.503632
4.613734	118.694305	112.056732
4.666163	101.890564	94.547272
4.718592	64.620972	60.939789
4.771021	205.383301	190.238953
4.823450	171.852112	153.026581
4.875878	108.642578	100.135803
4.928307	130.901337	120.258331
4.980736	86.288452	76.923370
5.033165	194.778442	177.307129
5.085594	156.536102	141.372681
5.138022	104.026794	97.541809
5.190451	133.628845	118.331909
5.242880	107.879639	98.361969
5.295309	57.735443	51.803589
5.347738	207.271576	192.470551
5.400166	71.792603	64.830780
5.452595	63.476563	58.212280
5.505024	101.757050	94.184875
5.557453	102.558136	97.026825
5.609882	107.192993	96.855164
5.662310	198.955536	182.285309
5.714739	251.083374	228.404999
5.767168	166.988373	156.078339
5.819597	102.882385	95.806122
5.872026	107.250214	96.664429
5.924454	183.677673	166.854858
5.976883	91.209412	85.906982
6.029312	123.882294	115.356445
6.081741	66.719055	60.806274
6.134170	94.375610	86.879730
6.186598	303.516388	277.919769
6.239027	150.184631	137.176514
6.291456	68.092346	62.675476
6.343885	119.285583	108.203888
6.396314	124.855042	112.552643
6.448742	131.454468	118.770599
6.501171	153.350830	145.301819
6.553600	365.333557	327.434540
6.606029	114.192963	104.045868
6.658458	238.323212	217.208862
6.710886	187.892914	172.424316
6.763315	202.388763	184.936523
6.815744	272.541046	252.819061
6.868173	57.601929	53.882599
6.920602	310.611725	279.731750
6.973030	137.271881	124.950409
7.025459	113.964081	103.435516
7.077888	158.767700	147.132874
7.130317	102.500916	93.097687
7.182746	267.925262	243.988037
7.235174	215.015411	196.952820
7.287603	158.348083	143.547058
7.340032	163.421631	148.429871
7.392461	167.427063	155.105591
7.444890	124.073029	116.176605
7.497318	91.209412	83.770752
7.549747	125.102997	117.073059
7.602176	120.525360	108.203888
7.654605	75.740814	68.817139
7.707034	159.950256	147.418976
7.759462	114.059448	103.588104
7.811891	145.816803	131.874084
7.864320	184.307098	167.770386
7.916749	88.386536	79.135895
7.969178	150.356293	135.383606
8.021606	231.094360	214.881897
8.074035	93.364716	88.672638
8.126464	169.296265	157.299042
8.178893	156.574249	140.991211
8.231322	71.868896	67.157745
8.283750	111.751556	101.871490
8.336179	127.925873	117.664337
8.388608	100.383759	93.078613
8.441037	161.113739	147.590637
8.493466	287.361145	260.715485
8.545894	170.249939	154.972076
8.598323	238.246918	214.519501
8.650752	175.056458	162.734985
8.703181	242.862701	227.718353
8.755610	79.154968	73.928833
8.808038	90.942383	86.593628
8.860467	218.887329	201.053619
8.912896	111.942291	108.242035
8.965325	123.500824	112.209320
9.017754	96.187592	89.569092
9.070182	209.884644	192.947388
9.122611	133.228302	125.389099
9.175040	137.443542	124.092102
9.227469	145.912170	132.961273
9.279898	136.699677	128.612518
9.332326	281.333923	258.426666
9.384755	174.846649	159.492493
9.437184	131.263733	116.844177
9.489613	154.571533	136.928558
9.542042	173.473358	158.576965
9.594470	75.721741	70.152283
9.646899	133.056641	126.209259
9.699328	236.244202	215.778351
9.751757	188.865662	173.397064
9.804186	85.601807	75.187683
9.856614	208.702087	191.707611
9.909043	156.688690	142.173767
9.961472	216.293335	196.075439
10.013901	222.740173	205.345154
10.066330	246.925354	223.541260
10.118758	106.239319	98.266602
10.171187	146.789551	133.533478
10.223616	305.328369	279.865265
10.276045	167.942047	158.348083
10.328474	151.844025	134.925842
10.380902	132.522583	121.860504
10.433331	156.841278	142.822266
10.485760	111.980438	103.015900
10.538189	84.743500	75.531006
10.590618	306.529999	278.244019
10.643046	179.271698	170.097351
10.695475	196.304321	182.285309
10.747904	253.067017	228.385925
10.800333	118.331909	107.135773
10.852762	157.508850	150.051117
10.905190	102.138519	95.195770
10.957619	110.511780	99.582672
11.010048	111.007690	101.890564
11.062477	194.110870	179.748535
11.114906	150.833130	138.492584
11.167334	151.844025	139.865875
11.219763	170.764923	157.375336
11.272192	174.560547	160.427094
11.324621	59.146881	55.847168
11.377050	89.378357	80.356598
11.429478	360.641479	328.693390
11.481907	71.430206	63.304901
11.534336	170.783997	154.972076
11.586765	144.214630	132.808685
11.639194	103.492737	94.127655
11.691622	259.075165	238.971710
11.744051	293.025970	265.083313
11.796480	98.743439	91.457367
11.848909	162.353516	147.209167
11.901338	69.236755	65.288544
11.953766	179.481506	165.615082
12.006195	275.974274	254.344940
12.058624	181.674957	167.541504
12.111053	105.857849	96.778870
12.163482	84.857941	78.048706
12.215910	82.931519	78.392029
12.268339	289.649963	260.429382
12.320768	312.042236	291.519165
12.373197	194.511414	177.440643
12.425626	164.642334	155.086517
12.478054	248.546600	223.255157
12.530483	244.102478	222.434998
12.582912	281.410217	258.598328
12.635341	73.909760	68.492889
12.687770	130.405426	119.609833
12.740198	108.242035	94.375610
12.792627	154.209137	140.590668
12.845056	186.061859	172.119141
12.897485	125.064850	117.664337
12.949914	162.162781	150.928497
13.002342	120.258331	113.258362
13.054771	161.190033	146.179199
13.107200	105.266571	97.332001
13.159629	115.051270	104.637146
13.212058	133.724213	122.661591
13.264486	130.996704	119.361877
13.316915	219.402313	200.347900
13.369344	129.585266	119.285583
13.421773	99.258423	88.710785
13.474202	120.735168	109.844208
13.526630	124.034882	115.032196
13.579059	109.157562	96.530914
13.631488	185.298920	170.269012
13.683917	94.623566	87.738037
13.736346	177.421570	162.296295
13.788774	90.656281	84.533691
13.841203	91.953278	84.495544
13.893632	88.386536	81.005096
13.946061	140.571594	129.661560
13.998490	105.876923	98.953247
14.050918	104.713440	95.787048
14.103347	252.876282	232.658386
