3/3/2026	11:24 AM
Pseudo Cross Correlation
Scattering angle:	59.99
Duration (s):	15
Wavelength (nm):	660.0
Refractive index:	1.330
Viscosity (mPas):	0.999
Temperature (K):	293.2
Laser intensity (mW):	84.000000
Average Count rate  A (kHz):	38.3
Average Count rate  B (kHz):	35.4
Intercept:	0.8132
Cumulant 1st	21.4234
Cumulant 2nd	14.7147	14.5495
Cumulant 3rd	13.0117	16.0830

Lag time (s)         g2-1
1.25E-08	0.885399
2.5E-08	0.611382
3.75E-08	0.664549
5E-08	0.807692
6.25E-08	0.999913
7.5E-08	0.758615
8.75E-08	0.926297
1E-07	0.799513
1.125E-07	0.873129
1.25E-07	0.791333
1.375E-07	0.909937
1.5E-07	0.742256
1.625E-07	0.787243
1.75E-07	0.909937
1.875E-07	0.889488
2E-07	0.627741
2.125E-07	0.824052
2.375E-07	0.946746
2.625E-07	0.725896
2.875E-07	0.617517
3.125E-07	0.815872
3.375E-07	0.783154
3.625E-07	0.807692
3.875E-07	0.815872
4.125E-07	0.811782
4.625E-07	0.81485
5.125E-07	0.816894
5.625E-07	0.79849
6.125E-07	0.833254
6.625E-07	0.920162
7.125E-07	0.827119
7.625E-07	0.817917
8.125E-07	0.852169
9.125E-07	0.789288
1.0125E-06	0.852169
1.1125E-06	0.795934
1.2125E-06	0.80667
1.3125E-06	0.857281
1.4125E-06	0.822007
1.5125E-06	0.862394
1.6125E-06	0.778041
1.8125E-06	0.783409
2.0125E-06	0.811271
2.2125E-06	0.808459
2.4125E-06	0.801046
2.6125E-06	0.82763
2.8125E-06	0.805136
3.0125E-06	0.77344
3.2125E-06	0.802069
3.6125E-06	0.794912
4.0125E-06	0.819067
4.4125E-06	0.803091
4.8125E-06	0.793506
5.2125E-06	0.794784
5.6125E-06	0.812677
6.0125E-06	0.772673
6.4125E-06	0.780086
7.2125E-06	0.782067
8.0125E-06	0.787691
8.8125E-06	0.76852
9.6125E-06	0.786604
1.04125E-05	0.794273
1.12125E-05	0.77344
1.20125E-05	0.764174
1.28125E-05	0.765388
1.44125E-05	0.755004
1.60125E-05	0.740754
1.76125E-05	0.754876
1.92125E-05	0.726887
2.08125E-05	0.723148
2.24125E-05	0.739859
2.40125E-05	0.733565
2.56125E-05	0.710943
2.88125E-05	0.717045
3.20125E-05	0.703019
3.52125E-05	0.684135
3.84125E-05	0.679311
4.16125E-05	0.658127
4.48125E-05	0.660606
4.80125E-05	0.649279
5.12125E-05	0.639965
5.76125E-05	0.613996
6.40125E-05	0.60354
7.04125E-05	0.592029
7.68125E-05	0.570334
8.32125E-05	0.565629
8.96125E-05	0.543096
9.60125E-05	0.534085
0.000102413	0.519878
0.000115213	0.5054
0.000128013	0.484987
0.000140813	0.468728
0.000153613	0.450705
0.000166413	0.43703
0.000179213	0.420865
0.000192013	0.413386
0.000204813	0.402573
0.000230413	0.384154
0.000256013	0.36612
0.000281613	0.351741
0.000307213	0.338983
0.000332813	0.328269
0.000358413	0.316564
0.000384013	0.30479
0.000409613	0.297524
0.000460813	0.279858
0.000512013	0.267417
0.000563213	0.253999
0.000614413	0.241668
0.000665613	0.234445
0.000716813	0.22403
0.000768013	0.21584
0.000819213	0.207489
0.000921613	0.191346
0.00102401	0.178308
0.00112641	0.166244
0.00122881	0.156851
0.00133121	0.145856
0.00143361	0.135001
0.00153601	0.122382
0.00163841	0.113616
0.00184321	0.101308
0.00204801	0.0904494
0.00225281	0.0759047
0.00245761	0.0639687
0.00266241	0.0567624
0.00286721	0.0491838
0.00307201	0.0449545
0.00327681	0.0392276
0.00368641	0.0286804
0.00409601	0.025398
0.00450561	0.0198496
0.00491521	0.0119315
0.00532481	0.0121187
0.00573441	0.0123096
0.00614401	0.00948453
0.00655361	0.0101676
0.00737281	0.0131808
0.00819201	0.0117525
0.00901121	0.00812927
0.00983041	0.00238246
0.0106496	-0.00242467
0.0114688	-0.00142804
0.012288	0.000982209
0.0131072	0.00304501
0.0147456	0.00208407
0.016384	0.00345639
0.0180224	0.00690459
0.0196608	0.00913192
0.0212992	0.0102434
0.0229376	0.00885628
0.024576	0.00953546
0.0262144	0.00289342
0.0294912	-0.00345446
0.032768	-0.00488584
0.0360448	-0.000295782
0.0393216	0.00158481
0.0425984	-0.000657998
0.0458752	-0.00294753
0.049152	-0.00559623
0.0524288	-0.00389741
0.0589824	-0.000765912
0.065536	3.91038E-05
0.0720896	0.00269171
0.0786432	0.00260834
0.0851968	0.0021329
0.0917504	-0.00359146
0.098304	-0.00164036
0.104858	-0.00634351
0.117965	0.000620323
0.131072	-0.00226209
0.144179	-0.00225241
0.157286	0.000584278
0.170394	-3.32279E-05
0.183501	0.005285
0.196608	0.00248407
0.209715	0.00116007
0.23593	0.00100769
0.262144	-0.000365259
0.288358	0.00143408
0.314573	0.00369719
0.340787	0.00591254
0.367002	0.00466516
0.393216	0.00393512
0.41943	0.00185337
0.471859	0.00384951
0.524288	0.00620058
0.576717	0.00317097
0.629146	0.00154476
0.681574	0.00234098
0.734003	0.00186136
0.786432	0.00313134
0.838861	0.00360993
0.943718	0.00337659
1.04858	0.00559195
1.15343	0.00389284
1.25829	0.00251924
1.36315	0.00536717
1.46801	0.00378447
1.57286	0.00432012
1.67772	0.00404724
1.88744	0.00483194
2.09715	0.00514557
2.30687	0.00737953
2.51658	0.00762475
2.7263	0.00774432
2.93601	0.00969308
3.14573	0.00997613
3.35544	0.0110165
3.77487	0.0119978
4.1943	0.0118862
4.61373	0.00980476
5.03316	0.00616735
5.4526	0.00847794
5.87203	0.010531
6.29146	0.0106242
6.71089	0.0133537
7.54975	0.0205176
8.38861	0.0236451
9.22747	0.0349428
10.0663	0.0421452
10.9052	0.043078
11.7441	0.0539919
12.5829	0.0657846

Count Rate History (KHz)  CR CHA / CR CHB
0.000000	39.062500	37.651062
0.052429	43.106079	39.138794
0.104858	28.858185	26.130676
0.157286	34.179688	31.909943
0.209715	31.433105	27.942657
0.262144	30.822754	29.907227
0.314573	32.234192	29.697418
0.367002	46.501160	41.580200
0.419430	34.523010	30.460358
0.471859	38.471222	34.389496
0.524288	43.945313	40.359497
0.576717	41.656494	39.615631
0.629146	37.193298	32.749176
0.681574	32.596588	30.555725
0.734003	29.335022	26.798248
0.786432	40.454865	38.070679
0.838861	34.523010	33.740997
0.891290	35.037994	33.607483
0.943718	33.359528	30.937195
0.996147	31.356812	28.667450
1.048576	42.400360	40.073395
1.101005	45.070648	43.220520
1.153434	35.896301	33.588409
1.205862	50.640106	47.206879
1.258291	36.334991	31.929016
1.310720	29.869080	28.533936
1.363149	37.441254	34.637451
1.415578	43.792725	39.463043
1.468006	38.909912	36.792755
1.520435	29.544830	28.743744
1.572864	37.136078	33.168793
1.625293	40.607452	37.879944
1.677722	36.964417	34.694672
1.730150	39.463043	35.285950
1.782579	42.057037	36.811829
1.835008	28.553009	29.468536
1.887437	32.291412	29.850006
1.939866	35.457611	32.691956
1.992294	32.958984	30.422211
2.044723	44.078827	39.119720
2.097152	28.343201	27.523041
2.149581	40.416718	38.146973
2.202010	33.817291	31.929016
2.254438	39.882660	35.781860
2.306867	38.204193	33.760071
2.359296	33.092499	30.212402
2.411725	35.705566	34.084320
2.464154	43.506622	39.825439
2.516582	31.642914	30.612946
2.569011	26.683807	25.100708
2.621440	40.588379	36.239624
2.673869	42.686462	40.569305
2.726298	39.157867	37.059784
2.778726	32.081604	30.136108
2.831155	35.934448	33.588409
2.883584	40.855408	39.901733
2.936013	38.242340	34.732819
2.988442	42.152405	37.746429
3.040870	31.089783	27.885437
3.093299	31.528473	29.315948
3.145728	34.656525	32.978058
3.198157	32.939911	31.051636
3.250586	49.304962	44.345856
3.303014	36.010742	33.340454
3.355443	38.852692	35.820007
3.407872	40.664673	35.953522
3.460301	41.179657	39.329529
3.512730	36.315918	31.261444
3.565158	30.689240	29.087067
3.617587	38.909912	35.896301
3.670016	39.234161	36.659241
3.722445	35.858154	32.463074
3.774874	37.364960	34.999847
3.827302	40.664673	37.574768
3.879731	41.427612	37.994385
3.932160	27.217865	24.394989
3.984589	33.264160	31.147003
4.037018	39.119720	34.790039
4.089446	37.345886	35.476685
4.141875	48.141479	47.492981
4.194304	39.405823	38.547516
4.246733	48.160553	43.277740
4.299162	34.179688	31.261444
4.351590	38.700104	34.046173
4.404019	33.130646	31.795502
4.456448	38.051605	33.416748
4.508877	56.190491	51.651001
4.561306	44.174194	37.441254
4.613734	43.315887	38.967133
4.666163	43.792725	41.866302
4.718592	48.980713	44.422150
4.771021	40.225983	36.621094
4.823450	52.814484	47.168732
4.875878	34.599304	32.768250
4.928307	43.601990	40.664673
4.980736	31.890869	28.953552
5.033165	41.580200	38.967133
5.085594	39.005280	34.751892
5.138022	38.795471	35.781860
5.190451	32.939911	31.013489
5.242880	38.471222	36.373138
5.295309	38.776398	33.359528
5.347738	42.572021	38.146973
5.400166	26.912689	23.250580
5.452595	33.435822	31.070709
5.505024	37.364960	32.711029
5.557453	37.975311	31.948090
5.609882	38.528442	35.610199
5.662310	35.781860	35.076141
5.714739	38.719177	37.231445
5.767168	37.784576	34.027100
5.819597	37.841797	36.048889
5.872026	35.037994	31.661987
5.924454	45.223236	41.122437
5.976883	43.087006	38.928986
6.029312	38.223267	34.694672
6.081741	42.133331	39.844513
6.134170	37.841797	36.830902
6.186598	36.430359	35.514832
6.239027	30.822754	28.266907
6.291456	45.471191	41.027069
6.343885	38.261414	34.866333
6.396314	33.893585	30.632019
6.448742	36.354065	33.016205
6.501171	36.506653	33.073425
6.553600	37.498474	36.239624
6.606029	32.596588	28.724670
6.658458	32.844543	32.939911
6.710886	38.433075	34.999847
6.763315	42.724609	41.007996
6.815744	37.117004	33.264160
6.868173	33.664703	31.299591
6.920602	30.746460	29.411316
6.973030	42.839050	41.465759
7.025459	36.258698	32.672882
7.077888	32.711029	30.174255
7.130317	37.994385	35.076141
7.182746	44.727325	41.694641
7.235174	38.795471	33.893585
7.287603	33.416748	32.062531
7.340032	32.920837	30.879974
7.392461	35.037994	33.149719
7.444890	33.531189	32.215118
7.497318	29.735565	26.817322
7.549747	36.277771	34.885406
7.602176	32.482147	31.795502
7.654605	43.735504	37.727356
7.707034	36.888123	36.659241
7.759462	40.531158	37.727356
7.811891	39.615631	35.343170
7.864320	42.610168	37.231445
7.916749	36.773682	32.978058
7.969178	29.754639	26.226044
8.021606	31.948090	29.220581
8.074035	36.239624	34.980774
8.126464	42.762756	40.206909
8.178893	43.792725	38.890839
8.231322	42.533875	39.978027
8.283750	48.542023	47.664642
8.336179	30.918121	27.523041
8.388608	32.119751	31.337738
8.441037	42.152405	39.081573
8.493466	36.354065	34.122467
8.545894	32.501221	30.994415
8.598323	39.272308	35.400391
8.650752	32.978058	30.345917
8.703181	29.659271	27.236938
8.755610	43.659210	41.885376
8.808038	38.223267	34.637451
8.860467	30.765533	26.626587
8.912896	53.024292	47.779083
8.965325	34.542084	32.558441
9.017754	36.640167	34.942627
9.070182	31.681061	28.800964
9.122611	37.002563	34.942627
9.175040	31.242371	27.790070
9.227469	38.452148	35.076141
9.279898	43.659210	40.569305
9.332326	37.517548	34.446716
9.384755	38.127899	35.572052
9.437184	34.599304	30.288696
9.489613	33.721924	30.441284
9.542042	34.847260	32.768250
9.594470	39.253235	35.839081
9.646899	37.479401	37.193298
9.699328	39.520264	36.640167
9.751757	38.700104	35.190582
9.804186	42.839050	38.986206
9.856614	44.841766	43.411255
9.909043	34.332275	31.833649
9.961472	34.580231	32.100677
10.013901	34.465790	32.081604
10.066330	39.176941	36.602020
10.118758	39.749146	35.591125
10.171187	54.836273	47.626495
10.223616	41.961670	38.776398
10.276045	34.008026	30.250549
10.328474	40.931702	39.520264
10.380902	38.013458	37.040710
10.433331	34.198761	33.340454
10.485760	33.798218	29.087067
10.538189	32.081604	30.326843
10.590618	45.948029	42.285919
10.643046	35.133362	34.046173
10.695475	47.702789	45.223236
10.747904	34.427643	32.958984
10.800333	36.659241	33.206940
10.852762	45.700073	41.656494
10.905190	54.225922	50.258636
10.957619	35.171509	33.245087
11.010048	35.915375	32.501221
11.062477	33.130646	28.667450
11.114906	40.264130	35.457611
11.167334	34.885406	33.588409
11.219763	43.735504	38.414001
11.272192	44.898987	39.844513
11.324621	27.942657	24.471283
11.377050	40.416718	38.547516
11.429478	33.035278	31.871796
11.481907	35.552979	31.967163
11.534336	34.618378	32.272339
11.586765	55.313110	52.108765
11.639194	33.931732	32.730103
11.691622	40.779114	36.296844
11.744051	29.182434	27.027130
11.796480	36.544800	33.740997
11.848909	49.152374	45.261383
11.901338	34.961700	31.757355
11.953766	26.531219	24.013519
12.006195	43.029785	39.424896
12.058624	36.449432	33.092499
12.111053	40.645599	39.997101
12.163482	53.253174	47.264099
12.215910	39.272308	36.334991
12.268339	30.612946	26.779175
12.320768	38.070679	34.446716
12.373197	53.215027	51.269531
12.425626	39.520264	34.790039
12.478054	31.757355	29.411316
12.530483	49.362183	47.645569
12.582912	48.255920	43.773651
12.635341	55.046082	51.422119
12.687770	43.601990	42.095184
12.740198	32.825470	31.585693
12.792627	33.931732	31.318665
12.845056	42.934418	38.185120
12.897485	41.103363	37.937164
12.949914	39.710999	34.141541
13.002342	38.814545	36.258698
13.054771	44.364929	41.294098
13.107200	35.324097	33.588409
13.159629	43.773651	38.719177
13.212058	53.291321	48.141479
13.264486	37.345886	34.809113
13.316915	39.196014	37.174225
13.369344	31.223297	30.708313
13.421773	32.157898	28.514862
13.474202	43.430328	39.253235
13.526630	34.751892	32.196045
13.579059	52.280426	48.198700
13.631488	40.493011	36.487579
13.683917	29.697418	28.591156
13.736346	37.212372	32.730103
13.788774	52.890778	46.558380
13.841203	38.566589	35.705566
13.893632	31.566620	30.860901
13.946061	49.915314	43.945313
13.998490	42.190552	39.367676
14.050918	39.463043	34.618378
14.103347	44.803619	41.561127
14.155776	43.354034	38.948059
14.208205	42.209625	37.460327
14.260634	36.697388	32.672882
14.313062	48.103333	42.304993
14.365491	37.765503	36.678314
