3/3/2026	11:19 AM
Pseudo Cross Correlation
Scattering angle:	51.99
Duration (s):	15
Wavelength (nm):	660.0
Refractive index:	1.330
Viscosity (mPas):	0.999
Temperature (K):	293.2
Laser intensity (mW):	84.000000
Average Count rate  A (kHz):	44.9
Average Count rate  B (kHz):	41.4
Intercept:	0.8390
Cumulant 1st	25.9624
Cumulant 2nd	17.1205	16.4390
Cumulant 3rd	14.2554	17.6567

Lag time (s)         g2-1
1.25E-08	0.864107
2.5E-08	0.876038
3.75E-08	0.843229
5E-08	0.899898
6.25E-08	0.726909
7.5E-08	0.849194
8.75E-08	0.843229
1E-07	0.858142
1.125E-07	0.747787
1.25E-07	0.723926
1.375E-07	0.992358
1.5E-07	0.78656
1.625E-07	0.849194
1.75E-07	0.777613
1.875E-07	0.703048
2E-07	0.87902
2.125E-07	0.935689
2.375E-07	0.917794
2.625E-07	0.792526
2.875E-07	0.853668
3.125E-07	0.828316
3.375E-07	0.86709
3.625E-07	0.886477
3.875E-07	0.929724
4.125E-07	0.877529
4.625E-07	0.734365
5.125E-07	0.876038
5.625E-07	0.788797
6.125E-07	0.842484
6.625E-07	0.761954
7.125E-07	0.843229
7.625E-07	0.824588
8.125E-07	0.836518
9.125E-07	0.87902
1.0125E-06	0.859633
1.1125E-06	0.84994
1.2125E-06	0.811167
1.3125E-06	0.809675
1.4125E-06	0.798491
1.5125E-06	0.864107
1.6125E-06	0.839128
1.8125E-06	0.862989
2.0125E-06	0.832417
2.2125E-06	0.849381
2.4125E-06	0.842856
2.6125E-06	0.819555
2.8125E-06	0.839687
3.0125E-06	0.86914
3.2125E-06	0.843043
3.6125E-06	0.824591
4.0125E-06	0.826269
4.4125E-06	0.828972
4.8125E-06	0.817973
5.2125E-06	0.837174
5.6125E-06	0.795138
6.0125E-06	0.829344
6.4125E-06	0.82282
7.2125E-06	0.809212
8.0125E-06	0.800684
8.8125E-06	0.816901
9.6125E-06	0.81322
1.04125E-05	0.806136
1.12125E-05	0.803759
1.20125E-05	0.789266
1.28125E-05	0.802944
1.44125E-05	0.781905
1.60125E-05	0.787358
1.76125E-05	0.787405
1.92125E-05	0.78088
2.08125E-05	0.777967
2.24125E-05	0.765268
2.40125E-05	0.766037
2.56125E-05	0.760925
2.88125E-05	0.754669
3.20125E-05	0.752481
3.52125E-05	0.731268
3.84125E-05	0.738025
4.16125E-05	0.734577
4.48125E-05	0.701989
4.80125E-05	0.70185
5.12125E-05	0.695922
5.76125E-05	0.686817
6.40125E-05	0.6663
7.04125E-05	0.657777
7.68125E-05	0.649458
8.32125E-05	0.630677
8.96125E-05	0.615881
9.60125E-05	0.615893
0.000102413	0.601404
0.000115213	0.579355
0.000128013	0.565012
0.000140813	0.54661
0.000153613	0.533295
0.000166413	0.517878
0.000179213	0.504008
0.000192013	0.493076
0.000204813	0.483117
0.000230413	0.46408
0.000256013	0.4437
0.000281613	0.429618
0.000307213	0.412413
0.000332813	0.399354
0.000358413	0.389087
0.000384013	0.374112
0.000409613	0.368555
0.000460813	0.351277
0.000512013	0.337345
0.000563213	0.323049
0.000614413	0.313408
0.000665613	0.298918
0.000716813	0.292699
0.000768013	0.283768
0.000819213	0.274843
0.000921613	0.260192
0.00102401	0.247046
0.00112641	0.236216
0.00122881	0.227315
0.00133121	0.216076
0.00143361	0.205648
0.00153601	0.197396
0.00163841	0.187108
0.00184321	0.170027
0.00204801	0.15447
0.00225281	0.138297
0.00245761	0.123252
0.00266241	0.114624
0.00286721	0.104154
0.00307201	0.0902104
0.00327681	0.0817067
0.00368641	0.0697145
0.00409601	0.0595377
0.00450561	0.0468197
0.00491521	0.0431214
0.00532481	0.0405767
0.00573441	0.0347801
0.00614401	0.0289973
0.00655361	0.0265752
0.00737281	0.0210563
0.00819201	0.0220101
0.00901121	0.0199294
0.00983041	0.015809
0.0106496	0.017362
0.0114688	0.0170462
0.012288	0.0137832
0.0131072	0.00541605
0.0147456	-0.000547857
0.016384	0.00528824
0.0180224	0.00769469
0.0196608	0.00646246
0.0212992	0.00605774
0.0229376	0.00792315
0.024576	0.00325715
0.0262144	-0.000630689
0.0294912	0.00182794
0.032768	0.00236998
0.0360448	0.00438376
0.0393216	0.0053999
0.0425984	0.00123984
0.0458752	0.0020566
0.049152	-0.00515685
0.0524288	-0.00102425
0.0589824	0.00511905
0.065536	0.000714504
0.0720896	0.0071488
0.0786432	0.00652093
0.0851968	0.00499251
0.0917504	0.00355481
0.098304	-0.00992199
0.104858	-0.0077859
0.117965	-0.00599102
0.131072	-0.00266795
0.144179	-0.00583293
0.157286	-0.00405136
0.170394	-0.000878276
0.183501	0.00367279
0.196608	0.00437814
0.209715	-0.00148508
0.23593	0.00359623
0.262144	0.00499654
0.288358	0.00213936
0.314573	3.71914E-05
0.340787	-0.00275799
0.367002	-0.00218506
0.393216	-0.00238474
0.41943	0.00127998
0.471859	0.00197434
0.524288	0.0014444
0.576717	-0.000905712
0.629146	0.00127573
0.681574	0.00251587
0.734003	0.00162186
0.786432	-0.0011106
0.838861	-0.00415935
0.943718	0.00053162
1.04858	0.000761449
1.15343	-0.00323603
1.25829	-0.00135086
1.36315	-0.00409048
1.46801	-0.0041483
1.57286	-0.00730144
1.67772	-0.0029409
1.88744	-0.0047554
2.09715	-0.00529492
2.30687	-0.00398269
2.51658	-0.000627867
2.7263	-0.00175142
2.93601	0.000580478
3.14573	0.00396078
3.35544	0.00245818
3.77487	0.00609688
4.1943	0.00508658
4.61373	0.00494558
5.03316	0.00434832
5.4526	0.00623508
5.87203	0.00647107
6.29146	0.00821827
6.71089	0.00824647
7.54975	0.0150467
8.38861	0.0195108
9.22747	0.0313233
10.0663	0.0389131
10.9052	0.0245141
11.7441	0.057124
12.5829	0.00949065

Count Rate History (KHz)  CR CHA / CR CHB
0.000000	42.076111	37.918091
0.052429	40.264130	39.196014
0.104858	37.460327	35.076141
0.157286	83.808899	79.402924
0.209715	33.740997	31.318665
0.262144	36.106110	34.580231
0.314573	46.043396	42.190552
0.367002	32.005310	28.553009
0.419430	34.370422	31.967163
0.471859	50.334930	44.765472
0.524288	48.236847	43.811798
0.576717	40.473938	38.890839
0.629146	38.356781	35.648346
0.681574	48.522949	42.095184
0.734003	44.269562	38.280487
0.786432	63.419342	58.593750
0.838861	41.904449	38.986206
0.891290	43.754578	38.776398
0.943718	43.983459	40.359497
0.996147	53.539276	48.446655
1.048576	56.419373	52.986145
1.101005	68.302155	61.683655
1.153434	42.572021	40.798187
1.205862	44.689178	41.141510
1.258291	61.302185	56.324005
1.310720	45.719147	43.163300
1.363149	50.773621	47.264099
1.415578	55.370331	49.095154
1.468006	41.332245	37.918091
1.520435	41.275024	37.498474
1.572864	37.307739	33.531189
1.625293	30.422211	28.629303
1.677722	37.136078	34.713745
1.730150	57.296753	49.419403
1.782579	67.214966	61.817169
1.835008	40.569305	37.727356
1.887437	35.552979	33.626556
1.939866	32.005310	28.800964
1.992294	45.146942	43.144226
2.044723	44.994354	42.247772
2.097152	42.877197	40.130615
2.149581	44.040680	40.645599
2.202010	47.626495	44.651031
2.254438	34.790039	33.683777
2.306867	30.097961	28.877258
2.359296	52.165985	48.580170
2.411725	38.509369	37.612915
2.464154	42.819977	38.318634
2.516582	43.945313	40.874481
2.569011	46.424866	42.552948
2.621440	43.411255	38.299561
2.673869	40.988922	38.337708
2.726298	38.528442	36.392212
2.778726	60.005188	55.522919
2.831155	40.988922	36.640167
2.883584	36.106110	33.359528
2.936013	39.520264	35.877228
2.988442	53.806305	46.901703
3.040870	40.206909	37.994385
3.093299	34.446716	31.013489
3.145728	37.345886	35.476685
3.198157	43.106079	41.198730
3.250586	39.920807	35.686493
3.303014	42.285919	39.749146
3.355443	36.678314	34.866333
3.407872	32.157898	28.800964
3.460301	34.370422	33.397675
3.512730	50.258636	45.623779
3.565158	30.040741	27.675629
3.617587	41.522980	39.768219
3.670016	55.885315	50.659180
3.722445	38.814545	36.506653
3.774874	43.392181	39.138794
3.827302	57.544708	51.097870
3.879731	43.506622	40.454865
3.932160	45.642853	41.866302
3.984589	52.242279	48.294067
4.037018	49.343109	46.634674
4.089446	41.999817	39.062500
4.141875	43.334961	40.397644
4.194304	48.446655	45.681000
4.246733	39.081573	35.591125
4.299162	40.969849	36.334991
4.351590	54.359436	51.097870
4.404019	60.539246	55.580139
4.456448	45.681000	43.048859
4.508877	39.958954	35.743713
4.561306	41.351318	36.849976
4.613734	44.345856	40.588379
4.666163	48.007965	42.419434
4.718592	34.561157	34.790039
4.771021	40.874481	37.651062
4.823450	45.986176	41.141510
4.875878	59.051514	57.106018
4.928307	51.422119	47.473907
4.980736	36.907196	34.160614
5.033165	35.896301	33.664703
5.085594	34.599304	31.051636
5.138022	43.792725	39.539337
5.190451	72.460175	66.471100
5.242880	40.035248	37.555695
5.295309	51.612854	45.471191
5.347738	32.043457	28.934479
5.400166	40.912628	38.242340
5.452595	58.116913	55.370331
5.505024	45.604706	42.095184
5.557453	38.070679	35.190582
5.609882	34.351349	32.730103
5.662310	57.868958	49.705505
5.714739	47.721863	44.689178
5.767168	40.245056	36.182404
5.819597	40.206909	37.136078
5.872026	46.691895	40.225983
5.924454	47.912598	43.487549
5.976883	47.416687	44.536591
6.029312	43.125153	41.007996
6.081741	40.092468	36.735535
6.134170	42.362213	39.958954
6.186598	43.220520	40.969849
6.239027	40.149689	38.852692
6.291456	40.931702	36.029816
6.343885	55.217743	50.716400
6.396314	43.201447	39.596558
6.448742	42.781830	38.299561
6.501171	45.166016	41.999817
6.553600	53.615570	50.849915
6.606029	38.013458	34.103394
6.658458	39.501190	35.629272
6.710886	32.138824	31.032562
6.763315	38.681030	34.809113
6.815744	41.141510	37.994385
6.868173	39.672852	37.002563
6.920602	60.043335	54.855347
6.973030	43.334961	38.738251
7.025459	40.912628	37.193298
7.077888	42.686462	38.433075
7.130317	50.907135	44.975281
7.182746	46.062469	40.683746
7.235174	38.814545	36.048889
7.287603	37.975311	33.950806
7.340032	41.809082	37.879944
7.392461	54.817200	48.522949
7.444890	34.503937	31.490326
7.497318	56.495667	50.621033
7.549747	52.776337	47.855377
7.602176	43.964386	38.509369
7.654605	57.773590	51.879883
7.707034	38.738251	37.078857
7.759462	42.915344	40.512085
7.811891	34.561157	33.226013
7.864320	44.536591	42.419434
7.916749	42.400360	38.261414
7.969178	44.345856	42.095184
8.021606	38.146973	35.877228
8.074035	37.746429	35.877228
8.126464	52.509308	47.836304
8.178893	54.512024	51.002502
8.231322	45.242310	38.604736
8.283750	35.285950	33.283234
8.336179	39.062500	36.888123
8.388608	33.359528	31.642914
8.441037	32.920837	31.738281
8.493466	28.400421	25.424957
8.545894	49.381256	44.441223
8.598323	54.969788	51.040649
8.650752	46.768188	43.869019
8.703181	40.893555	39.958954
8.755610	39.024353	36.602020
8.808038	48.751831	44.822693
8.860467	63.629150	59.089661
8.912896	39.920807	37.364960
8.965325	46.920776	43.582916
9.017754	28.629303	25.310516
9.070182	53.615570	52.490234
9.122611	38.547516	38.986206
9.175040	29.373169	26.912689
9.227469	47.187805	43.621063
9.279898	48.427582	44.384003
9.332326	41.522980	39.119720
9.384755	44.269562	40.493011
9.437184	46.825409	43.048859
9.489613	32.939911	30.422211
9.542042	44.307709	42.209625
9.594470	44.288635	40.760040
9.646899	35.953522	33.588409
9.699328	33.569336	31.166077
9.751757	49.648285	45.318604
9.804186	56.953430	51.536560
9.856614	64.926147	58.631897
9.909043	34.713745	31.490326
9.961472	26.855469	24.642944
10.013901	55.904388	51.631927
10.066330	65.422058	62.236786
10.118758	38.738251	35.438538
10.171187	57.392120	52.776337
10.223616	30.307770	27.885437
10.276045	60.348511	52.852631
10.328474	42.686462	39.310455
10.380902	37.784576	35.495758
10.433331	47.206879	47.054291
10.485760	52.299500	45.738220
10.538189	60.596466	52.700043
10.590618	49.915314	46.672821
10.643046	40.683746	37.727356
10.695475	52.566528	48.866272
10.747904	71.926117	65.994263
10.800333	55.828094	52.471161
10.852762	37.860870	35.457611
10.905190	32.825470	29.506683
10.957619	42.018890	38.871765
11.010048	39.939880	35.400391
11.062477	45.604706	41.389465
11.114906	28.591156	28.133392
11.167334	61.321259	59.986115
11.219763	41.847229	39.787292
11.272192	54.550171	49.209595
11.324621	45.070648	40.569305
11.377050	47.187805	44.155121
11.429478	35.800934	32.653809
11.481907	40.798187	35.152435
11.534336	35.934448	31.700134
11.586765	34.370422	31.318665
11.639194	40.473938	36.659241
11.691622	39.443970	34.885406
11.744051	49.705505	46.234131
11.796480	48.294067	45.833588
11.848909	38.795471	36.849976
11.901338	54.817200	52.680969
11.953766	47.988892	44.193268
12.006195	43.945313	41.923523
12.058624	63.114166	59.471130
12.111053	53.882599	48.847198
12.163482	65.975189	61.683655
12.215910	49.533844	45.795441
12.268339	45.013428	40.397644
12.320768	68.473816	61.607361
12.373197	57.353973	55.141449
12.425626	54.874420	51.612854
12.478054	40.378571	37.269592
12.530483	35.934448	34.294128
12.582912	37.117004	35.953522
12.635341	40.283203	38.318634
12.687770	52.146912	44.231415
12.740198	52.242279	51.651001
12.792627	43.296814	39.081573
12.845056	54.702759	49.133301
12.897485	39.939880	38.375854
12.949914	36.964417	32.005310
13.002342	50.868988	46.501160
13.054771	42.819977	38.795471
13.107200	44.040680	39.653778
13.159629	48.141479	43.754578
13.212058	42.152405	40.702820
13.264486	49.934387	46.806335
13.316915	44.136047	39.768219
13.369344	56.934357	53.539276
13.421773	53.520203	49.037933
13.474202	57.125092	50.163269
13.526630	45.204163	41.351318
13.579059	35.247803	32.939911
13.631488	46.367645	42.324066
13.683917	51.898956	50.773621
13.736346	42.247772	40.912628
13.788774	58.937073	54.016113
13.841203	47.798157	43.258667
13.893632	39.005280	36.334991
13.946061	34.809113	31.757355
13.998490	36.525726	34.198761
14.050918	38.528442	35.648346
14.103347	42.724609	38.642883
14.155776	35.438538	33.302307
14.208205	52.337646	46.901703
14.260634	46.138763	41.446686
14.313062	36.048889	33.531189
14.365491	40.321350	36.735535
