3/3/2026	11:24 AM
Pseudo Cross Correlation
Scattering angle:	59.99
Duration (s):	15
Wavelength (nm):	660.0
Refractive index:	1.330
Viscosity (mPas):	1.002
Temperature (K):	293.2
Laser intensity (mW):	84.000000
Average Count rate  A (kHz):	38.9
Average Count rate  B (kHz):	36.0
Intercept:	0.8426
Cumulant 1st	23.1158
Cumulant 2nd	15.5530	14.9990
Cumulant 3rd	12.8851	16.1920

Lag time (s)         g2-1
1.25E-08	0.870216
2.5E-08	0.846442
3.75E-08	0.818706
5E-08	0.798894
6.25E-08	0.818706
7.5E-08	0.6721
8.75E-08	0.854367
1E-07	0.858329
1.125E-07	1.03267
1.25E-07	0.72361
1.375E-07	0.858329
1.5E-07	0.846442
1.625E-07	0.862292
1.75E-07	0.886066
1.875E-07	0.818706
2E-07	0.993048
2.125E-07	0.844461
2.375E-07	0.951444
2.625E-07	0.941538
2.875E-07	0.836537
3.125E-07	0.810781
3.375E-07	0.828612
3.625E-07	0.832574
3.875E-07	0.822668
4.125E-07	0.904887
4.625E-07	0.79097
5.125E-07	0.798894
5.625E-07	0.787998
6.125E-07	0.852386
6.625E-07	0.826631
7.125E-07	0.916774
7.625E-07	0.890028
8.125E-07	0.899438
9.125E-07	0.805333
1.0125E-06	0.872693
1.1125E-06	0.775121
1.2125E-06	0.788989
1.3125E-06	0.830098
1.4125E-06	0.799885
1.5125E-06	0.838022
1.6125E-06	0.802361
1.8125E-06	0.823411
2.0125E-06	0.81623
2.2125E-06	0.877893
2.4125E-06	0.826135
2.6125E-06	0.839013
2.8125E-06	0.819697
3.0125E-06	0.856596
3.2125E-06	0.83146
3.6125E-06	0.809667
4.0125E-06	0.807686
4.4125E-06	0.812267
4.8125E-06	0.806076
5.2125E-06	0.815239
5.6125E-06	0.818335
6.0125E-06	0.827126
6.4125E-06	0.803414
7.2125E-06	0.794684
8.0125E-06	0.78354
8.8125E-06	0.8075
9.6125E-06	0.806881
1.04125E-05	0.787688
1.12125E-05	0.799204
1.20125E-05	0.781002
1.28125E-05	0.773913
1.44125E-05	0.768651
1.60125E-05	0.774346
1.76125E-05	0.75469
1.92125E-05	0.768898
2.08125E-05	0.748468
2.24125E-05	0.734878
2.40125E-05	0.732587
2.56125E-05	0.72279
2.88125E-05	0.71892
3.20125E-05	0.723564
3.52125E-05	0.711955
3.84125E-05	0.69072
4.16125E-05	0.678152
4.48125E-05	0.667874
4.80125E-05	0.668958
5.12125E-05	0.65909
5.76125E-05	0.636268
6.40125E-05	0.62134
7.04125E-05	0.613191
7.68125E-05	0.600584
8.32125E-05	0.583234
8.96125E-05	0.572298
9.60125E-05	0.559367
0.000102413	0.547715
0.000115213	0.528418
0.000128013	0.506827
0.000140813	0.490076
0.000153613	0.472365
0.000166413	0.459023
0.000179213	0.447612
0.000192013	0.437463
0.000204813	0.427774
0.000230413	0.402364
0.000256013	0.385159
0.000281613	0.371978
0.000307213	0.360609
0.000332813	0.349442
0.000358413	0.335909
0.000384013	0.325343
0.000409613	0.318351
0.000460813	0.300302
0.000512013	0.284897
0.000563213	0.269543
0.000614413	0.261272
0.000665613	0.248766
0.000716813	0.236597
0.000768013	0.231748
0.000819213	0.224668
0.000921613	0.208305
0.00102401	0.196174
0.00112641	0.18581
0.00122881	0.172099
0.00133121	0.163469
0.00143361	0.150777
0.00153601	0.142124
0.00163841	0.131785
0.00184321	0.115943
0.00204801	0.103236
0.00225281	0.0968794
0.00245761	0.0880975
0.00266241	0.0760706
0.00286721	0.0658521
0.00307201	0.0583352
0.00327681	0.0508739
0.00368641	0.039707
0.00409601	0.0269175
0.00450561	0.0172251
0.00491521	0.0153116
0.00532481	0.0108356
0.00573441	0.0119695
0.00614401	0.00784462
0.00655361	0.00706862
0.00737281	0.00753309
0.00819201	0.00605126
0.00901121	-0.0005393
0.00983041	-0.000294817
0.0106496	-0.00366782
0.0114688	-0.00482355
0.012288	-0.00534619
0.0131072	-0.00311784
0.0147456	-0.0031614
0.016384	-0.00411232
0.0180224	-0.00380582
0.0196608	-0.00511912
0.0212992	0.00209257
0.0229376	0.00345324
0.024576	0.00477237
0.0262144	0.00487958
0.0294912	0.000881612
0.032768	-0.00160173
0.0360448	-0.000218926
0.0393216	0.00181783
0.0425984	0.00375241
0.0458752	0.00203527
0.049152	0.00047585
0.0524288	0.000425991
0.0589824	-0.00320694
0.065536	-0.0050761
0.0720896	0.00104764
0.0786432	-0.00346024
0.0851968	-0.00230243
0.0917504	0.00222986
0.098304	-0.00503395
0.104858	0.00394367
0.117965	-0.00086432
0.131072	2.24923E-05
0.144179	-0.0018686
0.157286	-0.00089537
0.170394	-0.00460497
0.183501	0.00379973
0.196608	0.00155003
0.209715	0.00117317
0.23593	-0.00055463
0.262144	-0.00361821
0.288358	0.000346966
0.314573	0.00239052
0.340787	0.00346436
0.367002	-0.000687576
0.393216	0.00127612
0.41943	0.000183585
0.471859	0.00207126
0.524288	0.00083243
0.576717	-0.00193247
0.629146	-0.00236305
0.681574	-0.00393228
0.734003	-0.00350701
0.786432	-0.00118978
0.838861	-0.00132833
0.943718	-0.00306359
1.04858	-0.00777381
1.15343	-0.00691768
1.25829	-0.00638294
1.36315	-0.00723889
1.46801	-0.00799093
1.57286	-0.00744403
1.67772	-0.005316
1.88744	-0.00886561
2.09715	-0.00721188
2.30687	-0.00803292
2.51658	-0.00645004
2.7263	-0.00778326
2.93601	-0.00631574
3.14573	-0.00810285
3.35544	-0.00906581
3.77487	-0.0104713
4.1943	-0.0090225
4.61373	-0.00566704
5.03316	-0.000633438
5.4526	0.000430691
5.87203	-0.000261399
6.29146	-0.00311184
6.71089	-0.000760333
7.54975	0.00250497
8.38861	-2.68255E-05
9.22747	-0.00491616
10.0663	-0.00517408
10.9052	-0.0174742
11.7441	-0.019059
12.5829	-0.0361793

Count Rate History (KHz)  CR CHA / CR CHB
0.000000	40.817261	38.013458
0.052429	41.427612	38.452148
0.104858	35.667419	31.738281
0.157286	40.321350	37.193298
0.209715	44.136047	41.084290
0.262144	36.773682	34.084320
0.314573	40.721893	38.032532
0.367002	35.667419	34.790039
0.419430	35.285950	31.414032
0.471859	43.506622	38.166046
0.524288	61.321259	53.844452
0.576717	36.506653	33.359528
0.629146	40.473938	37.155151
0.681574	43.449402	40.817261
0.734003	32.081604	30.803680
0.786432	44.059753	40.702820
0.838861	42.858124	38.623810
0.891290	57.621002	52.890778
0.943718	36.106110	34.923553
0.996147	49.877167	45.757294
1.048576	51.956177	48.465729
1.101005	34.141541	34.027100
1.153434	39.291382	34.923553
1.205862	39.367676	37.097931
1.258291	41.198730	38.166046
1.310720	40.359497	37.975311
1.363149	46.653748	42.476654
1.415578	30.651093	28.266907
1.468006	40.359497	37.364960
1.520435	27.599335	26.073456
1.572864	41.007996	37.307739
1.625293	29.525757	29.487610
1.677722	42.648315	41.007996
1.730150	40.245056	36.449432
1.782579	51.460266	47.588348
1.835008	44.746399	41.561127
1.887437	30.822754	29.792786
1.939866	39.901733	36.430359
1.992294	38.299561	36.602020
2.044723	41.790009	39.596558
2.097152	36.239624	33.702850
2.149581	40.016174	36.602020
2.202010	34.961700	32.787323
2.254438	44.250488	41.656494
2.306867	34.885406	33.283234
2.359296	38.776398	34.332275
2.411725	34.694672	32.329559
2.464154	34.294128	32.138824
2.516582	28.724670	26.035309
2.569011	43.144226	41.389465
2.621440	43.334961	38.909912
2.673869	45.185089	42.705536
2.726298	42.400360	40.321350
2.778726	37.879944	35.991669
2.831155	31.757355	29.525757
2.883584	32.653809	30.155182
2.936013	37.059784	33.111572
2.988442	37.136078	33.550262
3.040870	47.912598	46.977997
3.093299	32.920837	31.356812
3.145728	30.746460	30.059814
3.198157	52.909851	48.503876
3.250586	32.100677	30.212402
3.303014	42.648315	39.653778
3.355443	36.125183	35.991669
3.407872	35.533905	32.806396
3.460301	35.686493	33.855438
3.512730	48.942566	43.678284
3.565158	43.201447	40.149689
3.617587	44.002533	41.580200
3.670016	37.078857	32.348633
3.722445	37.174225	32.882690
3.774874	37.994385	33.760071
3.827302	45.852661	44.536591
3.879731	35.171509	32.329559
3.932160	36.487579	34.313202
3.984589	37.746429	34.065247
4.037018	40.092468	36.334991
4.089446	41.961670	36.869049
4.141875	35.018921	33.054352
4.194304	30.384064	28.381348
4.246733	36.106110	32.386780
4.299162	41.484833	38.318634
4.351590	36.334991	33.321381
4.404019	47.721863	43.544769
4.456448	28.400421	26.073456
4.508877	28.572083	26.149750
4.561306	38.566589	35.438538
4.613734	35.839081	33.473969
4.666163	44.708252	40.645599
4.718592	36.449432	33.130646
4.771021	33.931732	30.422211
4.823450	29.945374	29.335022
4.875878	32.997131	30.689240
4.928307	32.386780	30.059814
4.980736	30.326843	28.457642
5.033165	36.144257	32.691956
5.085594	33.683777	32.081604
5.138022	36.888123	31.948090
5.190451	30.746460	28.495789
5.242880	53.081512	47.016144
5.295309	35.476685	32.081604
5.347738	34.980774	30.498505
5.400166	46.558380	42.152405
5.452595	36.048889	33.226013
5.505024	41.198730	37.517548
5.557453	42.171478	38.852692
5.609882	33.454895	31.909943
5.662310	43.830872	41.732788
5.714739	40.264130	39.043427
5.767168	39.405823	35.839081
5.819597	33.817291	30.422211
5.872026	37.899017	35.781860
5.924454	50.868988	48.122406
5.976883	32.062531	29.811859
6.029312	44.193268	41.713715
6.081741	40.569305	37.822723
6.134170	36.849976	34.942627
6.186598	38.795471	37.593842
6.239027	51.231384	46.806335
6.291456	35.209656	34.217834
6.343885	28.324127	25.939941
6.396314	38.108826	36.010742
6.448742	42.343140	39.539337
6.501171	42.915344	39.043427
6.553600	33.550262	30.975342
6.606029	36.449432	34.523010
6.658458	38.967133	36.354065
6.710886	48.580170	43.888092
6.763315	43.983459	39.405823
6.815744	33.321381	30.250549
6.868173	32.882690	30.651093
6.920602	33.683777	31.814575
6.973030	30.975342	28.877258
7.025459	38.032532	35.514832
7.077888	36.106110	33.569336
7.130317	38.013458	34.370422
7.182746	40.779114	38.642883
7.235174	31.566620	27.847290
7.287603	48.274994	44.002533
7.340032	40.321350	37.612915
7.392461	45.394897	41.141510
7.444890	36.087036	30.040741
7.497318	34.885406	32.176971
7.549747	46.482086	41.828156
7.602176	33.149719	30.879974
7.654605	39.043427	36.621094
7.707034	35.037994	33.397675
7.759462	38.414001	34.809113
7.811891	40.435791	37.841797
7.864320	37.822723	33.226013
7.916749	48.217773	46.005249
7.969178	38.700104	36.220551
8.021606	33.378601	30.574799
8.074035	39.329529	35.324097
8.126464	35.934448	34.217834
8.178893	45.547485	41.923523
8.231322	38.471222	36.792755
8.283750	41.980743	38.318634
8.336179	45.394897	41.542053
8.388608	61.931610	54.817200
8.441037	34.389496	30.994415
8.493466	37.174225	34.751892
8.545894	45.051575	39.901733
8.598323	34.599304	31.833649
8.650752	33.092499	28.839111
8.703181	42.591095	39.539337
8.755610	36.334991	34.465790
8.808038	46.787262	44.517517
8.860467	40.206909	39.730072
8.912896	40.626526	38.013458
8.965325	31.986237	31.089783
9.017754	41.465759	37.441254
9.070182	34.828186	32.176971
9.122611	52.185059	46.310425
9.175040	33.454895	33.683777
9.227469	40.073395	37.212372
9.279898	43.487549	40.473938
9.332326	35.858154	32.119751
9.384755	29.220581	27.008057
9.437184	40.531158	38.318634
9.489613	38.833618	37.307739
9.542042	40.493011	37.631989
9.594470	28.648376	27.770996
9.646899	35.324097	32.901764
9.699328	55.065155	52.833557
9.751757	46.634674	41.790009
9.804186	35.686493	31.852722
9.856614	45.661926	40.588379
9.909043	29.888153	28.896332
9.961472	31.147003	28.400421
10.013901	41.713715	35.362244
10.066330	46.443939	45.185089
10.118758	43.544769	42.476654
10.171187	49.819946	46.272278
10.223616	45.871735	44.345856
10.276045	32.062531	31.127930
10.328474	40.588379	37.193298
10.380902	41.809082	36.926270
10.433331	37.918091	36.029816
10.485760	42.095184	38.623810
10.538189	37.097931	34.809113
10.590618	49.209595	46.329498
10.643046	31.242371	29.850006
10.695475	39.539337	37.555695
10.747904	36.010742	33.435822
10.800333	35.629272	32.005310
10.852762	33.607483	30.574799
10.905190	36.697388	33.512115
10.957619	31.757355	30.155182
11.010048	40.283203	38.890839
11.062477	41.179657	37.345886
11.114906	35.800934	30.612946
11.167334	33.111572	31.547546
11.219763	33.016205	29.449463
11.272192	42.552948	40.416718
11.324621	47.016144	42.839050
11.377050	43.716431	39.234161
11.429478	34.980774	31.070709
11.481907	37.975311	33.397675
11.534336	48.313141	44.689178
11.586765	42.457581	39.863586
11.639194	34.904480	33.206940
11.691622	35.495758	33.359528
11.744051	39.100647	37.326813
11.796480	40.454865	38.795471
11.848909	40.569305	37.765503
11.901338	35.228729	31.871796
11.953766	31.147003	28.324127
12.006195	35.839081	33.340454
12.058624	38.127899	34.255981
12.111053	30.460358	29.983521
12.163482	44.860840	38.986206
12.215910	35.419464	32.081604
12.268339	55.160522	51.136017
12.320768	37.307739	37.326813
12.373197	38.185120	36.373138
12.425626	35.057068	34.351349
12.478054	42.324066	42.037964
12.530483	41.027069	40.607452
12.582912	36.563873	36.048889
12.635341	39.291382	39.730072
12.687770	36.067963	32.558441
12.740198	44.059753	42.457581
12.792627	44.784546	40.302277
12.845056	34.503937	33.359528
12.897485	44.708252	39.291382
12.949914	38.642883	36.563873
13.002342	40.416718	37.117004
13.054771	38.986206	34.980774
13.107200	41.847229	38.928986
13.159629	44.021606	39.501190
13.212058	35.591125	33.912659
13.264486	30.918121	30.117035
13.316915	36.296844	33.588409
13.369344	37.498474	34.160614
13.421773	42.610168	39.463043
13.474202	32.577515	29.697418
13.526630	42.762756	38.890839
13.579059	33.493042	32.749176
13.631488	27.866364	27.370453
13.683917	32.539368	30.097961
13.736346	46.558380	42.819977
13.788774	39.463043	35.133362
13.841203	30.288696	29.258728
13.893632	41.084290	37.269592
13.946061	31.948090	29.659271
13.998490	34.141541	31.509399
14.050918	39.310455	33.740997
14.103347	39.844513	36.525726
14.155776	31.929016	30.193329
14.208205	29.602051	24.948120
14.260634	34.465790	30.822754
14.313062	41.542053	38.928986
14.365491	32.005310	28.190613
