3/3/2026	11:35 AM
Pseudo Cross Correlation
Scattering angle:	85.00
Duration (s):	15
Wavelength (nm):	660.0
Refractive index:	1.330
Viscosity (mPas):	0.999
Temperature (K):	293.2
Laser intensity (mW):	84.000000
Average Count rate  A (kHz):	30.1
Average Count rate  B (kHz):	27.9
Intercept:	0.8109
Cumulant 1st	19.1737
Cumulant 2nd	13.3272	13.3652
Cumulant 3rd	12.3648	14.6705

Lag time (s)         g2-1
1.25E-08	0.919216
2.5E-08	0.919216
3.75E-08	0.89328
5E-08	0.828442
6.25E-08	0.770087
7.5E-08	0.873829
8.75E-08	0.854377
1E-07	0.906248
1.125E-07	0.562605
1.25E-07	0.75712
1.375E-07	0.847893
1.5E-07	0.783055
1.625E-07	0.633927
1.75E-07	0.867345
1.875E-07	0.9257
2E-07	0.873829
2.125E-07	0.737668
2.375E-07	0.844652
2.625E-07	0.831684
2.875E-07	0.831684
3.125E-07	0.890038
3.375E-07	0.773329
3.625E-07	0.744152
3.875E-07	0.663104
4.125E-07	0.77495
4.625E-07	0.820337
5.125E-07	0.703628
5.625E-07	0.714975
6.125E-07	0.745773
6.625E-07	0.864103
7.125E-07	0.862482
7.625E-07	0.721459
8.125E-07	0.857619
9.125E-07	0.813043
1.0125E-06	0.834926
1.1125E-06	0.807369
1.2125E-06	0.79116
1.3125E-06	0.798454
1.4125E-06	0.831684
1.5125E-06	0.807369
1.6125E-06	0.816285
1.8125E-06	0.823579
2.0125E-06	0.825605
2.2125E-06	0.787513
2.4125E-06	0.785892
2.6125E-06	0.783055
2.8125E-06	0.762793
3.0125E-06	0.834521
3.2125E-06	0.790755
3.6125E-06	0.801088
4.0125E-06	0.756309
4.4125E-06	0.759349
4.8125E-06	0.780016
5.2125E-06	0.803925
5.6125E-06	0.768669
6.0125E-06	0.774748
6.4125E-06	0.764617
7.2125E-06	0.746482
8.0125E-06	0.734122
8.8125E-06	0.742936
9.6125E-06	0.746178
1.04125E-05	0.75175
1.12125E-05	0.724802
1.20125E-05	0.714975
1.28125E-05	0.719888
1.44125E-05	0.713151
1.60125E-05	0.688431
1.76125E-05	0.692383
1.92125E-05	0.677135
2.08125E-05	0.66665
2.24125E-05	0.655151
2.40125E-05	0.65039
2.56125E-05	0.651605
2.88125E-05	0.617742
3.20125E-05	0.605513
3.52125E-05	0.594723
3.84125E-05	0.580489
4.16125E-05	0.564913
4.48125E-05	0.550425
4.80125E-05	0.533279
5.12125E-05	0.522489
5.76125E-05	0.507064
6.40125E-05	0.480483
7.04125E-05	0.471504
7.68125E-05	0.447038
8.32125E-05	0.433567
8.96125E-05	0.418244
9.60125E-05	0.413267
0.000102413	0.397538
0.000115213	0.378099
0.000128013	0.356355
0.000140813	0.352784
0.000153613	0.329546
0.000166413	0.322615
0.000179213	0.310518
0.000192013	0.30071
0.000204813	0.295719
0.000230413	0.282595
0.000256013	0.266759
0.000281613	0.256231
0.000307213	0.245635
0.000332813	0.239169
0.000358413	0.232732
0.000384013	0.221815
0.000409613	0.214227
0.000460813	0.199107
0.000512013	0.185567
0.000563213	0.175419
0.000614413	0.163855
0.000665613	0.153847
0.000716813	0.141075
0.000768013	0.13517
0.000819213	0.126023
0.000921613	0.109164
0.00102401	0.0991188
0.00112641	0.0888495
0.00122881	0.0804792
0.00133121	0.0698053
0.00143361	0.0663967
0.00153601	0.0591321
0.00163841	0.0540633
0.00184321	0.0456985
0.00204801	0.037846
0.00225281	0.026405
0.00245761	0.0230088
0.00266241	0.0202588
0.00286721	0.0167958
0.00307201	0.0137133
0.00327681	0.0101083
0.00368641	0.010548
0.00409601	0.00660769
0.00450561	0.00659651
0.00491521	0.0031019
0.00532481	0.00233245
0.00573441	0.000629233
0.00614401	0.00339275
0.00655361	0.0018527
0.00737281	-0.00210312
0.00819201	-0.00477739
0.00901121	-0.00225392
0.00983041	-0.00125706
0.0106496	-0.0020687
0.0114688	-0.0018918
0.012288	0.00166305
0.0131072	0.00289981
0.0147456	0.00381299
0.016384	-0.00119118
0.0180224	-0.000121378
0.0196608	-2.56238E-05
0.0212992	-0.00256194
0.0229376	5.99039E-05
0.024576	-0.00229435
0.0262144	-0.00110979
0.0294912	-0.000150485
0.032768	0.00244345
0.0360448	0.00363417
0.0393216	-0.00295799
0.0425984	-0.000795439
0.0458752	0.00480776
0.049152	0.00438466
0.0524288	0.00291607
0.0589824	0.0025724
0.065536	-0.000362552
0.0720896	0.000173406
0.0786432	-0.00128811
0.0851968	-0.0012813
0.0917504	0.00288849
0.098304	-0.00331897
0.104858	-0.00091471
0.117965	-0.00240093
0.131072	0.0026246
0.144179	-9.46636E-05
0.157286	-0.000113001
0.170394	0.00374327
0.183501	0.00117149
0.196608	0.00260542
0.209715	0.00165409
0.23593	0.00215553
0.262144	0.00409424
0.288358	0.00201604
0.314573	0.00310606
0.340787	0.00340161
0.367002	0.000966419
0.393216	0.00187952
0.41943	0.00230681
0.471859	-9.21088E-05
0.524288	0.00256352
0.576717	0.00380134
0.629146	0.00462752
0.681574	0.00331828
0.734003	0.00192267
0.786432	0.0038819
0.838861	0.00255617
0.943718	0.00291245
1.04858	0.00102312
1.15343	0.00178937
1.25829	0.00340443
1.36315	0.00302827
1.46801	0.00359172
1.57286	0.00351851
1.67772	0.00329993
1.88744	0.00421765
2.09715	0.00477031
2.30687	0.00344423
2.51658	0.0037131
2.7263	0.00503326
2.93601	0.00254531
3.14573	0.000538682
3.35544	0.00224686
3.77487	0.00274578
4.1943	0.00323653
4.61373	0.00383713
5.03316	0.00726967
5.4526	0.0104113
5.87203	0.00975325
6.29146	0.0110199
6.71089	0.0104598
7.54975	0.00845482
8.38861	0.00731283
9.22747	0.00769194
10.0663	0.00938078
10.9052	0.0089517
11.7441	0.0238653
12.5829	0.0250341

Count Rate History (KHz)  CR CHA / CR CHB
0.000000	27.675629	25.978088
0.052429	28.247833	26.588440
0.104858	21.419525	21.724701
0.157286	26.092529	23.117065
0.209715	30.460358	27.275085
0.262144	32.615662	29.354095
0.314573	30.956268	29.239655
0.367002	29.468536	28.781891
0.419430	27.599335	23.193359
0.471859	26.149750	23.040771
0.524288	27.942657	25.501251
0.576717	29.582977	25.672913
0.629146	30.555725	26.111603
0.681574	36.220551	32.787323
0.734003	28.591156	27.256012
0.786432	36.506653	32.787323
0.838861	33.302307	32.482147
0.891290	28.705597	26.359558
0.943718	30.078888	27.103424
0.996147	32.997131	29.239655
1.048576	26.798248	24.070740
1.101005	32.615662	30.498505
1.153434	28.762817	27.675629
1.205862	26.111603	23.326874
1.258291	25.672913	23.136139
1.310720	34.637451	31.986237
1.363149	30.841827	27.999878
1.415578	26.493073	24.700165
1.468006	22.621155	21.247864
1.520435	31.795502	28.572083
1.572864	33.016205	30.803680
1.625293	26.454926	24.318695
1.677722	29.945374	28.839111
1.730150	34.103394	31.242371
1.782579	26.893616	25.939941
1.835008	28.839111	27.046204
1.887437	31.204224	30.670166
1.939866	29.506683	28.667450
1.992294	24.223328	22.468567
2.044723	31.223297	28.438568
2.097152	34.523010	32.558441
2.149581	34.465790	31.013489
2.202010	27.275085	23.841858
2.254438	30.059814	27.103424
2.306867	34.008026	29.335022
2.359296	31.566620	30.460358
2.411725	28.076172	26.187897
2.464154	33.130646	29.544830
2.516582	34.961700	31.566620
2.569011	29.392242	30.059814
2.621440	25.806427	22.792816
2.673869	24.070740	23.288727
2.726298	37.555695	35.572052
2.778726	34.275055	33.130646
2.831155	27.332306	26.187897
2.883584	28.991699	25.615692
2.936013	32.196045	29.640198
2.988442	31.909943	28.972626
3.040870	35.800934	35.362244
3.093299	34.694672	30.651093
3.145728	34.675598	31.852722
3.198157	26.149750	24.509430
3.250586	27.618408	24.166107
3.303014	27.389526	26.016235
3.355443	31.108856	27.351379
3.407872	30.002594	29.029846
3.460301	27.523041	25.997162
3.512730	27.179718	23.250580
3.565158	28.991699	27.446747
3.617587	27.313232	25.367737
3.670016	33.206940	28.820038
3.722445	34.160614	32.672882
3.774874	26.836395	25.787354
3.827302	28.591156	27.046204
3.879731	30.288696	28.285980
3.932160	27.503967	26.340485
3.984589	28.057098	26.435852
4.037018	32.863617	31.013489
4.089446	34.160614	29.754639
4.141875	27.217865	26.302338
4.194304	30.479431	27.809143
4.246733	32.234192	30.002594
4.299162	26.988983	27.751923
4.351590	31.967163	29.850006
4.404019	30.574799	27.542114
4.456448	24.299622	24.127960
4.508877	27.160645	26.073456
4.561306	30.345917	27.084351
4.613734	29.048920	28.762817
4.666163	28.839111	27.446747
4.718592	23.975372	24.051666
4.771021	26.130676	22.430420
4.823450	25.558472	22.125244
4.875878	27.828217	27.065277
4.928307	28.514862	26.149750
4.980736	31.833649	28.705597
5.033165	24.986267	24.375916
5.085594	27.465820	25.482178
5.138022	29.983521	27.732849
5.190451	30.536652	27.580261
5.242880	28.247833	25.405884
5.295309	32.253265	30.364990
5.347738	24.929047	23.212433
5.400166	29.659271	26.283264
5.452595	34.790039	32.615662
5.505024	32.844543	30.708313
5.557453	27.847290	27.523041
5.609882	30.078888	27.561188
5.662310	26.359558	23.612976
5.714739	28.171539	26.817322
5.767168	36.182404	33.569336
5.819597	29.506683	27.503967
5.872026	28.152466	26.073456
5.924454	36.869049	34.770966
5.976883	26.779175	26.187897
6.029312	26.073456	24.852753
6.081741	28.438568	26.493073
6.134170	33.855438	30.345917
6.186598	26.054382	24.509430
6.239027	31.719208	28.095245
6.291456	32.081604	28.057098
6.343885	33.893585	30.479431
6.396314	30.193329	28.228760
6.448742	28.228760	27.103424
6.501171	31.223297	29.487610
6.553600	26.454926	25.215149
6.606029	32.386780	31.185150
6.658458	26.454926	26.130676
6.710886	35.533905	32.806396
6.763315	36.182404	32.768250
6.815744	29.926300	28.171539
6.868173	28.171539	27.828217
6.920602	32.424927	30.078888
6.973030	31.280518	28.514862
7.025459	34.980774	32.444000
7.077888	34.294128	30.727386
7.130317	27.217865	26.512146
7.182746	28.591156	24.700165
7.235174	29.296875	26.969910
7.287603	31.528473	30.803680
7.340032	29.525757	26.130676
7.392461	34.313202	30.021667
7.444890	28.324127	25.215149
7.497318	25.310516	23.651123
7.549747	35.953522	32.234192
7.602176	31.032562	29.716492
7.654605	28.572083	25.520325
7.707034	27.828217	26.111603
7.759462	27.904510	25.177002
7.811891	26.683807	24.051666
7.864320	32.653809	29.582977
7.916749	26.664734	24.414063
7.969178	37.059784	35.457611
8.021606	27.236938	25.806427
8.074035	27.122498	25.062561
8.126464	32.825470	31.318665
8.178893	38.776398	36.811829
8.231322	31.661987	27.427673
8.283750	26.607513	24.604797
8.336179	31.890869	29.430389
8.388608	33.798218	30.899048
8.441037	27.942657	25.691986
8.493466	28.820038	24.299622
8.545894	32.196045	29.239655
8.598323	25.939941	24.452209
8.650752	26.988983	25.691986
8.703181	33.111572	31.127930
8.755610	30.422211	27.217865
8.808038	28.476715	26.359558
8.860467	28.972626	26.340485
8.912896	27.999878	26.092529
8.965325	44.479370	42.781830
9.017754	28.877258	27.732849
9.070182	27.732849	27.294159
9.122611	33.550262	29.716492
9.175040	28.991699	25.062561
9.227469	27.828217	25.253296
9.279898	31.032562	28.209686
9.332326	27.313232	26.168823
9.384755	36.544800	33.588409
9.437184	31.433105	29.182434
9.489613	32.196045	30.078888
9.542042	29.640198	28.553009
9.594470	30.956268	28.533936
9.646899	33.245087	29.811859
9.699328	31.318665	28.362274
9.751757	26.111603	24.414063
9.804186	32.997131	33.035278
9.856614	27.828217	25.482178
9.909043	24.452209	25.119781
9.961472	29.487610	25.577545
10.013901	28.400421	25.978088
10.066330	27.790070	24.967194
10.118758	29.449463	27.179718
10.171187	27.523041	25.081635
10.223616	34.103394	30.841827
10.276045	29.602051	26.283264
10.328474	31.833649	31.013489
10.380902	38.909912	34.770966
10.433331	35.476685	31.528473
10.485760	30.632019	28.095245
10.538189	29.029846	28.419495
10.590618	25.291443	24.528503
10.643046	28.533936	25.310516
10.695475	33.111572	32.367706
10.747904	28.800964	27.122498
10.800333	33.206940	30.746460
10.852762	24.719238	22.659302
10.905190	27.942657	25.463104
10.957619	25.100708	23.422241
11.010048	31.967163	31.242371
11.062477	36.602020	34.980774
11.114906	33.340454	33.283234
11.167334	27.084351	24.089813
11.219763	25.310516	25.157928
11.272192	26.931763	24.814606
11.324621	30.994415	29.659271
11.377050	28.190613	26.073456
11.429478	30.174255	27.332306
11.481907	27.465820	25.234222
11.534336	25.939941	24.337769
11.586765	25.444031	24.356842
11.639194	25.997162	23.841858
11.691622	28.457642	26.206970
11.744051	30.307770	28.476715
11.796480	27.484894	25.596619
11.848909	28.610229	27.046204
11.901338	28.343201	25.863647
11.953766	33.130646	28.781891
12.006195	27.256012	25.596619
12.058624	23.460388	22.716522
12.111053	35.514832	32.920837
12.163482	34.847260	31.070709
12.215910	30.212402	29.468536
12.268339	34.103394	33.206940
12.320768	33.645630	29.029846
12.373197	35.648346	31.585693
12.425626	36.334991	31.700134
12.478054	31.204224	26.721954
12.530483	28.667450	26.683807
12.582912	26.550293	24.433136
12.635341	30.403137	27.103424
12.687770	27.332306	25.672913
12.740198	36.640167	35.495758
12.792627	28.991699	26.149750
12.845056	33.912659	29.411316
12.897485	34.294128	31.375885
12.949914	29.506683	29.144287
13.002342	31.223297	30.269623
13.054771	30.593872	27.675629
13.107200	28.400421	25.920868
13.159629	39.558411	37.040710
13.212058	29.067993	25.901794
13.264486	30.498505	28.152466
13.316915	34.999847	31.948090
13.369344	36.296844	33.473969
13.421773	32.348633	29.277802
13.474202	26.321411	24.566650
13.526630	37.441254	34.828186
13.579059	27.217865	25.978088
13.631488	33.664703	31.814575
13.683917	30.765533	28.419495
13.736346	24.509430	23.746490
13.788774	32.653809	29.659271
13.841203	28.266907	24.700165
13.893632	29.067993	27.542114
13.946061	30.822754	29.125214
13.998490	26.721954	24.948120
14.050918	36.010742	33.760071
14.103347	24.166107	23.860931
14.155776	25.424957	23.250580
14.208205	33.340454	30.632019
14.260634	28.362274	26.950836
14.313062	33.206940	29.354095
14.365491	32.329559	28.877258
14.417920	25.691986	24.852753
14.470349	24.642944	25.062561
14.522778	31.185150	27.332306
14.575206	34.656525	33.359528
14.627635	30.212402	27.561188
