3/3/2026	11:7 AM
Pseudo Cross Correlation
Scattering angle:	27.99
Duration (s):	15
Wavelength (nm):	660.0
Refractive index:	1.330
Viscosity (mPas):	1.002
Temperature (K):	293.2
Laser intensity (mW):	84.000000
Average Count rate  A (kHz):	110.0
Average Count rate  B (kHz):	100.9
Intercept:	0.8839
Cumulant 1st	57.6546
Cumulant 2nd	35.9695	34.9914
Cumulant 3rd	25.9559	34.2246

Lag time (s)         g2-1
1.25E-08	0.870903
2.5E-08	0.908193
3.75E-08	0.844407
5E-08	0.865996
6.25E-08	0.915062
7.5E-08	0.910156
8.75E-08	0.93518
1E-07	0.92782
1.125E-07	0.844897
1.25E-07	0.888567
1.375E-07	0.879244
1.5E-07	0.871884
1.625E-07	0.898871
1.75E-07	0.910156
1.875E-07	0.907212
2E-07	0.823799
2.125E-07	0.854711
2.375E-07	0.867223
2.625E-07	0.900833
2.875E-07	0.843916
3.125E-07	0.870412
3.375E-07	0.889548
3.625E-07	0.907948
3.875E-07	0.898871
4.125E-07	0.892247
4.625E-07	0.878876
5.125E-07	0.880103
5.625E-07	0.881084
6.125E-07	0.889425
6.625E-07	0.90942
7.125E-07	0.867468
7.625E-07	0.901692
8.125E-07	0.882249
9.125E-07	0.890039
1.0125E-06	0.886481
1.1125E-06	0.890407
1.2125E-06	0.896479
1.3125E-06	0.892983
1.4125E-06	0.876913
1.5125E-06	0.89102
1.6125E-06	0.891081
1.8125E-06	0.877711
2.0125E-06	0.887309
2.2125E-06	0.899422
2.4125E-06	0.900833
2.6125E-06	0.90482
2.8125E-06	0.874337
3.0125E-06	0.891664
3.2125E-06	0.889502
3.6125E-06	0.879321
4.0125E-06	0.888674
4.4125E-06	0.884519
4.8125E-06	0.887202
5.2125E-06	0.894255
5.6125E-06	0.901032
6.0125E-06	0.887156
6.4125E-06	0.88862
7.2125E-06	0.887263
8.0125E-06	0.88576
8.8125E-06	0.879773
9.6125E-06	0.886788
1.04125E-05	0.883184
1.12125E-05	0.883989
1.20125E-05	0.877741
1.28125E-05	0.881919
1.44125E-05	0.879037
1.60125E-05	0.881459
1.76125E-05	0.879244
1.92125E-05	0.873869
2.08125E-05	0.87451
2.24125E-05	0.869749
2.40125E-05	0.880325
2.56125E-05	0.870224
2.88125E-05	0.871044
3.20125E-05	0.867493
3.52125E-05	0.868884
3.84125E-05	0.861997
4.16125E-05	0.86111
4.48125E-05	0.860455
4.80125E-05	0.859935
5.12125E-05	0.854392
5.76125E-05	0.846979
6.40125E-05	0.844404
7.04125E-05	0.840047
7.68125E-05	0.837248
8.32125E-05	0.83134
8.96125E-05	0.828864
9.60125E-05	0.824393
0.000102413	0.821501
0.000115213	0.811122
0.000128013	0.804465
0.000140813	0.798222
0.000153613	0.792071
0.000166413	0.785152
0.000179213	0.777674
0.000192013	0.773542
0.000204813	0.766059
0.000230413	0.753666
0.000256013	0.741348
0.000281613	0.730815
0.000307213	0.720533
0.000332813	0.711187
0.000358413	0.700608
0.000384013	0.69336
0.000409613	0.685008
0.000460813	0.666953
0.000512013	0.651762
0.000563213	0.638071
0.000614413	0.626369
0.000665613	0.614019
0.000716813	0.603515
0.000768013	0.593999
0.000819213	0.584052
0.000921613	0.567073
0.00102401	0.55182
0.00112641	0.539149
0.00122881	0.52901
0.00133121	0.518989
0.00143361	0.50943
0.00153601	0.50174
0.00163841	0.493301
0.00184321	0.479016
0.00204801	0.466254
0.00225281	0.453248
0.00245761	0.440491
0.00266241	0.429227
0.00286721	0.419174
0.00307201	0.40932
0.00327681	0.400616
0.00368641	0.383953
0.00409601	0.366758
0.00450561	0.348203
0.00491521	0.330628
0.00532481	0.315791
0.00573441	0.301203
0.00614401	0.288921
0.00655361	0.277862
0.00737281	0.256195
0.00819201	0.236562
0.00901121	0.220869
0.00983041	0.201597
0.0106496	0.185165
0.0114688	0.169336
0.012288	0.1575
0.0131072	0.146556
0.0147456	0.121772
0.016384	0.0971954
0.0180224	0.0795079
0.0196608	0.0600565
0.0212992	0.0504954
0.0229376	0.035366
0.024576	0.0238872
0.0262144	0.0209025
0.0294912	0.0210201
0.032768	0.0169526
0.0360448	0.0122654
0.0393216	0.0087087
0.0425984	0.00685001
0.0458752	-0.00306681
0.049152	-0.0104233
0.0524288	-0.00880234
0.0589824	-0.0174183
0.065536	-0.0181796
0.0720896	-0.0210101
0.0786432	-0.00951086
0.0851968	-0.00123814
0.0917504	0.0166009
0.098304	0.0222165
0.104858	0.0200013
0.117965	0.00245467
0.131072	0.00222895
0.144179	-0.00121344
0.157286	0.006762
0.170394	0.00521012
0.183501	0.00589991
0.196608	0.0105068
0.209715	0.00315863
0.23593	-0.00455137
0.262144	-0.00874102
0.288358	0.00941252
0.314573	0.0021035
0.340787	0.0391963
0.367002	0.039814
0.393216	0.0177004
0.41943	0.00635171
0.471859	0.000601502
0.524288	0.00243941
0.576717	0.00882591
0.629146	0.0143452
0.681574	0.0188265
0.734003	0.0178234
0.786432	-0.0046829
0.838861	0.00815048
0.943718	0.0164397
1.04858	0.0347123
1.15343	0.0146543
1.25829	0.0279433
1.36315	0.0321212
1.46801	0.0164371
1.57286	0.0264439
1.67772	0.0222579
1.88744	0.0280215
2.09715	0.0317734
2.30687	0.0348826
2.51658	0.0346871
2.7263	0.0330999
2.93601	0.031178
3.14573	0.0478417
3.35544	0.0418408
3.77487	0.040562
4.1943	0.0488625
4.61373	0.0617048
5.03316	0.0488313
5.4526	0.0467494
5.87203	0.048199
6.29146	0.0560534
6.71089	0.060298
7.54975	0.0750175
8.38861	0.085501
9.22747	0.109669
10.0663	0.102644
10.9052	0.0905197
11.7441	0.0837219
12.5829	0.0695155

Count Rate History (KHz)  CR CHA / CR CHB
0.000000	128.479004	119.304657
0.052429	138.053894	126.152039
0.104858	59.738159	52.776337
0.157286	110.797882	100.669861
0.209715	54.836273	50.945282
0.262144	95.348358	89.397430
0.314573	118.064880	111.980438
0.367002	80.490112	72.822571
0.419430	52.909851	50.773621
0.471859	72.326660	67.176819
0.524288	84.514618	79.898834
0.576717	68.283081	63.056946
0.629146	127.620697	114.231110
0.681574	69.561005	66.089630
0.734003	86.498260	78.792572
0.786432	99.201202	94.604492
0.838861	60.348511	55.980682
0.891290	94.337463	87.165833
0.943718	69.980621	64.849854
0.996147	76.217651	66.242218
1.048576	93.669891	83.065033
1.101005	68.225861	63.991547
1.153434	128.040314	115.756989
1.205862	65.326691	58.307648
1.258291	54.740906	49.495697
1.310720	99.620819	93.803406
1.363149	151.424408	136.795044
1.415578	82.550049	77.648163
1.468006	69.446564	61.397552
1.520435	61.969757	58.422089
1.572864	146.789551	138.664246
1.625293	74.691772	67.100525
1.677722	149.078369	133.953094
1.730150	141.582489	129.451752
1.782579	109.386444	98.648071
1.835008	89.588165	79.479218
1.887437	94.013214	84.609985
1.939866	67.920685	63.457489
1.992294	105.438232	101.509094
2.044723	110.664368	101.146698
2.097152	128.459930	118.503571
2.149581	124.607086	117.588043
2.202010	56.591034	54.340363
2.254438	113.582611	102.729797
2.306867	68.378448	61.264038
2.359296	121.669769	113.353729
2.411725	142.364502	132.961273
2.464154	54.073334	47.645569
2.516582	63.304901	57.506561
2.569011	86.917877	80.013275
2.621440	114.688873	106.945038
2.673869	94.337463	86.688995
2.726298	83.465576	76.084137
2.778726	259.990692	238.075256
2.831155	54.664612	50.773621
2.883584	101.108551	94.203949
2.936013	127.811432	115.680695
2.988442	114.536285	101.661682
3.040870	85.086823	77.743530
3.093299	114.650726	103.626251
3.145728	49.934387	46.730042
3.198157	52.814484	48.332214
3.250586	110.301971	102.005005
3.303014	126.609802	117.874146
3.355443	83.751678	76.293945
3.407872	67.634583	58.479309
3.460301	88.138580	82.569122
3.512730	89.683533	84.323883
3.565158	51.708221	48.046112
3.617587	83.160400	75.149536
3.670016	95.233917	87.757111
3.722445	87.509155	81.233978
3.774874	122.699738	111.846924
3.827302	124.340057	111.885071
3.879731	98.381042	87.337494
3.932160	81.462860	74.920654
3.984589	126.953125	119.323730
4.037018	92.964172	87.242126
4.089446	93.727112	86.460114
4.141875	172.538757	159.053802
4.194304	53.844452	49.724579
4.246733	116.539001	106.410980
4.299162	77.285767	70.037842
4.351590	71.086884	66.623688
4.404019	51.422119	46.958923
4.456448	184.745789	171.394348
4.508877	137.004852	125.980377
4.561306	50.182343	44.631958
4.613734	74.176788	65.670013
4.666163	113.983154	105.400085
4.718592	60.405731	54.836273
4.771021	79.555511	71.945190
4.823450	337.924957	301.723480
4.875878	151.271820	134.601593
4.928307	126.228333	113.773346
4.980736	207.557678	192.489624
5.033165	136.909485	123.901367
5.085594	121.688843	109.024048
5.138022	93.574524	88.939667
5.190451	135.498047	121.841431
5.242880	53.119659	46.844482
5.295309	156.097412	140.705109
5.347738	143.928528	132.350922
5.400166	196.495056	183.830261
5.452595	123.329163	112.266541
5.505024	86.593628	79.021454
5.557453	88.443756	82.988739
5.609882	53.863525	50.277710
5.662310	82.683563	76.217651
5.714739	107.402802	95.043182
5.767168	117.607117	107.154846
5.819597	124.168396	113.143921
5.872026	83.236694	77.362061
5.924454	114.879608	108.318329
5.976883	107.784271	99.067688
6.029312	94.203949	84.438324
6.081741	96.645355	86.746216
6.134170	94.776154	88.691711
6.186598	101.108551	94.432831
6.239027	106.163025	98.285675
6.291456	84.400177	76.961517
6.343885	134.239197	120.410919
6.396314	153.865814	140.857697
6.448742	120.487213	114.898682
6.501171	81.405640	75.206757
6.553600	68.645477	66.146851
6.606029	80.890656	73.871613
6.658458	136.165619	122.127533
6.710886	104.064941	91.629028
6.763315	128.021240	117.225647
6.815744	105.838776	98.247528
6.868173	75.149536	68.206787
6.920602	85.029602	75.721741
6.973030	80.223083	74.520111
7.025459	77.629089	69.713593
7.077888	70.323944	64.125061
7.130317	73.127747	68.264008
7.182746	128.078461	119.743347
7.235174	148.639679	134.143829
7.287603	147.991180	131.130219
7.340032	100.383759	93.822479
7.392461	133.018494	119.495392
7.444890	117.530823	107.841492
7.497318	84.953308	76.675415
7.549747	170.669556	153.236389
7.602176	73.547363	68.359375
7.654605	118.217468	110.626221
7.707034	45.471191	41.427612
7.759462	63.724518	60.043335
7.811891	98.972321	92.754364
7.864320	74.214935	67.653656
7.916749	88.443756	81.138611
7.969178	103.073120	93.631744
8.021606	67.577362	64.525604
8.074035	116.825104	108.947754
8.126464	144.977570	131.587982
8.178893	108.852386	100.860596
8.231322	194.988251	180.892944
8.283750	90.122223	82.054138
8.336179	132.217407	120.658875
8.388608	187.263489	178.794861
8.441037	83.389282	76.694489
8.493466	96.645355	91.228485
8.545894	81.844330	71.334839
8.598323	70.056915	66.032410
8.650752	63.705444	60.176849
8.703181	61.798096	58.708191
8.755610	69.274902	62.923431
8.808038	92.048645	82.550049
8.860467	157.203674	145.645142
8.912896	82.492828	76.332092
8.965325	188.522339	173.187256
9.017754	65.116882	57.563782
9.070182	97.160339	89.244843
9.122611	88.062286	81.405640
9.175040	125.045776	115.032196
9.227469	123.157501	112.495422
9.279898	63.953400	59.852600
9.332326	207.805634	191.802979
9.384755	183.601379	168.209076
9.437184	108.737946	97.866058
9.489613	133.075714	122.394562
9.542042	87.451935	79.784393
9.594470	117.797852	108.966827
9.646899	102.863312	95.329285
9.699328	213.966370	194.778442
9.751757	143.051147	131.168365
9.804186	128.211975	118.465424
9.856614	62.274933	57.487488
9.909043	101.032257	92.067719
9.961472	102.176666	97.255707
10.013901	118.236542	105.495453
10.066330	187.015533	173.091888
10.118758	128.784180	115.165710
10.171187	84.171295	76.160431
10.223616	107.746124	101.299286
10.276045	124.549866	111.637115
10.328474	53.539276	48.122406
10.380902	102.653503	95.958710
10.433331	188.522339	168.952942
10.485760	96.817017	93.727112
10.538189	148.258209	137.844086
10.590618	63.552856	60.272217
10.643046	60.253143	54.931641
10.695475	103.416443	93.441010
10.747904	137.138367	122.871399
10.800333	115.489960	106.010437
10.852762	312.976837	287.685394
10.905190	62.141418	57.392120
10.957619	124.797821	114.154816
11.010048	123.634338	113.983154
11.062477	186.405182	168.876648
11.114906	69.770813	65.250397
11.167334	68.454742	65.078735
11.219763	151.309967	131.797791
11.272192	75.550079	68.855286
11.324621	95.481873	90.579987
11.377050	89.035034	82.416534
11.429478	192.222595	177.555084
11.481907	234.851837	215.892792
11.534336	64.620972	61.969757
11.586765	150.432587	140.800476
11.639194	111.598969	102.272034
11.691622	154.953003	142.517090
11.744051	208.797455	192.279816
11.796480	88.272095	80.509186
11.848909	130.958557	114.593506
11.901338	58.670044	53.653717
11.953766	77.037811	73.146820
12.006195	99.124908	87.814331
12.058624	142.631531	133.762360
12.111053	232.257843	215.091705
12.163482	80.718994	76.828003
12.215910	73.184967	69.084167
12.268339	104.808807	95.157623
12.320768	86.688995	78.945160
12.373197	109.558105	100.193024
12.425626	127.239227	116.081238
12.478054	131.340027	122.947693
12.530483	180.702209	163.574219
12.582912	101.203918	93.727112
12.635341	60.119629	56.552887
12.687770	131.378174	115.356445
12.740198	189.533234	172.348022
12.792627	188.922882	171.661377
12.845056	130.805969	120.983124
12.897485	57.353973	51.727295
12.949914	195.770264	179.405212
13.002342	84.438324	79.879761
13.054771	94.718933	88.424683
13.107200	149.517059	139.427185
13.159629	120.162964	107.154846
13.212058	111.484528	99.411011
13.264486	49.896240	45.623779
13.316915	75.340271	70.037842
13.369344	82.530975	72.650909
13.421773	162.563324	148.563385
13.474202	50.468445	46.634674
13.526630	78.430176	71.086884
13.579059	51.193237	48.942566
13.631488	97.026825	86.574554
13.683917	135.517120	125.904083
13.736346	124.073029	113.258362
13.788774	144.577026	131.015778
13.841203	106.410980	95.863342
13.893632	152.015686	139.045715
13.946061	194.282532	179.595947
13.998490	188.522339	172.023773
14.050918	84.743500	75.511932
14.103347	115.413666	108.299255
14.155776	132.350922	122.509003
14.208205	111.808777	100.917816
14.260634	121.479034	111.408234
14.313062	105.953217	98.571777
14.365491	270.175934	248.203278
14.417920	105.705261	99.105835
14.470349	176.925659	163.593292
14.522778	111.026764	100.460052
14.575206	100.822449	92.124939
14.627635	111.198425	99.620819
