3/3/2026	11:18 AM
Pseudo Cross Correlation
Scattering angle:	48.01
Duration (s):	15
Wavelength (nm):	660.0
Refractive index:	1.330
Viscosity (mPas):	0.999
Temperature (K):	293.1
Laser intensity (mW):	84.000000
Average Count rate  A (kHz):	50.4
Average Count rate  B (kHz):	46.5
Intercept:	0.8644
Cumulant 1st	27.3482
Cumulant 2nd	17.9243	17.8724
Cumulant 3rd	14.8521	19.1203

Lag time (s)         g2-1
1.25E-08	0.914794
2.5E-08	0.758581
3.75E-08	0.919528
5E-08	0.928995
6.25E-08	0.810652
7.5E-08	0.841421
8.75E-08	0.850889
1E-07	0.850889
1.125E-07	0.888759
1.25E-07	0.898226
1.375E-07	0.817753
1.5E-07	0.831954
1.625E-07	0.848522
1.75E-07	0.926628
1.875E-07	0.822486
2E-07	0.815386
2.125E-07	0.852072
2.375E-07	0.824853
2.625E-07	0.900593
2.875E-07	0.884025
3.125E-07	0.82722
3.375E-07	0.866273
3.625E-07	0.91006
3.875E-07	0.894676
4.125E-07	0.895859
4.625E-07	0.831954
5.125E-07	0.90651
5.625E-07	0.88225
6.125E-07	0.888167
6.625E-07	0.871007
7.125E-07	0.90296
7.625E-07	0.839646
8.125E-07	0.886392
9.125E-07	0.84793
1.0125E-06	0.911244
1.1125E-06	0.847042
1.2125E-06	0.899409
1.3125E-06	0.899114
1.4125E-06	0.882545
1.5125E-06	0.845859
1.6125E-06	0.86006
1.8125E-06	0.832989
2.0125E-06	0.852368
2.2125E-06	0.835356
2.4125E-06	0.834321
2.6125E-06	0.864794
2.8125E-06	0.843048
3.0125E-06	0.869232
3.2125E-06	0.857324
3.6125E-06	0.85185
4.0125E-06	0.842383
4.4125E-06	0.845711
4.8125E-06	0.828551
5.2125E-06	0.866569
5.6125E-06	0.850593
6.0125E-06	0.838906
6.4125E-06	0.837871
7.2125E-06	0.846155
8.0125E-06	0.840349
8.8125E-06	0.830031
9.6125E-06	0.838573
1.04125E-05	0.844823
1.12125E-05	0.829846
1.20125E-05	0.840866
1.28125E-05	0.840959
1.44125E-05	0.827053
1.60125E-05	0.827553
1.76125E-05	0.816495
1.92125E-05	0.822301
2.08125E-05	0.80124
2.24125E-05	0.80222
2.40125E-05	0.797153
2.56125E-05	0.789784
2.88125E-05	0.787251
3.20125E-05	0.785707
3.52125E-05	0.774464
3.84125E-05	0.764029
4.16125E-05	0.75837
4.48125E-05	0.756142
4.80125E-05	0.747969
5.12125E-05	0.737917
5.76125E-05	0.728764
6.40125E-05	0.713846
7.04125E-05	0.701868
7.68125E-05	0.692257
8.32125E-05	0.683141
8.96125E-05	0.668898
9.60125E-05	0.665625
0.000102413	0.653763
0.000115213	0.633337
0.000128013	0.618065
0.000140813	0.604035
0.000153613	0.586974
0.000166413	0.576378
0.000179213	0.564643
0.000192013	0.550812
0.000204813	0.537435
0.000230413	0.515827
0.000256013	0.496683
0.000281613	0.482382
0.000307213	0.465245
0.000332813	0.454302
0.000358413	0.439912
0.000384013	0.4303
0.000409613	0.420786
0.000460813	0.400171
0.000512013	0.385755
0.000563213	0.373169
0.000614413	0.361828
0.000665613	0.347221
0.000716813	0.338919
0.000768013	0.329089
0.000819213	0.320484
0.000921613	0.304481
0.00102401	0.288193
0.00112641	0.272626
0.00122881	0.256856
0.00133121	0.246344
0.00143361	0.233008
0.00153601	0.222358
0.00163841	0.215656
0.00184321	0.200421
0.00204801	0.183923
0.00225281	0.166775
0.00245761	0.152562
0.00266241	0.138887
0.00286721	0.125352
0.00307201	0.114741
0.00327681	0.10693
0.00368641	0.0908886
0.00409601	0.0791497
0.00450561	0.066785
0.00491521	0.0560889
0.00532481	0.0457729
0.00573441	0.0372033
0.00614401	0.0327018
0.00655361	0.0304916
0.00737281	0.0203517
0.00819201	0.0103913
0.00901121	0.00639816
0.00983041	-0.00144797
0.0106496	0.00335019
0.0114688	0.0067907
0.012288	0.00309085
0.0131072	0.00478128
0.0147456	0.00883576
0.016384	0.0165418
0.0180224	0.0144216
0.0196608	0.00770032
0.0212992	0.00953173
0.0229376	0.0108247
0.024576	0.00968274
0.0262144	0.00254347
0.0294912	0.00169179
0.032768	0.0031659
0.0360448	-0.00476086
0.0393216	-0.00747573
0.0425984	-0.000130134
0.0458752	0.00696351
0.049152	-0.00375369
0.0524288	-0.000371193
0.0589824	0.00488509
0.065536	-0.00579339
0.0720896	0.00655578
0.0786432	0.00862508
0.0851968	0.0040373
0.0917504	0.00578309
0.098304	-0.00185347
0.104858	-0.00392512
0.117965	0.00484321
0.131072	0.00524496
0.144179	-0.00395086
0.157286	-0.000410821
0.170394	-0.00316516
0.183501	0.00846684
0.196608	0.00467504
0.209715	0.00283716
0.23593	-0.00860697
0.262144	-0.00282027
0.288358	-0.00297237
0.314573	0.000177703
0.340787	0.00746745
0.367002	-0.000840405
0.393216	0.00278588
0.41943	0.00266678
0.471859	0.0046182
0.524288	-0.00231701
0.576717	0.00222818
0.629146	0.00340974
0.681574	-0.00258283
0.734003	0.00556554
0.786432	0.00319837
0.838861	0.0046762
0.943718	0.00762072
1.04858	0.00222067
1.15343	0.00472603
1.25829	0.01185
1.36315	0.00809987
1.46801	0.00502129
1.57286	0.00434577
1.67772	0.00720092
1.88744	0.00628196
2.09715	0.00471627
2.30687	0.00548846
2.51658	0.00809568
2.7263	0.00574671
2.93601	0.0113554
3.14573	0.0105349
3.35544	0.011317
3.77487	0.00748192
4.1943	0.0105711
4.61373	0.0101817
5.03316	0.00942085
5.4526	0.0128631
5.87203	0.0148608
6.29146	0.0124141
6.71089	0.0163486
7.54975	0.0113507
8.38861	0.0232658
9.22747	0.0346441
10.0663	0.0321529
10.9052	0.023123
11.7441	0.0267634
12.5829	0.0565617

Count Rate History (KHz)  CR CHA / CR CHB
0.000000	58.574677	54.397583
0.052429	35.247803	33.397675
0.104858	54.779053	49.571991
0.157286	49.209595	42.304993
0.209715	58.879852	53.882599
0.262144	46.215057	40.359497
0.314573	42.972565	41.179657
0.367002	39.997101	37.441254
0.419430	43.182373	38.223267
0.471859	46.577454	42.457581
0.524288	54.340363	50.239563
0.576717	42.781830	40.473938
0.629146	59.013367	53.501129
0.681574	35.133362	32.920837
0.734003	44.975281	40.721893
0.786432	37.288666	34.828186
0.838861	49.781799	45.185089
0.891290	47.874451	42.896271
0.943718	42.209625	39.710999
0.996147	42.285919	40.187836
1.048576	43.792725	39.978027
1.101005	47.054291	45.433044
1.153434	41.751862	38.223267
1.205862	46.977997	43.582916
1.258291	45.642853	42.476654
1.310720	39.043427	38.433075
1.363149	72.994232	67.501068
1.415578	58.288574	52.642822
1.468006	62.980652	56.762695
1.520435	48.961639	43.544769
1.572864	48.942566	45.681000
1.625293	38.833618	36.735535
1.677722	54.798126	50.735474
1.730150	57.544708	53.958893
1.782579	57.506561	54.359436
1.835008	55.389404	48.503876
1.887437	55.637360	50.487518
1.939866	52.490234	49.476624
1.992294	49.667358	47.206879
2.044723	49.610138	44.631958
2.097152	49.400330	45.623779
2.149581	45.642853	42.266846
2.202010	42.858124	41.618347
2.254438	50.716400	44.193268
2.306867	46.424866	43.087006
2.359296	46.844482	43.811798
2.411725	50.640106	45.433044
2.464154	42.552948	38.146973
2.516582	39.901733	36.201477
2.569011	50.640106	47.073364
2.621440	58.383942	51.364899
2.673869	57.144165	52.280426
2.726298	46.920776	42.266846
2.778726	57.888031	51.021576
2.831155	46.119690	42.190552
2.883584	45.356750	41.465759
2.936013	32.768250	30.193329
2.988442	56.915283	53.386688
3.040870	56.343079	53.062439
3.093299	61.779022	57.754517
3.145728	55.084229	51.574707
3.198157	45.986176	42.858124
3.250586	46.977997	43.392181
3.303014	49.552917	44.040680
3.355443	48.351288	42.858124
3.407872	50.735474	47.245026
3.460301	57.086945	53.539276
3.512730	68.893433	64.754486
3.565158	59.051514	54.092407
3.617587	37.040710	32.863617
3.670016	46.138763	43.067932
3.722445	48.961639	45.871735
3.774874	39.501190	35.285950
3.827302	35.057068	32.634735
3.879731	67.787170	59.661865
3.932160	65.746307	58.059692
3.984589	42.991638	39.291382
4.037018	50.601959	48.389435
4.089446	54.206848	53.386688
4.141875	38.375854	36.945343
4.194304	42.304993	40.740967
4.246733	44.803619	40.225983
4.299162	44.193268	40.168762
4.351590	54.931641	48.866272
4.404019	41.904449	37.651062
4.456448	53.138733	51.937103
4.508877	64.258575	60.291290
4.561306	46.234131	40.855408
4.613734	35.305023	31.719208
4.666163	33.264160	30.345917
4.718592	60.577393	56.018829
4.771021	45.471191	44.059753
4.823450	67.367554	58.879852
4.875878	52.509308	47.206879
4.928307	68.798065	63.419342
4.980736	54.512024	47.988892
5.033165	36.315918	35.076141
5.085594	56.171417	51.040649
5.138022	57.849884	53.997040
5.190451	47.550201	44.612885
5.242880	46.520233	43.087006
5.295309	35.209656	34.084320
5.347738	50.640106	48.179626
5.400166	51.441193	46.615601
5.452595	54.779053	47.016144
5.505024	43.125153	39.558411
5.557453	53.520203	48.046112
5.609882	56.324005	52.852631
5.662310	40.950775	39.749146
5.714739	42.648315	39.424896
5.767168	51.326752	48.198700
5.819597	51.937103	49.476624
5.872026	42.762756	40.779114
5.924454	65.307617	62.084198
5.976883	37.193298	37.269592
6.029312	39.901733	36.792755
6.081741	60.806274	55.332184
6.134170	47.302246	44.574738
6.186598	53.157806	47.569275
6.239027	68.454742	64.773560
6.291456	47.397614	44.155121
6.343885	59.204102	53.424835
6.396314	45.337677	43.926239
6.448742	49.476624	46.329498
6.501171	40.531158	37.364960
6.553600	50.354004	43.201447
6.606029	40.512085	36.792755
6.658458	54.397583	51.307678
6.710886	59.852600	55.332184
6.763315	42.018890	38.032532
6.815744	62.789917	58.708191
6.868173	40.588379	37.651062
6.920602	65.879822	60.691833
6.973030	68.244934	62.446594
7.025459	70.934296	66.852570
7.077888	86.193085	78.907013
7.130317	40.569305	39.215088
7.182746	42.381287	41.580200
7.235174	53.749084	48.904419
7.287603	51.078796	44.326782
7.340032	44.155121	38.547516
7.392461	45.986176	43.811798
7.444890	37.136078	34.084320
7.497318	43.754578	39.081573
7.549747	42.781830	39.939880
7.602176	50.239563	47.645569
7.654605	40.531158	39.253235
7.707034	37.899017	36.392212
7.759462	55.656433	50.048828
7.811891	40.302277	38.032532
7.864320	33.683777	31.528473
7.916749	47.416687	42.343140
7.969178	58.727264	57.201385
8.021606	47.626495	44.593811
8.074035	39.844513	34.427643
8.126464	53.253174	50.315857
8.178893	64.430237	58.422089
8.231322	47.912598	43.640137
8.283750	36.983490	34.179688
8.336179	45.166016	42.400360
8.388608	49.190521	47.168732
8.441037	43.449402	38.204193
8.493466	50.048828	45.299530
8.545894	39.482117	36.792755
8.598323	46.367645	41.217804
8.650752	52.661896	46.672821
8.703181	62.255859	55.217743
8.755610	49.781799	44.918060
8.808038	64.773560	59.776306
8.860467	42.972565	40.893555
8.912896	35.591125	34.103394
8.965325	42.629242	37.631989
9.017754	51.078796	44.975281
9.070182	35.133362	33.073425
9.122611	48.522949	47.607422
9.175040	55.732727	51.689148
9.227469	47.473907	44.536591
9.279898	53.844452	48.503876
9.332326	36.907196	35.648346
9.384755	67.291260	61.359406
9.437184	42.304993	38.242340
9.489613	61.359406	54.969788
9.542042	65.402985	56.819916
9.594470	45.509338	42.705536
9.646899	50.697327	46.691895
9.699328	55.427551	50.621033
9.751757	34.732819	32.863617
9.804186	38.452148	37.002563
9.856614	64.067841	56.724548
9.909043	69.332123	63.705444
9.961472	59.528351	55.580139
10.013901	58.002472	52.967072
10.066330	78.296661	72.078705
10.118758	52.986145	48.313141
10.171187	43.811798	39.463043
10.223616	43.392181	42.419434
10.276045	67.234039	61.244965
10.328474	76.198578	68.798065
10.380902	44.269562	42.915344
10.433331	50.659180	49.743652
10.485760	55.389404	50.659180
10.538189	35.953522	32.901764
10.590618	70.018768	66.261292
10.643046	55.713654	51.574707
10.695475	44.765472	40.798187
10.747904	36.735535	33.340454
10.800333	64.735413	60.882568
10.852762	40.130615	37.364960
10.905190	51.002502	46.367645
10.957619	65.135956	58.269501
11.010048	40.626526	37.250519
11.062477	57.201385	54.149628
11.114906	34.694672	31.585693
11.167334	54.378510	48.694611
11.219763	66.852570	60.977936
11.272192	57.888031	53.062439
11.324621	35.419464	33.340454
11.377050	59.890747	53.482056
11.429478	40.512085	39.577484
11.481907	33.340454	30.574799
11.534336	53.043365	49.343109
11.586765	44.460297	41.904449
11.639194	41.255951	36.506653
11.691622	83.656311	76.999664
11.744051	42.800903	39.634705
11.796480	60.043335	57.010651
11.848909	58.326721	54.512024
11.901338	34.675598	31.948090
11.953766	38.108826	35.343170
12.006195	40.683746	38.566589
12.058624	40.245056	36.144257
12.111053	48.236847	46.024323
12.163482	77.495575	73.280334
12.215910	48.675537	45.413971
12.268339	53.920746	51.918030
12.320768	47.340393	42.800903
12.373197	36.849976	35.381317
12.425626	43.067932	39.558411
12.478054	32.558441	30.803680
12.530483	66.337585	58.670044
12.582912	51.116943	46.825409
12.635341	62.465668	54.912567
12.687770	35.457611	32.711029
12.740198	50.735474	47.264099
12.792627	66.680908	62.217712
12.845056	66.585541	59.490204
12.897485	82.759857	75.340271
12.949914	70.343018	65.689087
13.002342	46.100616	41.179657
13.054771	57.754517	54.798126
13.107200	82.969666	75.950623
13.159629	44.193268	39.005280
13.212058	47.931671	45.013428
13.264486	48.961639	43.869019
13.316915	36.544800	35.343170
13.369344	44.002533	38.585663
13.421773	52.452087	47.016144
13.474202	41.580200	39.215088
13.526630	55.656433	50.754547
13.579059	47.874451	44.689178
13.631488	45.719147	42.896271
13.683917	60.195923	55.961609
13.736346	61.492920	55.065155
13.788774	52.700043	48.122406
13.841203	60.691833	57.315826
13.893632	54.149628	48.370361
13.946061	42.705536	38.223267
13.998490	39.100647	33.645630
14.050918	53.367615	50.373077
14.103347	64.353943	63.495636
14.155776	47.550201	43.277740
14.208205	41.007996	36.640167
14.260634	55.675507	50.735474
14.313062	41.980743	38.719177
14.365491	49.171448	45.814514
