3/3/2026	11:32 AM
Pseudo Cross Correlation
Scattering angle:	80.00
Duration (s):	15
Wavelength (nm):	660.0
Refractive index:	1.330
Viscosity (mPas):	0.999
Temperature (K):	293.2
Laser intensity (mW):	84.000000
Average Count rate  A (kHz):	30.4
Average Count rate  B (kHz):	28.2
Intercept:	0.8029
Cumulant 1st	19.1730
Cumulant 2nd	13.5524	12.7592
Cumulant 3rd	12.2621	14.1314

Lag time (s)         g2-1
1.25E-08	0.776264
2.5E-08	0.960893
3.75E-08	0.909961
5E-08	0.859029
6.25E-08	0.808096
7.5E-08	0.744431
8.75E-08	0.738065
1E-07	0.776264
1.125E-07	0.941794
1.25E-07	0.725331
1.375E-07	0.687132
1.5E-07	0.814463
1.625E-07	0.757164
1.75E-07	0.909961
1.875E-07	0.78263
2E-07	0.648933
2.125E-07	0.706232
2.375E-07	0.578901
2.625E-07	0.795363
2.875E-07	0.709415
3.125E-07	0.855845
3.375E-07	0.849479
3.625E-07	0.906778
3.875E-07	0.830379
4.125E-07	0.825604
4.625E-07	0.779447
5.125E-07	0.699865
5.625E-07	0.835154
6.125E-07	0.828788
6.625E-07	0.809688
7.125E-07	0.86062
7.625E-07	0.804913
8.125E-07	0.791384
9.125E-07	0.799342
1.0125E-06	0.797751
1.1125E-06	0.799342
1.2125E-06	0.847887
1.3125E-06	0.812076
1.4125E-06	0.750798
1.5125E-06	0.793772
1.6125E-06	0.80929
1.8125E-06	0.806505
2.0125E-06	0.78462
2.2125E-06	0.814463
2.4125E-06	0.85306
2.6125E-06	0.807301
2.8125E-06	0.787007
3.0125E-06	0.779447
3.2125E-06	0.790389
3.6125E-06	0.757164
4.0125E-06	0.809091
4.4125E-06	0.796358
4.8125E-06	0.767112
5.2125E-06	0.76751
5.6125E-06	0.769897
6.0125E-06	0.750997
6.4125E-06	0.758855
7.2125E-06	0.760148
8.0125E-06	0.753185
8.8125E-06	0.758557
9.6125E-06	0.728117
1.04125E-05	0.745326
1.12125E-05	0.740551
1.20125E-05	0.722347
1.28125E-05	0.708669
1.44125E-05	0.728763
1.60125E-05	0.690713
1.76125E-05	0.701755
1.92125E-05	0.669475
2.08125E-05	0.679771
2.24125E-05	0.676339
2.40125E-05	0.646147
2.56125E-05	0.637269
2.88125E-05	0.622124
3.20125E-05	0.605884
3.52125E-05	0.601308
3.84125E-05	0.589126
4.16125E-05	0.579476
4.48125E-05	0.551722
4.80125E-05	0.550354
5.12125E-05	0.529601
5.76125E-05	0.510091
6.40125E-05	0.48823
7.04125E-05	0.476355
7.68125E-05	0.459394
8.32125E-05	0.446748
8.96125E-05	0.422662
9.60125E-05	0.417888
0.000102413	0.400879
0.000115213	0.380368
0.000128013	0.367542
0.000140813	0.348598
0.000153613	0.336275
0.000166413	0.320197
0.000179213	0.308629
0.000192013	0.301902
0.000204813	0.292846
0.000230413	0.276839
0.000256013	0.261851
0.000281613	0.249864
0.000307213	0.236105
0.000332813	0.228812
0.000358413	0.219855
0.000384013	0.210825
0.000409613	0.205082
0.000460813	0.189923
0.000512013	0.179452
0.000563213	0.168492
0.000614413	0.157939
0.000665613	0.149026
0.000716813	0.137925
0.000768013	0.130448
0.000819213	0.123274
0.000921613	0.111031
0.00102401	0.101426
0.00112641	0.0935687
0.00122881	0.084597
0.00133121	0.0767427
0.00143361	0.0693328
0.00153601	0.0638013
0.00163841	0.0576175
0.00184321	0.0457019
0.00204801	0.0416594
0.00225281	0.0319249
0.00245761	0.0242931
0.00266241	0.01911
0.00286721	0.0138597
0.00307201	0.0168856
0.00327681	0.0148736
0.00368641	0.00881385
0.00409601	0.00713857
0.00450561	0.00659629
0.00491521	0.00258359
0.00532481	0.00205553
0.00573441	-0.000314107
0.00614401	-0.00101649
0.00655361	-0.00104332
0.00737281	-0.0017589
0.00819201	-0.000531949
0.00901121	0.0031759
0.00983041	0.000899435
0.0106496	0.00105599
0.0114688	0.000424686
0.012288	0.00264584
0.0131072	0.00105981
0.0147456	-0.000347059
0.016384	-0.00379069
0.0180224	-0.00167109
0.0196608	-0.000776956
0.0212992	-0.00173245
0.0229376	-0.00401462
0.024576	-0.00108628
0.0262144	-0.00307363
0.0294912	-0.00169882
0.032768	-0.0044778
0.0360448	0.00140864
0.0393216	0.00328685
0.0425984	0.00447231
0.0458752	0.00116719
0.049152	0.00523032
0.0524288	0.0042842
0.0589824	0.00276663
0.065536	0.00374562
0.0720896	-0.0028075
0.0786432	-0.00095576
0.0851968	0.000375314
0.0917504	0.00218003
0.098304	0.00246107
0.104858	0.00390977
0.117965	0.00208694
0.131072	0.000782165
0.144179	0.000894536
0.157286	0.00260247
0.170394	0.0018849
0.183501	0.00170757
0.196608	0.00446749
0.209715	0.00437671
0.23593	-0.000457161
0.262144	0.0019998
0.288358	0.000650497
0.314573	0.00192532
0.340787	0.00298371
0.367002	0.00300892
0.393216	0.00368469
0.41943	0.00345433
0.471859	0.00327228
0.524288	0.00273023
0.576717	0.0031302
0.629146	0.00125879
0.681574	0.00218386
0.734003	0.00343596
0.786432	0.00256246
0.838861	0.00269237
0.943718	0.00262142
1.04858	0.00241004
1.15343	0.00101709
1.25829	0.000459233
1.36315	0.000890997
1.46801	0.00115636
1.57286	0.000545491
1.67772	0.000949263
1.88744	-0.000238778
2.09715	-0.000719485
2.30687	-0.0014866
2.51658	-0.00117595
2.7263	-0.00452495
2.93601	-0.00630902
3.14573	-0.00651744
3.35544	-0.0066862
3.77487	-0.00872678
4.1943	-0.00690696
4.61373	-0.00698037
5.03316	-0.00591221
5.4526	-0.00854657
5.87203	-0.00371342
6.29146	-0.0014413
6.71089	0.00390255
7.54975	0.00810641
8.38861	0.0132305
9.22747	0.0168201
10.0663	0.0083393
10.9052	0.00796182
11.7441	-0.00315131
12.5829	0.00642098

Count Rate History (KHz)  CR CHA / CR CHB
0.000000	25.711060	22.621155
0.052429	29.678345	26.473999
0.104858	29.087067	27.637482
0.157286	27.904510	26.454926
0.209715	30.517578	28.133392
0.262144	29.106140	26.073456
0.314573	27.732849	26.073456
0.367002	28.495789	26.683807
0.419430	28.438568	24.337769
0.471859	29.544830	27.542114
0.524288	31.414032	29.716492
0.576717	31.890869	29.888153
0.629146	29.239655	25.539398
0.681574	30.422211	29.563904
0.734003	34.027100	32.444000
0.786432	29.373169	25.901794
0.838861	30.269623	27.027130
0.891290	30.841827	27.484894
0.943718	27.065277	24.547577
0.996147	35.877228	32.920837
1.048576	36.697388	35.305023
1.101005	32.634735	30.136108
1.153434	28.839111	26.283264
1.205862	38.681030	35.228729
1.258291	29.659271	27.980804
1.310720	30.918121	27.618408
1.363149	27.656555	24.528503
1.415578	28.381348	25.596619
1.468006	38.986206	35.305023
1.520435	32.520294	29.335022
1.572864	30.002594	29.144287
1.625293	30.517578	27.942657
1.677722	30.632019	29.830933
1.730150	29.010773	26.702881
1.782579	27.256012	24.509430
1.835008	34.179688	33.245087
1.887437	30.879974	28.533936
1.939866	30.422211	29.716492
1.992294	29.277802	26.741028
2.044723	33.760071	30.727386
2.097152	26.950836	24.948120
2.149581	27.904510	27.599335
2.202010	32.558441	30.040741
2.254438	30.193329	29.983521
2.306867	33.187866	30.231476
2.359296	30.937195	28.114319
2.411725	31.623840	29.602051
2.464154	34.847260	30.326843
2.516582	31.852722	29.296875
2.569011	33.359528	30.460358
2.621440	33.512115	31.147003
2.673869	35.953522	32.253265
2.726298	32.310486	30.536652
2.778726	35.896301	33.283234
2.831155	32.119751	29.125214
2.883584	34.656525	33.779144
2.936013	32.062531	31.242371
2.988442	31.986237	28.953552
3.040870	26.416779	24.356842
3.093299	27.103424	24.337769
3.145728	28.381348	25.520325
3.198157	32.501221	29.716492
3.250586	31.414032	27.961731
3.303014	34.465790	31.852722
3.355443	35.018921	32.310486
3.407872	28.743744	26.283264
3.460301	33.226013	30.212402
3.512730	29.106140	27.751923
3.565158	30.250549	28.438568
3.617587	29.144287	27.294159
3.670016	35.190582	34.198761
3.722445	27.275085	26.512146
3.774874	29.220581	27.027130
3.827302	30.117035	28.686523
3.879731	28.362274	26.245117
3.932160	27.427673	24.757385
3.984589	31.471252	27.790070
4.037018	31.299591	28.076172
4.089446	26.721954	23.860931
4.141875	32.405853	31.719208
4.194304	28.476715	27.370453
4.246733	27.732849	26.588440
4.299162	30.822754	28.228760
4.351590	30.670166	28.018951
4.404019	29.144287	26.607513
4.456448	27.637482	24.604797
4.508877	31.356812	28.209686
4.561306	32.100677	30.288696
4.613734	29.850006	29.258728
4.666163	26.588440	24.604797
4.718592	21.362305	20.904541
4.771021	35.667419	32.196045
4.823450	26.092529	25.920868
4.875878	36.411285	34.542084
4.928307	27.294159	25.253296
4.980736	27.484894	25.615692
5.033165	33.473969	29.182434
5.085594	38.433075	35.133362
5.138022	34.942627	32.157898
5.190451	30.498505	27.904510
5.242880	31.318665	28.877258
5.295309	28.514862	26.779175
5.347738	33.950806	30.803680
5.400166	25.787354	25.520325
5.452595	30.555725	25.959015
5.505024	27.179718	27.351379
5.557453	28.553009	27.103424
5.609882	25.768280	23.956299
5.662310	27.675629	26.493073
5.714739	28.667450	26.092529
5.767168	24.852753	23.822784
5.819597	26.168823	23.975372
5.872026	28.915405	26.569366
5.924454	26.931763	25.691986
5.976883	30.403137	27.179718
6.029312	29.582977	26.855469
6.081741	32.749176	30.517578
6.134170	27.008057	26.741028
6.186598	25.539398	24.185181
6.239027	31.089783	28.629303
6.291456	26.588440	24.280548
6.343885	28.991699	25.138855
6.396314	33.187866	30.689240
6.448742	28.533936	26.988983
6.501171	24.261475	21.533966
6.553600	24.394989	22.029877
6.606029	27.694702	25.672913
6.658458	29.201508	26.359558
6.710886	31.871796	29.754639
6.763315	25.825500	25.119781
6.815744	28.762817	28.705597
6.868173	33.302307	30.784607
6.920602	28.610229	27.084351
6.973030	28.247833	27.313232
7.025459	27.027130	25.634766
7.077888	31.700134	28.343201
7.130317	31.166077	29.335022
7.182746	26.321411	22.621155
7.235174	28.133392	25.882721
7.287603	28.152466	25.024414
7.340032	30.612946	28.572083
7.392461	26.931763	24.967194
7.444890	31.032562	29.067993
7.497318	30.765533	28.858185
7.549747	30.612946	30.021667
7.602176	28.858185	26.874542
7.654605	31.261444	29.582977
7.707034	30.460358	28.076172
7.759462	26.226044	24.433136
7.811891	24.204254	23.612976
7.864320	36.296844	34.542084
7.916749	23.670197	23.803711
7.969178	28.457642	27.122498
8.021606	33.206940	30.155182
8.074035	28.324127	26.035309
8.126464	30.422211	29.468536
8.178893	32.062531	29.621124
8.231322	27.847290	25.596619
8.283750	28.820038	28.228760
8.336179	25.119781	21.972656
8.388608	28.858185	28.514862
8.441037	33.092499	30.059814
8.493466	26.245117	25.844574
8.545894	33.359528	30.288696
8.598323	31.909943	31.528473
8.650752	24.585724	23.479462
8.703181	27.770996	24.833679
8.755610	29.506683	27.904510
8.808038	35.705566	32.997131
8.860467	28.877258	25.901794
8.912896	29.697418	27.809143
8.965325	29.754639	29.525757
9.017754	28.839111	27.484894
9.070182	30.384064	26.645660
9.122611	24.681091	22.983551
9.175040	32.005310	26.760101
9.227469	26.416779	24.452209
9.279898	32.939911	29.239655
9.332326	36.449432	34.427643
9.384755	35.438538	33.206940
9.437184	30.593872	29.716492
9.489613	34.027100	31.585693
9.542042	34.446716	30.803680
9.594470	30.937195	28.629303
9.646899	27.084351	25.558472
9.699328	32.291412	29.640198
9.751757	38.490295	35.705566
9.804186	31.375885	27.236938
9.856614	34.179688	29.983521
9.909043	36.334991	32.711029
9.961472	29.544830	27.942657
10.013901	29.754639	28.171539
10.066330	40.760040	38.318634
10.118758	28.953552	27.637482
10.171187	30.536652	29.277802
10.223616	28.572083	25.787354
10.276045	34.332275	31.452179
10.328474	29.945374	27.332306
10.380902	27.885437	25.997162
10.433331	28.362274	25.405884
10.485760	35.781860	32.138824
10.538189	25.177002	24.700165
10.590618	26.912689	24.452209
10.643046	34.160614	31.681061
10.695475	28.629303	26.493073
10.747904	28.781891	27.961731
10.800333	28.057098	25.215149
10.852762	31.948090	28.495789
10.905190	38.719177	34.465790
10.957619	32.596588	29.945374
11.010048	32.024384	28.648376
11.062477	30.250549	28.285980
11.114906	30.364990	28.800964
11.167334	31.013489	29.010773
11.219763	25.787354	24.566650
11.272192	30.193329	29.144287
11.324621	31.566620	30.536652
11.377050	36.296844	33.988953
11.429478	34.751892	33.836365
11.481907	30.536652	26.760101
11.534336	25.691986	23.899078
11.586765	25.138855	25.444031
11.639194	31.833649	29.678345
11.691622	37.231445	33.760071
11.744051	29.029846	28.915405
11.796480	32.596588	30.879974
11.848909	32.749176	29.869080
11.901338	25.672913	23.517609
11.953766	27.790070	26.817322
12.006195	27.599335	25.997162
12.058624	28.800964	25.386810
12.111053	32.157898	28.896332
12.163482	27.866364	23.880005
12.215910	30.994415	29.296875
12.268339	34.275055	31.509399
12.320768	24.185181	21.858215
12.373197	35.972595	33.130646
12.425626	27.313232	25.405884
12.478054	29.354095	28.781891
12.530483	26.969910	24.967194
12.582912	27.866364	25.806427
12.635341	32.081604	29.430389
12.687770	29.792786	28.171539
12.740198	29.430389	27.980804
12.792627	29.125214	27.027130
12.845056	32.501221	31.280518
12.897485	31.394958	28.610229
12.949914	27.847290	26.226044
13.002342	28.476715	26.607513
13.054771	31.452179	29.735565
13.107200	31.661987	28.572083
13.159629	29.201508	28.362274
13.212058	34.866333	32.939911
13.264486	26.226044	25.024414
13.316915	32.997131	29.716492
13.369344	33.893585	31.585693
13.421773	36.411285	34.770966
13.474202	28.152466	25.215149
13.526630	38.051605	35.076141
13.579059	32.711029	30.555725
13.631488	34.313202	31.414032
13.683917	23.841858	23.021698
13.736346	22.296906	21.839142
13.788774	29.106140	25.062561
13.841203	30.632019	28.285980
13.893632	30.155182	28.285980
13.946061	29.850006	26.435852
13.998490	32.043457	28.285980
14.050918	32.691956	30.784607
14.103347	29.163361	26.550293
14.155776	24.929047	24.127960
14.208205	31.471252	29.525757
14.260634	36.754608	33.512115
14.313062	29.067993	26.073456
14.365491	27.370453	25.424957
14.417920	34.008026	32.768250
14.470349	32.272339	29.067993
14.522778	31.547546	29.544830
14.575206	35.476685	32.272339
14.627635	32.596588	30.117035
